,Unnamed: 0,c1,c2,c3,c4,c5,c6,c7,c8,c9,c10,c11,c12,c13,c14,c15,c16,c17,c18,c19,c20,r1,r2,r3,r4,r5,r6,r7,r8,r9,r10,r11,r12,r13,r14,r15,r16,r17,r18,r19,r20,w1,w2,w3,w4,w5,w6,not_intercepted,nfe
0,0,-0.0439805221324651,-0.3026974110207028,0.120526711949247,-0.7114302729171276,0.7230560027263928,-0.0952134644977285,0.841913225335785,-0.1609413566400792,-0.6372054657680946,0.3848602485348487,-0.3930279209381366,0.7041601268672293,0.6803763358085742,0.5809942958508885,-0.7490227635020525,0.6711687080273188,-0.6637493351481838,0.0438035855766567,-0.0888346521021383,-0.5741261518434337,0.0791686347769696,0.1915645690209642,0.1066893380550094,0.9930299740597754,0.1902314234792349,0.0603910776082626,0.8845474619651513,0.0441809208180303,0.1137923678467542,0.6882931196529611,0.1492613022704182,0.1074470530681947,0.0193249414119607,0.2244262238360989,0.1305138365322549,0.2465342411518759,0.6963473655231969,0.6084420684714817,0.6747810557341818,0.0580015108077936,0.1785726409933681,0.6619451251436732,0.396307201313841,0.7642267158031264,0.495534290098216,0.1286134535020909,0.94,100
0,0,0.8515820727818987,-0.3102868188827299,0.2099817378739689,-0.8501418016187575,0.75109542303634,0.572417393540603,-0.1562753014805711,-0.1416366820533515,-0.7978997938316856,0.3236205791246425,-0.0227923545401725,0.6944368661843512,0.7955514680521634,0.5948481036603745,-0.0899149300929166,0.5596120727206025,-0.7235621864636764,0.0778979877221119,-0.0533651629058409,-0.6097181180560027,0.003937260618411,0.1318858764105538,0.0524213653614924,0.9976580474408536,0.1300963469072261,0.0005519856048086,0.88979340849376,0.0001008871605598,0.0658182907952454,0.7431892773264634,0.1404756509027517,0.1196879611296611,0.5211393899978968,0.2559991136314509,0.7483514103385929,0.194852546350827,0.4409087435961168,0.61706261130995,0.5933610877701182,0.5415672825524876,0.1470404581661109,0.1764306161875002,0.1477649907541243,0.4509541929948306,0.4720251678567828,0.137491966583931,0.77,10034
0,0,0.8515820727818987,-0.3102868188827299,0.2099817378739689,-0.8501418016187575,0.75109542303634,0.572417393540603,-0.1562753014805711,-0.1416366820533515,-0.7978997938316856,0.3236205791246425,-0.0227923545401725,0.6944368661843512,0.7955514680521634,0.5948481036603745,-0.0899149300929166,0.5596120727206025,-0.7235621864636764,0.0778979877221119,-0.0533651629058409,-0.6097181180560027,0.003937260618411,0.1318858764105538,0.0524213653614924,0.9976580474408536,0.1300963469072261,0.0005519856048086,0.88979340849376,0.0001008871605598,0.0658182907952454,0.7431892773264634,0.1404756509027517,0.1196879611296611,0.5211393899978968,0.2559991136314509,0.7483514103385929,0.194852546350827,0.4409087435961168,0.61706261130995,0.5933610877701182,0.5415672825524876,0.1470404581661109,0.1764306161875002,0.1477649907541243,0.4509541929948306,0.4720251678567828,0.137491966583931,0.77,10131
0,0,0.8515820727818987,-0.3102868188827299,0.2099817378739689,-0.8501418016187575,0.75109542303634,0.572417393540603,-0.1562753014805711,-0.1416366820533515,-0.7978997938316856,0.3236205791246425,-0.0227923545401725,0.6944368661843512,0.7955514680521634,0.5948481036603745,-0.0899149300929166,0.5596120727206025,-0.7235621864636764,0.0778979877221119,-0.0533651629058409,-0.6097181180560027,0.003937260618411,0.1318858764105538,0.0524213653614924,0.9976580474408536,0.1300963469072261,0.0005519856048086,0.88979340849376,0.0001008871605598,0.0658182907952454,0.7431892773264634,0.1404756509027517,0.1196879611296611,0.5211393899978968,0.2559991136314509,0.7483514103385929,0.194852546350827,0.4409087435961168,0.61706261130995,0.5933610877701182,0.5415672825524876,0.1470404581661109,0.1764306161875002,0.1477649907541243,0.4509541929948306,0.4720251678567828,0.137491966583931,0.77,10225
0,0,0.8515820727818987,-0.3102868188827299,0.2099817378739689,-0.8501418016187575,0.75109542303634,0.572417393540603,-0.1562753014805711,-0.1416366820533515,-0.7978997938316856,0.3236205791246425,-0.0227923545401725,0.6944368661843512,0.7955514680521634,0.5948481036603745,-0.0899149300929166,0.5596120727206025,-0.7235621864636764,0.0778979877221119,-0.0533651629058409,-0.6097181180560027,0.003937260618411,0.1318858764105538,0.0524213653614924,0.9976580474408536,0.1300963469072261,0.0005519856048086,0.88979340849376,0.0001008871605598,0.0658182907952454,0.7431892773264634,0.1404756509027517,0.1196879611296611,0.5211393899978968,0.2559991136314509,0.7483514103385929,0.194852546350827,0.4409087435961168,0.61706261130995,0.5933610877701182,0.5415672825524876,0.1470404581661109,0.1764306161875002,0.1477649907541243,0.4509541929948306,0.4720251678567828,0.137491966583931,0.77,10317
0,0,0.8515820727818987,-0.3102868188827299,0.2099817378739689,-0.8501418016187575,0.75109542303634,0.572417393540603,-0.1562753014805711,-0.1416366820533515,-0.7978997938316856,0.3236205791246425,-0.0227923545401725,0.6944368661843512,0.7955514680521634,0.5948481036603745,-0.0899149300929166,0.5596120727206025,-0.7235621864636764,0.0778979877221119,-0.0533651629058409,-0.6097181180560027,0.003937260618411,0.1318858764105538,0.0524213653614924,0.9976580474408536,0.1300963469072261,0.0005519856048086,0.88979340849376,0.0001008871605598,0.0658182907952454,0.7431892773264634,0.1404756509027517,0.1196879611296611,0.5211393899978968,0.2559991136314509,0.7483514103385929,0.194852546350827,0.4409087435961168,0.61706261130995,0.5933610877701182,0.5415672825524876,0.1470404581661109,0.1764306161875002,0.1477649907541243,0.4509541929948306,0.4720251678567828,0.137491966583931,0.77,10408
0,0,0.8515820727818987,-0.3102868188827299,0.2099817378739689,-0.8501418016187575,0.75109542303634,0.572417393540603,-0.1562753014805711,-0.1416366820533515,-0.7978997938316856,0.3236205791246425,-0.0227923545401725,0.6944368661843512,0.7955514680521634,0.5948481036603745,-0.0899149300929166,0.5596120727206025,-0.7235621864636764,0.0778979877221119,-0.0533651629058409,-0.6097181180560027,0.003937260618411,0.1318858764105538,0.0524213653614924,0.9976580474408536,0.1300963469072261,0.0005519856048086,0.88979340849376,0.0001008871605598,0.0658182907952454,0.7431892773264634,0.1404756509027517,0.1196879611296611,0.5211393899978968,0.2559991136314509,0.7483514103385929,0.194852546350827,0.4409087435961168,0.61706261130995,0.5933610877701182,0.5415672825524876,0.1470404581661109,0.1764306161875002,0.1477649907541243,0.4509541929948306,0.4720251678567828,0.137491966583931,0.77,10499
0,0,0.8515820727818987,-0.3102868188827299,0.2099817378739689,-0.8501418016187575,0.75109542303634,0.572417393540603,-0.1562753014805711,-0.1416366820533515,-0.7978997938316856,0.3236205791246425,-0.0227923545401725,0.6944368661843512,0.7955514680521634,0.5948481036603745,-0.0899149300929166,0.5596120727206025,-0.7235621864636764,0.0778979877221119,-0.0533651629058409,-0.6097181180560027,0.003937260618411,0.1318858764105538,0.0524213653614924,0.9976580474408536,0.1300963469072261,0.0005519856048086,0.88979340849376,0.0001008871605598,0.0658182907952454,0.7431892773264634,0.1404756509027517,0.1196879611296611,0.5211393899978968,0.2559991136314509,0.7483514103385929,0.194852546350827,0.4409087435961168,0.61706261130995,0.5933610877701182,0.5415672825524876,0.1470404581661109,0.1764306161875002,0.1477649907541243,0.4509541929948306,0.4720251678567828,0.137491966583931,0.77,10592
0,0,-0.096855767918558,-0.3108521533107707,0.2089690972288819,-0.84574254273724,0.7480390858119187,-0.1008576411717661,0.8443662096737158,-0.1409166914981816,-0.683160665069012,0.3286206527664643,-0.4681890317025226,0.7566468741744704,0.7483894539839654,0.5866959598965698,-0.7220899104668004,0.7536157843776384,-0.7289287189485402,0.0864205196602338,-0.0879076220313797,-0.6131989296644594,0.0056570750859058,0.1326394563843845,0.0525432662424083,1.0,0.1302375270180899,0.0010043798741338,0.8804095594777211,0.0001,0.0664336345597874,0.7422486547195418,0.1478400664858467,0.1062210569523113,0.0001,0.2239011011890639,0.1744354597927928,0.1940298382183629,0.7206437068215517,0.6158689698140412,0.6851885982129043,0.027947901565828,0.1466783926019788,0.6876072331583931,0.429970638271992,0.7765304633275983,0.4560770089473597,0.1423909591971934,0.92,1067
0,0,0.8515820727818987,-0.3102868188827299,0.2099817378739689,-0.8501418016187575,0.75109542303634,0.572417393540603,-0.1562753014805711,-0.1416366820533515,-0.7978997938316856,0.3236205791246425,-0.0227923545401725,0.6944368661843512,0.7955514680521634,0.5948481036603745,-0.0899149300929166,0.5596120727206025,-0.7235621864636764,0.0778979877221119,-0.0533651629058409,-0.6097181180560027,0.003937260618411,0.1318858764105538,0.0524213653614924,0.9976580474408536,0.1300963469072261,0.0005519856048086,0.88979340849376,0.0001008871605598,0.0658182907952454,0.7431892773264634,0.1404756509027517,0.1196879611296611,0.5211393899978968,0.2559991136314509,0.7483514103385929,0.194852546350827,0.4409087435961168,0.61706261130995,0.5933610877701182,0.5415672825524876,0.1470404581661109,0.1764306161875002,0.1477649907541243,0.4509541929948306,0.4720251678567828,0.137491966583931,0.77,10687
0,0,0.8515820727818987,-0.3102868188827299,0.2099817378739689,-0.8501418016187575,0.75109542303634,0.572417393540603,-0.1562753014805711,-0.1416366820533515,-0.7978997938316856,0.3236205791246425,-0.0227923545401725,0.6944368661843512,0.7955514680521634,0.5948481036603745,-0.0899149300929166,0.5596120727206025,-0.7235621864636764,0.0778979877221119,-0.0533651629058409,-0.6097181180560027,0.003937260618411,0.1318858764105538,0.0524213653614924,0.9976580474408536,0.1300963469072261,0.0005519856048086,0.88979340849376,0.0001008871605598,0.0658182907952454,0.7431892773264634,0.1404756509027517,0.1196879611296611,0.5211393899978968,0.2559991136314509,0.7483514103385929,0.194852546350827,0.4409087435961168,0.61706261130995,0.5933610877701182,0.5415672825524876,0.1470404581661109,0.1764306161875002,0.1477649907541243,0.4509541929948306,0.4720251678567828,0.137491966583931,0.77,10777
0,0,0.8515820727818987,-0.3102868188827299,0.2099817378739689,-0.8501418016187575,0.75109542303634,0.572417393540603,-0.1562753014805711,-0.1416366820533515,-0.7978997938316856,0.3236205791246425,-0.0227923545401725,0.6944368661843512,0.7955514680521634,0.5948481036603745,-0.0899149300929166,0.5596120727206025,-0.7235621864636764,0.0778979877221119,-0.0533651629058409,-0.6097181180560027,0.003937260618411,0.1318858764105538,0.0524213653614924,0.9976580474408536,0.1300963469072261,0.0005519856048086,0.88979340849376,0.0001008871605598,0.0658182907952454,0.7431892773264634,0.1404756509027517,0.1196879611296611,0.5211393899978968,0.2559991136314509,0.7483514103385929,0.194852546350827,0.4409087435961168,0.61706261130995,0.5933610877701182,0.5415672825524876,0.1470404581661109,0.1764306161875002,0.1477649907541243,0.4509541929948306,0.4720251678567828,0.137491966583931,0.77,10869
0,0,0.8515820727818987,-0.3102868188827299,0.2099817378739689,-0.8501418016187575,0.75109542303634,0.572417393540603,-0.1562753014805711,-0.1416366820533515,-0.7978997938316856,0.3236205791246425,-0.0227923545401725,0.6944368661843512,0.7955514680521634,0.5948481036603745,-0.0899149300929166,0.5596120727206025,-0.7235621864636764,0.0778979877221119,-0.0533651629058409,-0.6097181180560027,0.003937260618411,0.1318858764105538,0.0524213653614924,0.9976580474408536,0.1300963469072261,0.0005519856048086,0.88979340849376,0.0001008871605598,0.0658182907952454,0.7431892773264634,0.1404756509027517,0.1196879611296611,0.5211393899978968,0.2559991136314509,0.7483514103385929,0.194852546350827,0.4409087435961168,0.61706261130995,0.5933610877701182,0.5415672825524876,0.1470404581661109,0.1764306161875002,0.1477649907541243,0.4509541929948306,0.4720251678567828,0.137491966583931,0.77,10964
0,0,0.8515820727818987,-0.3102868188827299,0.2099817378739689,-0.8501418016187575,0.75109542303634,0.572417393540603,-0.1562753014805711,-0.1416366820533515,-0.7978997938316856,0.3236205791246425,-0.0227923545401725,0.6944368661843512,0.7955514680521634,0.5948481036603745,-0.0899149300929166,0.5596120727206025,-0.7235621864636764,0.0778979877221119,-0.0533651629058409,-0.6097181180560027,0.003937260618411,0.1318858764105538,0.0524213653614924,0.9976580474408536,0.1300963469072261,0.0005519856048086,0.88979340849376,0.0001008871605598,0.0658182907952454,0.7431892773264634,0.1404756509027517,0.1196879611296611,0.5211393899978968,0.2559991136314509,0.7483514103385929,0.194852546350827,0.4409087435961168,0.61706261130995,0.5933610877701182,0.5415672825524876,0.1470404581661109,0.1764306161875002,0.1477649907541243,0.4509541929948306,0.4720251678567828,0.137491966583931,0.77,11060
0,0,0.8515820727818987,-0.3102868188827299,0.2099817378739689,-0.8501418016187575,0.75109542303634,0.572417393540603,-0.1562753014805711,-0.1416366820533515,-0.7978997938316856,0.3236205791246425,-0.0227923545401725,0.6944368661843512,0.7955514680521634,0.5948481036603745,-0.0899149300929166,0.5596120727206025,-0.7235621864636764,0.0778979877221119,-0.0533651629058409,-0.6097181180560027,0.003937260618411,0.1318858764105538,0.0524213653614924,0.9976580474408536,0.1300963469072261,0.0005519856048086,0.88979340849376,0.0001008871605598,0.0658182907952454,0.7431892773264634,0.1404756509027517,0.1196879611296611,0.5211393899978968,0.2559991136314509,0.7483514103385929,0.194852546350827,0.4409087435961168,0.61706261130995,0.5933610877701182,0.5415672825524876,0.1470404581661109,0.1764306161875002,0.1477649907541243,0.4509541929948306,0.4720251678567828,0.137491966583931,0.77,11157
0,0,0.8515820727818987,-0.3102868188827299,0.2099817378739689,-0.8501418016187575,0.75109542303634,0.572417393540603,-0.1562753014805711,-0.1416366820533515,-0.7978997938316856,0.3236205791246425,-0.0227923545401725,0.6944368661843512,0.7955514680521634,0.5948481036603745,-0.0899149300929166,0.5596120727206025,-0.7235621864636764,0.0778979877221119,-0.0533651629058409,-0.6097181180560027,0.003937260618411,0.1318858764105538,0.0524213653614924,0.9976580474408536,0.1300963469072261,0.0005519856048086,0.88979340849376,0.0001008871605598,0.0658182907952454,0.7431892773264634,0.1404756509027517,0.1196879611296611,0.5211393899978968,0.2559991136314509,0.7483514103385929,0.194852546350827,0.4409087435961168,0.61706261130995,0.5933610877701182,0.5415672825524876,0.1470404581661109,0.1764306161875002,0.1477649907541243,0.4509541929948306,0.4720251678567828,0.137491966583931,0.77,11253
0,0,0.8515820727818987,-0.3102868188827299,0.2099817378739689,-0.8501418016187575,0.75109542303634,0.572417393540603,-0.1562753014805711,-0.1416366820533515,-0.7978997938316856,0.3236205791246425,-0.0227923545401725,0.6944368661843512,0.7955514680521634,0.5948481036603745,-0.0899149300929166,0.5596120727206025,-0.7235621864636764,0.0778979877221119,-0.0533651629058409,-0.6097181180560027,0.003937260618411,0.1318858764105538,0.0524213653614924,0.9976580474408536,0.1300963469072261,0.0005519856048086,0.88979340849376,0.0001008871605598,0.0658182907952454,0.7431892773264634,0.1404756509027517,0.1196879611296611,0.5211393899978968,0.2559991136314509,0.7483514103385929,0.194852546350827,0.4409087435961168,0.61706261130995,0.5933610877701182,0.5415672825524876,0.1470404581661109,0.1764306161875002,0.1477649907541243,0.4509541929948306,0.4720251678567828,0.137491966583931,0.77,11349
0,0,0.8515820727818987,-0.3102868188827299,0.2099817378739689,-0.8501418016187575,0.75109542303634,0.572417393540603,-0.1562753014805711,-0.1416366820533515,-0.7978997938316856,0.3236205791246425,-0.0227923545401725,0.6944368661843512,0.7955514680521634,0.5948481036603745,-0.0899149300929166,0.5596120727206025,-0.7235621864636764,0.0778979877221119,-0.0533651629058409,-0.6097181180560027,0.003937260618411,0.1318858764105538,0.0524213653614924,0.9976580474408536,0.1300963469072261,0.0005519856048086,0.88979340849376,0.0001008871605598,0.0658182907952454,0.7431892773264634,0.1404756509027517,0.1196879611296611,0.5211393899978968,0.2559991136314509,0.7483514103385929,0.194852546350827,0.4409087435961168,0.61706261130995,0.5933610877701182,0.5415672825524876,0.1470404581661109,0.1764306161875002,0.1477649907541243,0.4509541929948306,0.4720251678567828,0.137491966583931,0.77,11445
0,0,0.8515820727818987,-0.3102868188827299,0.2099817378739689,-0.8501418016187575,0.75109542303634,0.572417393540603,-0.1562753014805711,-0.1416366820533515,-0.7978997938316856,0.3236205791246425,-0.0227923545401725,0.6944368661843512,0.7955514680521634,0.5948481036603745,-0.0899149300929166,0.5596120727206025,-0.7235621864636764,0.0778979877221119,-0.0533651629058409,-0.6097181180560027,0.003937260618411,0.1318858764105538,0.0524213653614924,0.9976580474408536,0.1300963469072261,0.0005519856048086,0.88979340849376,0.0001008871605598,0.0658182907952454,0.7431892773264634,0.1404756509027517,0.1196879611296611,0.5211393899978968,0.2559991136314509,0.7483514103385929,0.194852546350827,0.4409087435961168,0.61706261130995,0.5933610877701182,0.5415672825524876,0.1470404581661109,0.1764306161875002,0.1477649907541243,0.4509541929948306,0.4720251678567828,0.137491966583931,0.77,11540
0,0,0.8515820727818987,-0.3102868188827299,0.2099817378739689,-0.8501418016187575,0.75109542303634,0.572417393540603,-0.1562753014805711,-0.1416366820533515,-0.7978997938316856,0.3236205791246425,-0.0227923545401725,0.6944368661843512,0.7955514680521634,0.5948481036603745,-0.0899149300929166,0.5596120727206025,-0.7235621864636764,0.0778979877221119,-0.0533651629058409,-0.6097181180560027,0.003937260618411,0.1318858764105538,0.0524213653614924,0.9976580474408536,0.1300963469072261,0.0005519856048086,0.88979340849376,0.0001008871605598,0.0658182907952454,0.7431892773264634,0.1404756509027517,0.1196879611296611,0.5211393899978968,0.2559991136314509,0.7483514103385929,0.194852546350827,0.4409087435961168,0.61706261130995,0.5933610877701182,0.5415672825524876,0.1470404581661109,0.1764306161875002,0.1477649907541243,0.4509541929948306,0.4720251678567828,0.137491966583931,0.77,11637
0,0,-0.096855767918558,-0.3108521533107707,0.2089690972288819,-0.84574254273724,0.7480390858119187,-0.1008576411717661,0.8443662096737158,-0.1409166914981816,-0.683160665069012,0.3286206527664643,-0.4681890317025226,0.7566468741744704,0.7483894539839654,0.5866959598965698,-0.7220899104668004,0.7536157843776384,-0.7289287189485402,0.0864205196602338,-0.0879076220313797,-0.6131989296644594,0.0056570750859058,0.1326394563843845,0.0525432662424083,1.0,0.1302375270180899,0.0010043798741338,0.8804095594777211,0.0001,0.0664336345597874,0.7422486547195418,0.1478400664858467,0.1062210569523113,0.0001,0.2239011011890639,0.1744354597927928,0.1940298382183629,0.7206437068215517,0.6158689698140412,0.6851885982129043,0.027947901565828,0.1466783926019788,0.6876072331583931,0.429970638271992,0.7765304633275983,0.4560770089473597,0.1423909591971934,0.92,1167
0,0,0.8515820727818987,-0.3102868188827299,0.2099817378739689,-0.8501418016187575,0.75109542303634,0.572417393540603,-0.1562753014805711,-0.1416366820533515,-0.7978997938316856,0.3236205791246425,-0.0227923545401725,0.6944368661843512,0.7955514680521634,0.5948481036603745,-0.0899149300929166,0.5596120727206025,-0.7235621864636764,0.0778979877221119,-0.0533651629058409,-0.6097181180560027,0.003937260618411,0.1318858764105538,0.0524213653614924,0.9976580474408536,0.1300963469072261,0.0005519856048086,0.88979340849376,0.0001008871605598,0.0658182907952454,0.7431892773264634,0.1404756509027517,0.1196879611296611,0.5211393899978968,0.2559991136314509,0.7483514103385929,0.194852546350827,0.4409087435961168,0.61706261130995,0.5933610877701182,0.5415672825524876,0.1470404581661109,0.1764306161875002,0.1477649907541243,0.4509541929948306,0.4720251678567828,0.137491966583931,0.77,11725
0,0,0.8515820727818987,-0.3102868188827299,0.2099817378739689,-0.8501418016187575,0.75109542303634,0.572417393540603,-0.1562753014805711,-0.1416366820533515,-0.7978997938316856,0.3236205791246425,-0.0227923545401725,0.6944368661843512,0.7955514680521634,0.5948481036603745,-0.0899149300929166,0.5596120727206025,-0.7235621864636764,0.0778979877221119,-0.0533651629058409,-0.6097181180560027,0.003937260618411,0.1318858764105538,0.0524213653614924,0.9976580474408536,0.1300963469072261,0.0005519856048086,0.88979340849376,0.0001008871605598,0.0658182907952454,0.7431892773264634,0.1404756509027517,0.1196879611296611,0.5211393899978968,0.2559991136314509,0.7483514103385929,0.194852546350827,0.4409087435961168,0.61706261130995,0.5933610877701182,0.5415672825524876,0.1470404581661109,0.1764306161875002,0.1477649907541243,0.4509541929948306,0.4720251678567828,0.137491966583931,0.77,11822
0,0,0.8515820727818987,-0.3102868188827299,0.2099817378739689,-0.8501418016187575,0.75109542303634,0.572417393540603,-0.1562753014805711,-0.1416366820533515,-0.7978997938316856,0.3236205791246425,-0.0227923545401725,0.6944368661843512,0.7955514680521634,0.5948481036603745,-0.0899149300929166,0.5596120727206025,-0.7235621864636764,0.0778979877221119,-0.0533651629058409,-0.6097181180560027,0.003937260618411,0.1318858764105538,0.0524213653614924,0.9976580474408536,0.1300963469072261,0.0005519856048086,0.88979340849376,0.0001008871605598,0.0658182907952454,0.7431892773264634,0.1404756509027517,0.1196879611296611,0.5211393899978968,0.2559991136314509,0.7483514103385929,0.194852546350827,0.4409087435961168,0.61706261130995,0.5933610877701182,0.5415672825524876,0.1470404581661109,0.1764306161875002,0.1477649907541243,0.4509541929948306,0.4720251678567828,0.137491966583931,0.77,11912
0,0,0.8515820727818987,-0.3102868188827299,0.2099817378739689,-0.8501418016187575,0.75109542303634,0.572417393540603,-0.1562753014805711,-0.1416366820533515,-0.7978997938316856,0.3236205791246425,-0.0227923545401725,0.6944368661843512,0.7955514680521634,0.5948481036603745,-0.0899149300929166,0.5596120727206025,-0.7235621864636764,0.0778979877221119,-0.0533651629058409,-0.6097181180560027,0.003937260618411,0.1318858764105538,0.0524213653614924,0.9976580474408536,0.1300963469072261,0.0005519856048086,0.88979340849376,0.0001008871605598,0.0658182907952454,0.7431892773264634,0.1404756509027517,0.1196879611296611,0.5211393899978968,0.2559991136314509,0.7483514103385929,0.194852546350827,0.4409087435961168,0.61706261130995,0.5933610877701182,0.5415672825524876,0.1470404581661109,0.1764306161875002,0.1477649907541243,0.4509541929948306,0.4720251678567828,0.137491966583931,0.77,12005
0,0,0.8515820727818987,-0.3102868188827299,0.2099817378739689,-0.8501418016187575,0.75109542303634,0.572417393540603,-0.1562753014805711,-0.1416366820533515,-0.7978997938316856,0.3236205791246425,-0.0227923545401725,0.6944368661843512,0.7955514680521634,0.5948481036603745,-0.0899149300929166,0.5596120727206025,-0.7235621864636764,0.0778979877221119,-0.0533651629058409,-0.6097181180560027,0.003937260618411,0.1318858764105538,0.0524213653614924,0.9976580474408536,0.1300963469072261,0.0005519856048086,0.88979340849376,0.0001008871605598,0.0658182907952454,0.7431892773264634,0.1404756509027517,0.1196879611296611,0.5211393899978968,0.2559991136314509,0.7483514103385929,0.194852546350827,0.4409087435961168,0.61706261130995,0.5933610877701182,0.5415672825524876,0.1470404581661109,0.1764306161875002,0.1477649907541243,0.4509541929948306,0.4720251678567828,0.137491966583931,0.77,12100
0,0,0.8515820727818987,-0.3102868188827299,0.2099817378739689,-0.8501418016187575,0.75109542303634,0.572417393540603,-0.1562753014805711,-0.1416366820533515,-0.7978997938316856,0.3236205791246425,-0.0227923545401725,0.6944368661843512,0.7955514680521634,0.5948481036603745,-0.0899149300929166,0.5596120727206025,-0.7235621864636764,0.0778979877221119,-0.0533651629058409,-0.6097181180560027,0.003937260618411,0.1318858764105538,0.0524213653614924,0.9976580474408536,0.1300963469072261,0.0005519856048086,0.88979340849376,0.0001008871605598,0.0658182907952454,0.7431892773264634,0.1404756509027517,0.1196879611296611,0.5211393899978968,0.2559991136314509,0.7483514103385929,0.194852546350827,0.4409087435961168,0.61706261130995,0.5933610877701182,0.5415672825524876,0.1470404581661109,0.1764306161875002,0.1477649907541243,0.4509541929948306,0.4720251678567828,0.137491966583931,0.77,12193
0,0,0.8515820727818987,-0.3102868188827299,0.2099817378739689,-0.8501418016187575,0.75109542303634,0.572417393540603,-0.1562753014805711,-0.1416366820533515,-0.7978997938316856,0.3236205791246425,-0.0227923545401725,0.6944368661843512,0.7955514680521634,0.5948481036603745,-0.0899149300929166,0.5596120727206025,-0.7235621864636764,0.0778979877221119,-0.0533651629058409,-0.6097181180560027,0.003937260618411,0.1318858764105538,0.0524213653614924,0.9976580474408536,0.1300963469072261,0.0005519856048086,0.88979340849376,0.0001008871605598,0.0658182907952454,0.7431892773264634,0.1404756509027517,0.1196879611296611,0.5211393899978968,0.2559991136314509,0.7483514103385929,0.194852546350827,0.4409087435961168,0.61706261130995,0.5933610877701182,0.5415672825524876,0.1470404581661109,0.1764306161875002,0.1477649907541243,0.4509541929948306,0.4720251678567828,0.137491966583931,0.77,12285
0,0,0.8515820727818987,-0.3102868188827299,0.2099817378739689,-0.8501418016187575,0.75109542303634,0.572417393540603,-0.1562753014805711,-0.1416366820533515,-0.7978997938316856,0.3236205791246425,-0.0227923545401725,0.6944368661843512,0.7955514680521634,0.5948481036603745,-0.0899149300929166,0.5596120727206025,-0.7235621864636764,0.0778979877221119,-0.0533651629058409,-0.6097181180560027,0.003937260618411,0.1318858764105538,0.0524213653614924,0.9976580474408536,0.1300963469072261,0.0005519856048086,0.88979340849376,0.0001008871605598,0.0658182907952454,0.7431892773264634,0.1404756509027517,0.1196879611296611,0.5211393899978968,0.2559991136314509,0.7483514103385929,0.194852546350827,0.4409087435961168,0.61706261130995,0.5933610877701182,0.5415672825524876,0.1470404581661109,0.1764306161875002,0.1477649907541243,0.4509541929948306,0.4720251678567828,0.137491966583931,0.77,12376
0,0,0.8515820727818987,-0.3102868188827299,0.2099817378739689,-0.8501418016187575,0.75109542303634,0.572417393540603,-0.1562753014805711,-0.1416366820533515,-0.7978997938316856,0.3236205791246425,-0.0227923545401725,0.6944368661843512,0.7955514680521634,0.5948481036603745,-0.0899149300929166,0.5596120727206025,-0.7235621864636764,0.0778979877221119,-0.0533651629058409,-0.6097181180560027,0.003937260618411,0.1318858764105538,0.0524213653614924,0.9976580474408536,0.1300963469072261,0.0005519856048086,0.88979340849376,0.0001008871605598,0.0658182907952454,0.7431892773264634,0.1404756509027517,0.1196879611296611,0.5211393899978968,0.2559991136314509,0.7483514103385929,0.194852546350827,0.4409087435961168,0.61706261130995,0.5933610877701182,0.5415672825524876,0.1470404581661109,0.1764306161875002,0.1477649907541243,0.4509541929948306,0.4720251678567828,0.137491966583931,0.77,12465
0,0,0.8515820727818987,-0.3102868188827299,0.2099817378739689,-0.8501418016187575,0.75109542303634,0.572417393540603,-0.1562753014805711,-0.1416366820533515,-0.7978997938316856,0.3236205791246425,-0.0227923545401725,0.6944368661843512,0.7955514680521634,0.5948481036603745,-0.0899149300929166,0.5596120727206025,-0.7235621864636764,0.0778979877221119,-0.0533651629058409,-0.6097181180560027,0.003937260618411,0.1318858764105538,0.0524213653614924,0.9976580474408536,0.1300963469072261,0.0005519856048086,0.88979340849376,0.0001008871605598,0.0658182907952454,0.7431892773264634,0.1404756509027517,0.1196879611296611,0.5211393899978968,0.2559991136314509,0.7483514103385929,0.194852546350827,0.4409087435961168,0.61706261130995,0.5933610877701182,0.5415672825524876,0.1470404581661109,0.1764306161875002,0.1477649907541243,0.4509541929948306,0.4720251678567828,0.137491966583931,0.77,12563
0,0,-0.096855767918558,-0.3108521533107707,0.2089690972288819,-0.84574254273724,0.7480390858119187,-0.1008576411717661,0.8443662096737158,-0.1409166914981816,-0.683160665069012,0.3286206527664643,-0.4681890317025226,0.7566468741744704,0.7483894539839654,0.5866959598965698,-0.7220899104668004,0.7536157843776384,-0.7289287189485402,0.0864205196602338,-0.0879076220313797,-0.6131989296644594,0.0056570750859058,0.1326394563843845,0.0525432662424083,1.0,0.1302375270180899,0.0010043798741338,0.8804095594777211,0.0001,0.0664336345597874,0.7422486547195418,0.1478400664858467,0.1062210569523113,0.0001,0.2239011011890639,0.1744354597927928,0.1940298382183629,0.7206437068215517,0.6158689698140412,0.6851885982129043,0.027947901565828,0.1466783926019788,0.6876072331583931,0.429970638271992,0.7765304633275983,0.4560770089473597,0.1423909591971934,0.92,1264
0,0,0.8515820727818987,-0.3102868188827299,0.2099817378739689,-0.8501418016187575,0.75109542303634,0.572417393540603,-0.1562753014805711,-0.1416366820533515,-0.7978997938316856,0.3236205791246425,-0.0227923545401725,0.6944368661843512,0.7955514680521634,0.5948481036603745,-0.0899149300929166,0.5596120727206025,-0.7235621864636764,0.0778979877221119,-0.0533651629058409,-0.6097181180560027,0.003937260618411,0.1318858764105538,0.0524213653614924,0.9976580474408536,0.1300963469072261,0.0005519856048086,0.88979340849376,0.0001008871605598,0.0658182907952454,0.7431892773264634,0.1404756509027517,0.1196879611296611,0.5211393899978968,0.2559991136314509,0.7483514103385929,0.194852546350827,0.4409087435961168,0.61706261130995,0.5933610877701182,0.5415672825524876,0.1470404581661109,0.1764306161875002,0.1477649907541243,0.4509541929948306,0.4720251678567828,0.137491966583931,0.77,12659
0,0,0.8515820727818987,-0.3102868188827299,0.2099817378739689,-0.8501418016187575,0.75109542303634,0.572417393540603,-0.1562753014805711,-0.1416366820533515,-0.7978997938316856,0.3236205791246425,-0.0227923545401725,0.6944368661843512,0.7955514680521634,0.5948481036603745,-0.0899149300929166,0.5596120727206025,-0.7235621864636764,0.0778979877221119,-0.0533651629058409,-0.6097181180560027,0.003937260618411,0.1318858764105538,0.0524213653614924,0.9976580474408536,0.1300963469072261,0.0005519856048086,0.88979340849376,0.0001008871605598,0.0658182907952454,0.7431892773264634,0.1404756509027517,0.1196879611296611,0.5211393899978968,0.2559991136314509,0.7483514103385929,0.194852546350827,0.4409087435961168,0.61706261130995,0.5933610877701182,0.5415672825524876,0.1470404581661109,0.1764306161875002,0.1477649907541243,0.4509541929948306,0.4720251678567828,0.137491966583931,0.77,12752
0,0,0.8515820727818987,-0.3102868188827299,0.2099817378739689,-0.8501418016187575,0.75109542303634,0.572417393540603,-0.1562753014805711,-0.1416366820533515,-0.7978997938316856,0.3236205791246425,-0.0227923545401725,0.6944368661843512,0.7955514680521634,0.5948481036603745,-0.0899149300929166,0.5596120727206025,-0.7235621864636764,0.0778979877221119,-0.0533651629058409,-0.6097181180560027,0.003937260618411,0.1318858764105538,0.0524213653614924,0.9976580474408536,0.1300963469072261,0.0005519856048086,0.88979340849376,0.0001008871605598,0.0658182907952454,0.7431892773264634,0.1404756509027517,0.1196879611296611,0.5211393899978968,0.2559991136314509,0.7483514103385929,0.194852546350827,0.4409087435961168,0.61706261130995,0.5933610877701182,0.5415672825524876,0.1470404581661109,0.1764306161875002,0.1477649907541243,0.4509541929948306,0.4720251678567828,0.137491966583931,0.77,12841
0,0,0.8515820727818987,-0.3102868188827299,0.2099817378739689,-0.8501418016187575,0.75109542303634,0.572417393540603,-0.1562753014805711,-0.1416366820533515,-0.7978997938316856,0.3236205791246425,-0.0227923545401725,0.6944368661843512,0.7955514680521634,0.5948481036603745,-0.0899149300929166,0.5596120727206025,-0.7235621864636764,0.0778979877221119,-0.0533651629058409,-0.6097181180560027,0.003937260618411,0.1318858764105538,0.0524213653614924,0.9976580474408536,0.1300963469072261,0.0005519856048086,0.88979340849376,0.0001008871605598,0.0658182907952454,0.7431892773264634,0.1404756509027517,0.1196879611296611,0.5211393899978968,0.2559991136314509,0.7483514103385929,0.194852546350827,0.4409087435961168,0.61706261130995,0.5933610877701182,0.5415672825524876,0.1470404581661109,0.1764306161875002,0.1477649907541243,0.4509541929948306,0.4720251678567828,0.137491966583931,0.77,12934
0,0,0.8515820727818987,-0.3102868188827299,0.2099817378739689,-0.8501418016187575,0.75109542303634,0.572417393540603,-0.1562753014805711,-0.1416366820533515,-0.7978997938316856,0.3236205791246425,-0.0227923545401725,0.6944368661843512,0.7955514680521634,0.5948481036603745,-0.0899149300929166,0.5596120727206025,-0.7235621864636764,0.0778979877221119,-0.0533651629058409,-0.6097181180560027,0.003937260618411,0.1318858764105538,0.0524213653614924,0.9976580474408536,0.1300963469072261,0.0005519856048086,0.88979340849376,0.0001008871605598,0.0658182907952454,0.7431892773264634,0.1404756509027517,0.1196879611296611,0.5211393899978968,0.2559991136314509,0.7483514103385929,0.194852546350827,0.4409087435961168,0.61706261130995,0.5933610877701182,0.5415672825524876,0.1470404581661109,0.1764306161875002,0.1477649907541243,0.4509541929948306,0.4720251678567828,0.137491966583931,0.77,13030
0,0,0.8515820727818987,-0.3102868188827299,0.2099817378739689,-0.8501418016187575,0.75109542303634,0.572417393540603,-0.1562753014805711,-0.1416366820533515,-0.7978997938316856,0.3236205791246425,-0.0227923545401725,0.6944368661843512,0.7955514680521634,0.5948481036603745,-0.0899149300929166,0.5596120727206025,-0.7235621864636764,0.0778979877221119,-0.0533651629058409,-0.6097181180560027,0.003937260618411,0.1318858764105538,0.0524213653614924,0.9976580474408536,0.1300963469072261,0.0005519856048086,0.88979340849376,0.0001008871605598,0.0658182907952454,0.7431892773264634,0.1404756509027517,0.1196879611296611,0.5211393899978968,0.2559991136314509,0.7483514103385929,0.194852546350827,0.4409087435961168,0.61706261130995,0.5933610877701182,0.5415672825524876,0.1470404581661109,0.1764306161875002,0.1477649907541243,0.4509541929948306,0.4720251678567828,0.137491966583931,0.77,13122
0,0,0.8515820727818987,-0.3102868188827299,0.2099817378739689,-0.8501418016187575,0.75109542303634,0.572417393540603,-0.1562753014805711,-0.1416366820533515,-0.7978997938316856,0.3236205791246425,-0.0227923545401725,0.6944368661843512,0.7955514680521634,0.5948481036603745,-0.0899149300929166,0.5596120727206025,-0.7235621864636764,0.0778979877221119,-0.0533651629058409,-0.6097181180560027,0.003937260618411,0.1318858764105538,0.0524213653614924,0.9976580474408536,0.1300963469072261,0.0005519856048086,0.88979340849376,0.0001008871605598,0.0658182907952454,0.7431892773264634,0.1404756509027517,0.1196879611296611,0.5211393899978968,0.2559991136314509,0.7483514103385929,0.194852546350827,0.4409087435961168,0.61706261130995,0.5933610877701182,0.5415672825524876,0.1470404581661109,0.1764306161875002,0.1477649907541243,0.4509541929948306,0.4720251678567828,0.137491966583931,0.77,13215
0,0,0.8515820727818987,-0.3102868188827299,0.2099817378739689,-0.8501418016187575,0.75109542303634,0.572417393540603,-0.1562753014805711,-0.1416366820533515,-0.7978997938316856,0.3236205791246425,-0.0227923545401725,0.6944368661843512,0.7955514680521634,0.5948481036603745,-0.0899149300929166,0.5596120727206025,-0.7235621864636764,0.0778979877221119,-0.0533651629058409,-0.6097181180560027,0.003937260618411,0.1318858764105538,0.0524213653614924,0.9976580474408536,0.1300963469072261,0.0005519856048086,0.88979340849376,0.0001008871605598,0.0658182907952454,0.7431892773264634,0.1404756509027517,0.1196879611296611,0.5211393899978968,0.2559991136314509,0.7483514103385929,0.194852546350827,0.4409087435961168,0.61706261130995,0.5933610877701182,0.5415672825524876,0.1470404581661109,0.1764306161875002,0.1477649907541243,0.4509541929948306,0.4720251678567828,0.137491966583931,0.77,13308
0,0,0.8515820727818987,-0.3102868188827299,0.2099817378739689,-0.8501418016187575,0.75109542303634,0.572417393540603,-0.1562753014805711,-0.1416366820533515,-0.7978997938316856,0.3236205791246425,-0.0227923545401725,0.6944368661843512,0.7955514680521634,0.5948481036603745,-0.0899149300929166,0.5596120727206025,-0.7235621864636764,0.0778979877221119,-0.0533651629058409,-0.6097181180560027,0.003937260618411,0.1318858764105538,0.0524213653614924,0.9976580474408536,0.1300963469072261,0.0005519856048086,0.88979340849376,0.0001008871605598,0.0658182907952454,0.7431892773264634,0.1404756509027517,0.1196879611296611,0.5211393899978968,0.2559991136314509,0.7483514103385929,0.194852546350827,0.4409087435961168,0.61706261130995,0.5933610877701182,0.5415672825524876,0.1470404581661109,0.1764306161875002,0.1477649907541243,0.4509541929948306,0.4720251678567828,0.137491966583931,0.77,13399
0,0,0.8515820727818987,-0.3102868188827299,0.2099817378739689,-0.8501418016187575,0.75109542303634,0.572417393540603,-0.1562753014805711,-0.1416366820533515,-0.7978997938316856,0.3236205791246425,-0.0227923545401725,0.6944368661843512,0.7955514680521634,0.5948481036603745,-0.0899149300929166,0.5596120727206025,-0.7235621864636764,0.0778979877221119,-0.0533651629058409,-0.6097181180560027,0.003937260618411,0.1318858764105538,0.0524213653614924,0.9976580474408536,0.1300963469072261,0.0005519856048086,0.88979340849376,0.0001008871605598,0.0658182907952454,0.7431892773264634,0.1404756509027517,0.1196879611296611,0.5211393899978968,0.2559991136314509,0.7483514103385929,0.194852546350827,0.4409087435961168,0.61706261130995,0.5933610877701182,0.5415672825524876,0.1470404581661109,0.1764306161875002,0.1477649907541243,0.4509541929948306,0.4720251678567828,0.137491966583931,0.77,13494
0,0,0.8515820727818987,-0.3102868188827299,0.2099817378739689,-0.8501418016187575,0.75109542303634,0.572417393540603,-0.1562753014805711,-0.1416366820533515,-0.7978997938316856,0.3236205791246425,-0.0227923545401725,0.6944368661843512,0.7955514680521634,0.5948481036603745,-0.0899149300929166,0.5596120727206025,-0.7235621864636764,0.0778979877221119,-0.0533651629058409,-0.6097181180560027,0.003937260618411,0.1318858764105538,0.0524213653614924,0.9976580474408536,0.1300963469072261,0.0005519856048086,0.88979340849376,0.0001008871605598,0.0658182907952454,0.7431892773264634,0.1404756509027517,0.1196879611296611,0.5211393899978968,0.2559991136314509,0.7483514103385929,0.194852546350827,0.4409087435961168,0.61706261130995,0.5933610877701182,0.5415672825524876,0.1470404581661109,0.1764306161875002,0.1477649907541243,0.4509541929948306,0.4720251678567828,0.137491966583931,0.77,13585
0,0,-0.096855767918558,-0.3049944473796157,0.2089690972288819,-0.84574254273724,0.7259610173670189,-0.1008576411717661,0.8443662096737158,-0.1409166914981816,0.0892886059907343,0.3271100673634565,-0.4681890317025226,0.7566468741744704,0.7543022073498279,0.6295264863471729,-0.7220899104668004,0.5567069653149179,-0.7289287189485402,0.1303626795642016,-0.0879076220313797,-0.6131989296644594,0.0056570750859058,0.1326394563843845,0.0525432662424083,1.0,0.1302375270180899,0.0010043798741338,0.8804095594777211,0.0001,0.0664336345597874,0.7422486547195418,0.1478400664858467,0.0825507357235738,0.0001,0.2239011011890639,0.1808591842338872,0.1940298382183629,0.7206437068215517,0.6151806196871128,0.6247555172574819,0.027947901565828,0.1466783926019788,0.1856590253696806,0.429970638271992,0.4649308082025751,0.4560770089473597,0.1423909591971934,0.9,1361
0,0,0.8515820727818987,-0.3102868188827299,0.2099817378739689,-0.8501418016187575,0.75109542303634,0.572417393540603,-0.1562753014805711,-0.1416366820533515,-0.7978997938316856,0.3236205791246425,-0.0227923545401725,0.6944368661843512,0.7955514680521634,0.5948481036603745,-0.0899149300929166,0.5596120727206025,-0.7235621864636764,0.0778979877221119,-0.0533651629058409,-0.6097181180560027,0.003937260618411,0.1318858764105538,0.0524213653614924,0.9976580474408536,0.1300963469072261,0.0005519856048086,0.88979340849376,0.0001008871605598,0.0658182907952454,0.7431892773264634,0.1404756509027517,0.1196879611296611,0.5211393899978968,0.2559991136314509,0.7483514103385929,0.194852546350827,0.4409087435961168,0.61706261130995,0.5933610877701182,0.5415672825524876,0.1470404581661109,0.1764306161875002,0.1477649907541243,0.4509541929948306,0.4720251678567828,0.137491966583931,0.77,13680
0,0,0.8515820727818987,-0.3102868188827299,0.2099817378739689,-0.8501418016187575,0.75109542303634,0.572417393540603,-0.1562753014805711,-0.1416366820533515,-0.7978997938316856,0.3236205791246425,-0.0227923545401725,0.6944368661843512,0.7955514680521634,0.5948481036603745,-0.0899149300929166,0.5596120727206025,-0.7235621864636764,0.0778979877221119,-0.0533651629058409,-0.6097181180560027,0.003937260618411,0.1318858764105538,0.0524213653614924,0.9976580474408536,0.1300963469072261,0.0005519856048086,0.88979340849376,0.0001008871605598,0.0658182907952454,0.7431892773264634,0.1404756509027517,0.1196879611296611,0.5211393899978968,0.2559991136314509,0.7483514103385929,0.194852546350827,0.4409087435961168,0.61706261130995,0.5933610877701182,0.5415672825524876,0.1470404581661109,0.1764306161875002,0.1477649907541243,0.4509541929948306,0.4720251678567828,0.137491966583931,0.77,13773
0,0,0.8515820727818987,-0.3102868188827299,0.2099817378739689,-0.8501418016187575,0.75109542303634,0.572417393540603,-0.1562753014805711,-0.1416366820533515,-0.7978997938316856,0.3236205791246425,-0.0227923545401725,0.6944368661843512,0.7955514680521634,0.5948481036603745,-0.0899149300929166,0.5596120727206025,-0.7235621864636764,0.0778979877221119,-0.0533651629058409,-0.6097181180560027,0.003937260618411,0.1318858764105538,0.0524213653614924,0.9976580474408536,0.1300963469072261,0.0005519856048086,0.88979340849376,0.0001008871605598,0.0658182907952454,0.7431892773264634,0.1404756509027517,0.1196879611296611,0.5211393899978968,0.2559991136314509,0.7483514103385929,0.194852546350827,0.4409087435961168,0.61706261130995,0.5933610877701182,0.5415672825524876,0.1470404581661109,0.1764306161875002,0.1477649907541243,0.4509541929948306,0.4720251678567828,0.137491966583931,0.77,13865
0,0,0.8515820727818987,-0.3102868188827299,0.2099817378739689,-0.8501418016187575,0.75109542303634,0.572417393540603,-0.1562753014805711,-0.1416366820533515,-0.7978997938316856,0.3236205791246425,-0.0227923545401725,0.6944368661843512,0.7955514680521634,0.5948481036603745,-0.0899149300929166,0.5596120727206025,-0.7235621864636764,0.0778979877221119,-0.0533651629058409,-0.6097181180560027,0.003937260618411,0.1318858764105538,0.0524213653614924,0.9976580474408536,0.1300963469072261,0.0005519856048086,0.88979340849376,0.0001008871605598,0.0658182907952454,0.7431892773264634,0.1404756509027517,0.1196879611296611,0.5211393899978968,0.2559991136314509,0.7483514103385929,0.194852546350827,0.4409087435961168,0.61706261130995,0.5933610877701182,0.5415672825524876,0.1470404581661109,0.1764306161875002,0.1477649907541243,0.4509541929948306,0.4720251678567828,0.137491966583931,0.77,13958
0,0,0.8515820727818987,-0.3102868188827299,0.2099817378739689,-0.8501418016187575,0.75109542303634,0.572417393540603,-0.1562753014805711,-0.1416366820533515,-0.7978997938316856,0.3236205791246425,-0.0227923545401725,0.6944368661843512,0.7955514680521634,0.5948481036603745,-0.0899149300929166,0.5596120727206025,-0.7235621864636764,0.0778979877221119,-0.0533651629058409,-0.6097181180560027,0.003937260618411,0.1318858764105538,0.0524213653614924,0.9976580474408536,0.1300963469072261,0.0005519856048086,0.88979340849376,0.0001008871605598,0.0658182907952454,0.7431892773264634,0.1404756509027517,0.1196879611296611,0.5211393899978968,0.2559991136314509,0.7483514103385929,0.194852546350827,0.4409087435961168,0.61706261130995,0.5933610877701182,0.5415672825524876,0.1470404581661109,0.1764306161875002,0.1477649907541243,0.4509541929948306,0.4720251678567828,0.137491966583931,0.77,14052
0,0,0.8515820727818987,-0.3102868188827299,0.2099817378739689,-0.8501418016187575,0.75109542303634,0.572417393540603,-0.1562753014805711,-0.1416366820533515,-0.7978997938316856,0.3236205791246425,-0.0227923545401725,0.6944368661843512,0.7955514680521634,0.5948481036603745,-0.0899149300929166,0.5596120727206025,-0.7235621864636764,0.0778979877221119,-0.0533651629058409,-0.6097181180560027,0.003937260618411,0.1318858764105538,0.0524213653614924,0.9976580474408536,0.1300963469072261,0.0005519856048086,0.88979340849376,0.0001008871605598,0.0658182907952454,0.7431892773264634,0.1404756509027517,0.1196879611296611,0.5211393899978968,0.2559991136314509,0.7483514103385929,0.194852546350827,0.4409087435961168,0.61706261130995,0.5933610877701182,0.5415672825524876,0.1470404581661109,0.1764306161875002,0.1477649907541243,0.4509541929948306,0.4720251678567828,0.137491966583931,0.77,14145
0,0,0.8515820727818987,-0.3102868188827299,0.2099817378739689,-0.8501418016187575,0.75109542303634,0.572417393540603,-0.1562753014805711,-0.1416366820533515,-0.7978997938316856,0.3236205791246425,-0.0227923545401725,0.6944368661843512,0.7955514680521634,0.5948481036603745,-0.0899149300929166,0.5596120727206025,-0.7235621864636764,0.0778979877221119,-0.0533651629058409,-0.6097181180560027,0.003937260618411,0.1318858764105538,0.0524213653614924,0.9976580474408536,0.1300963469072261,0.0005519856048086,0.88979340849376,0.0001008871605598,0.0658182907952454,0.7431892773264634,0.1404756509027517,0.1196879611296611,0.5211393899978968,0.2559991136314509,0.7483514103385929,0.194852546350827,0.4409087435961168,0.61706261130995,0.5933610877701182,0.5415672825524876,0.1470404581661109,0.1764306161875002,0.1477649907541243,0.4509541929948306,0.4720251678567828,0.137491966583931,0.77,14238
0,0,0.8515820727818987,-0.3102868188827299,0.2099817378739689,-0.8501418016187575,0.75109542303634,0.572417393540603,-0.1562753014805711,-0.1416366820533515,-0.7978997938316856,0.3236205791246425,-0.0227923545401725,0.6944368661843512,0.7955514680521634,0.5948481036603745,-0.0899149300929166,0.5596120727206025,-0.7235621864636764,0.0778979877221119,-0.0533651629058409,-0.6097181180560027,0.003937260618411,0.1318858764105538,0.0524213653614924,0.9976580474408536,0.1300963469072261,0.0005519856048086,0.88979340849376,0.0001008871605598,0.0658182907952454,0.7431892773264634,0.1404756509027517,0.1196879611296611,0.5211393899978968,0.2559991136314509,0.7483514103385929,0.194852546350827,0.4409087435961168,0.61706261130995,0.5933610877701182,0.5415672825524876,0.1470404581661109,0.1764306161875002,0.1477649907541243,0.4509541929948306,0.4720251678567828,0.137491966583931,0.77,14332
0,0,0.8515820727818987,-0.3102868188827299,0.2099817378739689,-0.8501418016187575,0.75109542303634,0.572417393540603,-0.1562753014805711,-0.1416366820533515,-0.7978997938316856,0.3236205791246425,-0.0227923545401725,0.6944368661843512,0.7955514680521634,0.5948481036603745,-0.0899149300929166,0.5596120727206025,-0.7235621864636764,0.0778979877221119,-0.0533651629058409,-0.6097181180560027,0.003937260618411,0.1318858764105538,0.0524213653614924,0.9976580474408536,0.1300963469072261,0.0005519856048086,0.88979340849376,0.0001008871605598,0.0658182907952454,0.7431892773264634,0.1404756509027517,0.1196879611296611,0.5211393899978968,0.2559991136314509,0.7483514103385929,0.194852546350827,0.4409087435961168,0.61706261130995,0.5933610877701182,0.5415672825524876,0.1470404581661109,0.1764306161875002,0.1477649907541243,0.4509541929948306,0.4720251678567828,0.137491966583931,0.77,14421
0,0,0.8515820727818987,-0.3102868188827299,0.2099817378739689,-0.8501418016187575,0.75109542303634,0.572417393540603,-0.1562753014805711,-0.1416366820533515,-0.7978997938316856,0.3236205791246425,-0.0227923545401725,0.6944368661843512,0.7955514680521634,0.5948481036603745,-0.0899149300929166,0.5596120727206025,-0.7235621864636764,0.0778979877221119,-0.0533651629058409,-0.6097181180560027,0.003937260618411,0.1318858764105538,0.0524213653614924,0.9976580474408536,0.1300963469072261,0.0005519856048086,0.88979340849376,0.0001008871605598,0.0658182907952454,0.7431892773264634,0.1404756509027517,0.1196879611296611,0.5211393899978968,0.2559991136314509,0.7483514103385929,0.194852546350827,0.4409087435961168,0.61706261130995,0.5933610877701182,0.5415672825524876,0.1470404581661109,0.1764306161875002,0.1477649907541243,0.4509541929948306,0.4720251678567828,0.137491966583931,0.77,14514
0,0,-0.096855767918558,-0.3049944473796157,0.2089690972288819,-0.84574254273724,0.7259610173670189,-0.1008576411717661,0.8443662096737158,-0.1409166914981816,0.0892886059907343,0.3271100673634565,-0.4681890317025226,0.7566468741744704,0.7543022073498279,0.6295264863471729,-0.7220899104668004,0.5567069653149179,-0.7289287189485402,0.1303626795642016,-0.0879076220313797,-0.6131989296644594,0.0056570750859058,0.1326394563843845,0.0525432662424083,1.0,0.1302375270180899,0.0010043798741338,0.8804095594777211,0.0001,0.0664336345597874,0.7422486547195418,0.1478400664858467,0.0825507357235738,0.0001,0.2239011011890639,0.1808591842338872,0.1940298382183629,0.7206437068215517,0.6151806196871128,0.6247555172574819,0.027947901565828,0.1466783926019788,0.1856590253696806,0.429970638271992,0.4649308082025751,0.4560770089473597,0.1423909591971934,0.9,1458
0,0,0.8515820727818987,-0.3102868188827299,0.2099817378739689,-0.8501418016187575,0.75109542303634,0.572417393540603,-0.1562753014805711,-0.1416366820533515,-0.7978997938316856,0.3236205791246425,-0.0227923545401725,0.6944368661843512,0.7955514680521634,0.5948481036603745,-0.0899149300929166,0.5596120727206025,-0.7235621864636764,0.0778979877221119,-0.0533651629058409,-0.6097181180560027,0.003937260618411,0.1318858764105538,0.0524213653614924,0.9976580474408536,0.1300963469072261,0.0005519856048086,0.88979340849376,0.0001008871605598,0.0658182907952454,0.7431892773264634,0.1404756509027517,0.1196879611296611,0.5211393899978968,0.2559991136314509,0.7483514103385929,0.194852546350827,0.4409087435961168,0.61706261130995,0.5933610877701182,0.5415672825524876,0.1470404581661109,0.1764306161875002,0.1477649907541243,0.4509541929948306,0.4720251678567828,0.137491966583931,0.77,14607
0,0,0.8515820727818987,-0.3102868188827299,0.2099817378739689,-0.8501418016187575,0.75109542303634,0.572417393540603,-0.1562753014805711,-0.1416366820533515,-0.7978997938316856,0.3236205791246425,-0.0227923545401725,0.6944368661843512,0.7955514680521634,0.5948481036603745,-0.0899149300929166,0.5596120727206025,-0.7235621864636764,0.0778979877221119,-0.0533651629058409,-0.6097181180560027,0.003937260618411,0.1318858764105538,0.0524213653614924,0.9976580474408536,0.1300963469072261,0.0005519856048086,0.88979340849376,0.0001008871605598,0.0658182907952454,0.7431892773264634,0.1404756509027517,0.1196879611296611,0.5211393899978968,0.2559991136314509,0.7483514103385929,0.194852546350827,0.4409087435961168,0.61706261130995,0.5933610877701182,0.5415672825524876,0.1470404581661109,0.1764306161875002,0.1477649907541243,0.4509541929948306,0.4720251678567828,0.137491966583931,0.77,14703
0,0,0.8515820727818987,-0.3102868188827299,0.2099817378739689,-0.8501418016187575,0.75109542303634,0.572417393540603,-0.1562753014805711,-0.1416366820533515,-0.7978997938316856,0.3236205791246425,-0.0227923545401725,0.6944368661843512,0.7955514680521634,0.5948481036603745,-0.0899149300929166,0.5596120727206025,-0.7235621864636764,0.0778979877221119,-0.0533651629058409,-0.6097181180560027,0.003937260618411,0.1318858764105538,0.0524213653614924,0.9976580474408536,0.1300963469072261,0.0005519856048086,0.88979340849376,0.0001008871605598,0.0658182907952454,0.7431892773264634,0.1404756509027517,0.1196879611296611,0.5211393899978968,0.2559991136314509,0.7483514103385929,0.194852546350827,0.4409087435961168,0.61706261130995,0.5933610877701182,0.5415672825524876,0.1470404581661109,0.1764306161875002,0.1477649907541243,0.4509541929948306,0.4720251678567828,0.137491966583931,0.77,14789
0,0,0.8515820727818987,-0.3102868188827299,0.2099817378739689,-0.8501418016187575,0.75109542303634,0.572417393540603,-0.1562753014805711,-0.1416366820533515,-0.7978997938316856,0.3236205791246425,-0.0227923545401725,0.6944368661843512,0.7955514680521634,0.5948481036603745,-0.0899149300929166,0.5596120727206025,-0.7235621864636764,0.0778979877221119,-0.0533651629058409,-0.6097181180560027,0.003937260618411,0.1318858764105538,0.0524213653614924,0.9976580474408536,0.1300963469072261,0.0005519856048086,0.88979340849376,0.0001008871605598,0.0658182907952454,0.7431892773264634,0.1404756509027517,0.1196879611296611,0.5211393899978968,0.2559991136314509,0.7483514103385929,0.194852546350827,0.4409087435961168,0.61706261130995,0.5933610877701182,0.5415672825524876,0.1470404581661109,0.1764306161875002,0.1477649907541243,0.4509541929948306,0.4720251678567828,0.137491966583931,0.77,14881
0,0,0.8515820727818987,-0.3102868188827299,0.2099817378739689,-0.8501418016187575,0.75109542303634,0.572417393540603,-0.1562753014805711,-0.1416366820533515,-0.7978997938316856,0.3236205791246425,-0.0227923545401725,0.6944368661843512,0.7955514680521634,0.5948481036603745,-0.0899149300929166,0.5596120727206025,-0.7235621864636764,0.0778979877221119,-0.0533651629058409,-0.6097181180560027,0.003937260618411,0.1318858764105538,0.0524213653614924,0.9976580474408536,0.1300963469072261,0.0005519856048086,0.88979340849376,0.0001008871605598,0.0658182907952454,0.7431892773264634,0.1404756509027517,0.1196879611296611,0.5211393899978968,0.2559991136314509,0.7483514103385929,0.194852546350827,0.4409087435961168,0.61706261130995,0.5933610877701182,0.5415672825524876,0.1470404581661109,0.1764306161875002,0.1477649907541243,0.4509541929948306,0.4720251678567828,0.137491966583931,0.77,14978
0,0,0.8515820727818987,-0.3102868188827299,0.2099817378739689,-0.8501418016187575,0.75109542303634,0.572417393540603,-0.1562753014805711,-0.1416366820533515,-0.7978997938316856,0.3236205791246425,-0.0227923545401725,0.6944368661843512,0.7955514680521634,0.5948481036603745,-0.0899149300929166,0.5596120727206025,-0.7235621864636764,0.0778979877221119,-0.0533651629058409,-0.6097181180560027,0.003937260618411,0.1318858764105538,0.0524213653614924,0.9976580474408536,0.1300963469072261,0.0005519856048086,0.88979340849376,0.0001008871605598,0.0658182907952454,0.7431892773264634,0.1404756509027517,0.1196879611296611,0.5211393899978968,0.2559991136314509,0.7483514103385929,0.194852546350827,0.4409087435961168,0.61706261130995,0.5933610877701182,0.5415672825524876,0.1470404581661109,0.1764306161875002,0.1477649907541243,0.4509541929948306,0.4720251678567828,0.137491966583931,0.77,15073
0,0,0.8515820727818987,-0.3102868188827299,0.2099817378739689,-0.8501418016187575,0.75109542303634,0.572417393540603,-0.1562753014805711,-0.1416366820533515,-0.7978997938316856,0.3236205791246425,-0.0227923545401725,0.6944368661843512,0.7955514680521634,0.5948481036603745,-0.0899149300929166,0.5596120727206025,-0.7235621864636764,0.0778979877221119,-0.0533651629058409,-0.6097181180560027,0.003937260618411,0.1318858764105538,0.0524213653614924,0.9976580474408536,0.1300963469072261,0.0005519856048086,0.88979340849376,0.0001008871605598,0.0658182907952454,0.7431892773264634,0.1404756509027517,0.1196879611296611,0.5211393899978968,0.2559991136314509,0.7483514103385929,0.194852546350827,0.4409087435961168,0.61706261130995,0.5933610877701182,0.5415672825524876,0.1470404581661109,0.1764306161875002,0.1477649907541243,0.4509541929948306,0.4720251678567828,0.137491966583931,0.77,15168
0,0,0.8515820727818987,-0.3102868188827299,0.2099817378739689,-0.8501418016187575,0.75109542303634,0.572417393540603,-0.1562753014805711,-0.1416366820533515,-0.7978997938316856,0.3236205791246425,-0.0227923545401725,0.6944368661843512,0.7955514680521634,0.5948481036603745,-0.0899149300929166,0.5596120727206025,-0.7235621864636764,0.0778979877221119,-0.0533651629058409,-0.6097181180560027,0.003937260618411,0.1318858764105538,0.0524213653614924,0.9976580474408536,0.1300963469072261,0.0005519856048086,0.88979340849376,0.0001008871605598,0.0658182907952454,0.7431892773264634,0.1404756509027517,0.1196879611296611,0.5211393899978968,0.2559991136314509,0.7483514103385929,0.194852546350827,0.4409087435961168,0.61706261130995,0.5933610877701182,0.5415672825524876,0.1470404581661109,0.1764306161875002,0.1477649907541243,0.4509541929948306,0.4720251678567828,0.137491966583931,0.77,15259
0,0,0.8515820727818987,-0.3102868188827299,0.2099817378739689,-0.8501418016187575,0.75109542303634,0.572417393540603,-0.1562753014805711,-0.1416366820533515,-0.7978997938316856,0.3236205791246425,-0.0227923545401725,0.6944368661843512,0.7955514680521634,0.5948481036603745,-0.0899149300929166,0.5596120727206025,-0.7235621864636764,0.0778979877221119,-0.0533651629058409,-0.6097181180560027,0.003937260618411,0.1318858764105538,0.0524213653614924,0.9976580474408536,0.1300963469072261,0.0005519856048086,0.88979340849376,0.0001008871605598,0.0658182907952454,0.7431892773264634,0.1404756509027517,0.1196879611296611,0.5211393899978968,0.2559991136314509,0.7483514103385929,0.194852546350827,0.4409087435961168,0.61706261130995,0.5933610877701182,0.5415672825524876,0.1470404581661109,0.1764306161875002,0.1477649907541243,0.4509541929948306,0.4720251678567828,0.137491966583931,0.77,15351
0,0,0.8515820727818987,-0.3102868188827299,0.2099817378739689,-0.8501418016187575,0.75109542303634,0.572417393540603,-0.1562753014805711,-0.1416366820533515,-0.7978997938316856,0.3236205791246425,-0.0227923545401725,0.6944368661843512,0.7955514680521634,0.5948481036603745,-0.0899149300929166,0.5596120727206025,-0.7235621864636764,0.0778979877221119,-0.0533651629058409,-0.6097181180560027,0.003937260618411,0.1318858764105538,0.0524213653614924,0.9976580474408536,0.1300963469072261,0.0005519856048086,0.88979340849376,0.0001008871605598,0.0658182907952454,0.7431892773264634,0.1404756509027517,0.1196879611296611,0.5211393899978968,0.2559991136314509,0.7483514103385929,0.194852546350827,0.4409087435961168,0.61706261130995,0.5933610877701182,0.5415672825524876,0.1470404581661109,0.1764306161875002,0.1477649907541243,0.4509541929948306,0.4720251678567828,0.137491966583931,0.77,15446
0,0,0.8515820727818987,-0.3102868188827299,0.2099817378739689,-0.8501418016187575,0.75109542303634,0.572417393540603,-0.1562753014805711,-0.1416366820533515,-0.7978997938316856,0.3236205791246425,-0.0227923545401725,0.6944368661843512,0.7955514680521634,0.5948481036603745,-0.0899149300929166,0.5596120727206025,-0.7235621864636764,0.0778979877221119,-0.0533651629058409,-0.6097181180560027,0.003937260618411,0.1318858764105538,0.0524213653614924,0.9976580474408536,0.1300963469072261,0.0005519856048086,0.88979340849376,0.0001008871605598,0.0658182907952454,0.7431892773264634,0.1404756509027517,0.1196879611296611,0.5211393899978968,0.2559991136314509,0.7483514103385929,0.194852546350827,0.4409087435961168,0.61706261130995,0.5933610877701182,0.5415672825524876,0.1470404581661109,0.1764306161875002,0.1477649907541243,0.4509541929948306,0.4720251678567828,0.137491966583931,0.77,15543
0,0,-0.096855767918558,-0.3049944473796157,0.2089690972288819,-0.84574254273724,0.7259610173670189,-0.1008576411717661,0.8443662096737158,-0.1409166914981816,0.0892886059907343,0.3271100673634565,-0.4681890317025226,0.7566468741744704,0.7543022073498279,0.6295264863471729,-0.7220899104668004,0.5567069653149179,-0.7289287189485402,0.1303626795642016,-0.0879076220313797,-0.6131989296644594,0.0056570750859058,0.1326394563843845,0.0525432662424083,1.0,0.1302375270180899,0.0010043798741338,0.8804095594777211,0.0001,0.0664336345597874,0.7422486547195418,0.1478400664858467,0.0825507357235738,0.0001,0.2239011011890639,0.1808591842338872,0.1940298382183629,0.7206437068215517,0.6151806196871128,0.6247555172574819,0.027947901565828,0.1466783926019788,0.1856590253696806,0.429970638271992,0.4649308082025751,0.4560770089473597,0.1423909591971934,0.9,1556
0,0,0.8515820727818987,-0.3102868188827299,0.2099817378739689,-0.8501418016187575,0.75109542303634,0.572417393540603,-0.1562753014805711,-0.1416366820533515,-0.7978997938316856,0.3236205791246425,-0.0227923545401725,0.6944368661843512,0.7955514680521634,0.5948481036603745,-0.0899149300929166,0.5596120727206025,-0.7235621864636764,0.0778979877221119,-0.0533651629058409,-0.6097181180560027,0.003937260618411,0.1318858764105538,0.0524213653614924,0.9976580474408536,0.1300963469072261,0.0005519856048086,0.88979340849376,0.0001008871605598,0.0658182907952454,0.7431892773264634,0.1404756509027517,0.1196879611296611,0.5211393899978968,0.2559991136314509,0.7483514103385929,0.194852546350827,0.4409087435961168,0.61706261130995,0.5933610877701182,0.5415672825524876,0.1470404581661109,0.1764306161875002,0.1477649907541243,0.4509541929948306,0.4720251678567828,0.137491966583931,0.77,15637
0,0,0.8515820727818987,-0.3102868188827299,0.2099817378739689,-0.8501418016187575,0.75109542303634,0.572417393540603,-0.1562753014805711,-0.1416366820533515,-0.7978997938316856,0.3236205791246425,-0.0227923545401725,0.6944368661843512,0.7955514680521634,0.5948481036603745,-0.0899149300929166,0.5596120727206025,-0.7235621864636764,0.0778979877221119,-0.0533651629058409,-0.6097181180560027,0.003937260618411,0.1318858764105538,0.0524213653614924,0.9976580474408536,0.1300963469072261,0.0005519856048086,0.88979340849376,0.0001008871605598,0.0658182907952454,0.7431892773264634,0.1404756509027517,0.1196879611296611,0.5211393899978968,0.2559991136314509,0.7483514103385929,0.194852546350827,0.4409087435961168,0.61706261130995,0.5933610877701182,0.5415672825524876,0.1470404581661109,0.1764306161875002,0.1477649907541243,0.4509541929948306,0.4720251678567828,0.137491966583931,0.77,15730
0,0,0.8515820727818987,-0.3102868188827299,0.2099817378739689,-0.8501418016187575,0.75109542303634,0.572417393540603,-0.1562753014805711,-0.1416366820533515,-0.7978997938316856,0.3236205791246425,-0.0227923545401725,0.6944368661843512,0.7955514680521634,0.5948481036603745,-0.0899149300929166,0.5596120727206025,-0.7235621864636764,0.0778979877221119,-0.0533651629058409,-0.6097181180560027,0.003937260618411,0.1318858764105538,0.0524213653614924,0.9976580474408536,0.1300963469072261,0.0005519856048086,0.88979340849376,0.0001008871605598,0.0658182907952454,0.7431892773264634,0.1404756509027517,0.1196879611296611,0.5211393899978968,0.2559991136314509,0.7483514103385929,0.194852546350827,0.4409087435961168,0.61706261130995,0.5933610877701182,0.5415672825524876,0.1470404581661109,0.1764306161875002,0.1477649907541243,0.4509541929948306,0.4720251678567828,0.137491966583931,0.77,15827
0,0,0.8515820727818987,-0.3102868188827299,0.2099817378739689,-0.8501418016187575,0.75109542303634,0.572417393540603,-0.1562753014805711,-0.1416366820533515,-0.7978997938316856,0.3236205791246425,-0.0227923545401725,0.6944368661843512,0.7955514680521634,0.5948481036603745,-0.0899149300929166,0.5596120727206025,-0.7235621864636764,0.0778979877221119,-0.0533651629058409,-0.6097181180560027,0.003937260618411,0.1318858764105538,0.0524213653614924,0.9976580474408536,0.1300963469072261,0.0005519856048086,0.88979340849376,0.0001008871605598,0.0658182907952454,0.7431892773264634,0.1404756509027517,0.1196879611296611,0.5211393899978968,0.2559991136314509,0.7483514103385929,0.194852546350827,0.4409087435961168,0.61706261130995,0.5933610877701182,0.5415672825524876,0.1470404581661109,0.1764306161875002,0.1477649907541243,0.4509541929948306,0.4720251678567828,0.137491966583931,0.77,15920
0,0,0.8515820727818987,-0.3102868188827299,0.2099817378739689,-0.8501418016187575,0.75109542303634,0.572417393540603,-0.1562753014805711,-0.1416366820533515,-0.7978997938316856,0.3236205791246425,-0.0227923545401725,0.6944368661843512,0.7955514680521634,0.5948481036603745,-0.0899149300929166,0.5596120727206025,-0.7235621864636764,0.0778979877221119,-0.0533651629058409,-0.6097181180560027,0.003937260618411,0.1318858764105538,0.0524213653614924,0.9976580474408536,0.1300963469072261,0.0005519856048086,0.88979340849376,0.0001008871605598,0.0658182907952454,0.7431892773264634,0.1404756509027517,0.1196879611296611,0.5211393899978968,0.2559991136314509,0.7483514103385929,0.194852546350827,0.4409087435961168,0.61706261130995,0.5933610877701182,0.5415672825524876,0.1470404581661109,0.1764306161875002,0.1477649907541243,0.4509541929948306,0.4720251678567828,0.137491966583931,0.77,16010
0,0,0.8515820727818987,-0.3102868188827299,0.2099817378739689,-0.8501418016187575,0.75109542303634,0.572417393540603,-0.1562753014805711,-0.1416366820533515,-0.7978997938316856,0.3236205791246425,-0.0227923545401725,0.6944368661843512,0.7955514680521634,0.5948481036603745,-0.0899149300929166,0.5596120727206025,-0.7235621864636764,0.0778979877221119,-0.0533651629058409,-0.6097181180560027,0.003937260618411,0.1318858764105538,0.0524213653614924,0.9976580474408536,0.1300963469072261,0.0005519856048086,0.88979340849376,0.0001008871605598,0.0658182907952454,0.7431892773264634,0.1404756509027517,0.1196879611296611,0.5211393899978968,0.2559991136314509,0.7483514103385929,0.194852546350827,0.4409087435961168,0.61706261130995,0.5933610877701182,0.5415672825524876,0.1470404581661109,0.1764306161875002,0.1477649907541243,0.4509541929948306,0.4720251678567828,0.137491966583931,0.77,16108
0,0,0.8515820727818987,-0.3102868188827299,0.2099817378739689,-0.8501418016187575,0.75109542303634,0.572417393540603,-0.1562753014805711,-0.1416366820533515,-0.7978997938316856,0.3236205791246425,-0.0227923545401725,0.6944368661843512,0.7955514680521634,0.5948481036603745,-0.0899149300929166,0.5596120727206025,-0.7235621864636764,0.0778979877221119,-0.0533651629058409,-0.6097181180560027,0.003937260618411,0.1318858764105538,0.0524213653614924,0.9976580474408536,0.1300963469072261,0.0005519856048086,0.88979340849376,0.0001008871605598,0.0658182907952454,0.7431892773264634,0.1404756509027517,0.1196879611296611,0.5211393899978968,0.2559991136314509,0.7483514103385929,0.194852546350827,0.4409087435961168,0.61706261130995,0.5933610877701182,0.5415672825524876,0.1470404581661109,0.1764306161875002,0.1477649907541243,0.4509541929948306,0.4720251678567828,0.137491966583931,0.77,16203
0,0,0.8515820727818987,-0.3102868188827299,0.2099817378739689,-0.8501418016187575,0.75109542303634,0.572417393540603,-0.1562753014805711,-0.1416366820533515,-0.7978997938316856,0.3236205791246425,-0.0227923545401725,0.6944368661843512,0.7955514680521634,0.5948481036603745,-0.0899149300929166,0.5596120727206025,-0.7235621864636764,0.0778979877221119,-0.0533651629058409,-0.6097181180560027,0.003937260618411,0.1318858764105538,0.0524213653614924,0.9976580474408536,0.1300963469072261,0.0005519856048086,0.88979340849376,0.0001008871605598,0.0658182907952454,0.7431892773264634,0.1404756509027517,0.1196879611296611,0.5211393899978968,0.2559991136314509,0.7483514103385929,0.194852546350827,0.4409087435961168,0.61706261130995,0.5933610877701182,0.5415672825524876,0.1470404581661109,0.1764306161875002,0.1477649907541243,0.4509541929948306,0.4720251678567828,0.137491966583931,0.77,16298
0,0,0.8515820727818987,-0.3102868188827299,0.2099817378739689,-0.8501418016187575,0.75109542303634,0.572417393540603,-0.1562753014805711,-0.1416366820533515,-0.7978997938316856,0.3236205791246425,-0.0227923545401725,0.6944368661843512,0.7955514680521634,0.5948481036603745,-0.0899149300929166,0.5596120727206025,-0.7235621864636764,0.0778979877221119,-0.0533651629058409,-0.6097181180560027,0.003937260618411,0.1318858764105538,0.0524213653614924,0.9976580474408536,0.1300963469072261,0.0005519856048086,0.88979340849376,0.0001008871605598,0.0658182907952454,0.7431892773264634,0.1404756509027517,0.1196879611296611,0.5211393899978968,0.2559991136314509,0.7483514103385929,0.194852546350827,0.4409087435961168,0.61706261130995,0.5933610877701182,0.5415672825524876,0.1470404581661109,0.1764306161875002,0.1477649907541243,0.4509541929948306,0.4720251678567828,0.137491966583931,0.77,16387
0,0,0.8515820727818987,-0.3102868188827299,0.2099817378739689,-0.8501418016187575,0.75109542303634,0.572417393540603,-0.1562753014805711,-0.1416366820533515,-0.7978997938316856,0.3236205791246425,-0.0227923545401725,0.6944368661843512,0.7955514680521634,0.5948481036603745,-0.0899149300929166,0.5596120727206025,-0.7235621864636764,0.0778979877221119,-0.0533651629058409,-0.6097181180560027,0.003937260618411,0.1318858764105538,0.0524213653614924,0.9976580474408536,0.1300963469072261,0.0005519856048086,0.88979340849376,0.0001008871605598,0.0658182907952454,0.7431892773264634,0.1404756509027517,0.1196879611296611,0.5211393899978968,0.2559991136314509,0.7483514103385929,0.194852546350827,0.4409087435961168,0.61706261130995,0.5933610877701182,0.5415672825524876,0.1470404581661109,0.1764306161875002,0.1477649907541243,0.4509541929948306,0.4720251678567828,0.137491966583931,0.77,16477
0,0,-0.096855767918558,-0.3049944473796157,0.2089690972288819,-0.84574254273724,0.7259610173670189,-0.1008576411717661,0.8443662096737158,-0.1409166914981816,0.0892886059907343,0.3271100673634565,-0.4681890317025226,0.7566468741744704,0.7543022073498279,0.6295264863471729,-0.7220899104668004,0.5567069653149179,-0.7289287189485402,0.1303626795642016,-0.0879076220313797,-0.6131989296644594,0.0056570750859058,0.1326394563843845,0.0525432662424083,1.0,0.1302375270180899,0.0010043798741338,0.8804095594777211,0.0001,0.0664336345597874,0.7422486547195418,0.1478400664858467,0.0825507357235738,0.0001,0.2239011011890639,0.1808591842338872,0.1940298382183629,0.7206437068215517,0.6151806196871128,0.6247555172574819,0.027947901565828,0.1466783926019788,0.1856590253696806,0.429970638271992,0.4649308082025751,0.4560770089473597,0.1423909591971934,0.9,1656
0,0,0.8515820727818987,-0.3102868188827299,0.2099817378739689,-0.8501418016187575,0.75109542303634,0.572417393540603,-0.1562753014805711,-0.1416366820533515,-0.7978997938316856,0.3236205791246425,-0.0227923545401725,0.6944368661843512,0.7955514680521634,0.5948481036603745,-0.0899149300929166,0.5596120727206025,-0.7235621864636764,0.0778979877221119,-0.0533651629058409,-0.6097181180560027,0.003937260618411,0.1318858764105538,0.0524213653614924,0.9976580474408536,0.1300963469072261,0.0005519856048086,0.88979340849376,0.0001008871605598,0.0658182907952454,0.7431892773264634,0.1404756509027517,0.1196879611296611,0.5211393899978968,0.2559991136314509,0.7483514103385929,0.194852546350827,0.4409087435961168,0.61706261130995,0.5933610877701182,0.5415672825524876,0.1470404581661109,0.1764306161875002,0.1477649907541243,0.4509541929948306,0.4720251678567828,0.137491966583931,0.77,16570
0,0,0.8515820727818987,-0.3102868188827299,0.2099817378739689,-0.8501418016187575,0.75109542303634,0.572417393540603,-0.1562753014805711,-0.1416366820533515,-0.7978997938316856,0.3236205791246425,-0.0227923545401725,0.6944368661843512,0.7955514680521634,0.5948481036603745,-0.0899149300929166,0.5596120727206025,-0.7235621864636764,0.0778979877221119,-0.0533651629058409,-0.6097181180560027,0.003937260618411,0.1318858764105538,0.0524213653614924,0.9976580474408536,0.1300963469072261,0.0005519856048086,0.88979340849376,0.0001008871605598,0.0658182907952454,0.7431892773264634,0.1404756509027517,0.1196879611296611,0.5211393899978968,0.2559991136314509,0.7483514103385929,0.194852546350827,0.4409087435961168,0.61706261130995,0.5933610877701182,0.5415672825524876,0.1470404581661109,0.1764306161875002,0.1477649907541243,0.4509541929948306,0.4720251678567828,0.137491966583931,0.77,16666
0,0,0.8515820727818987,-0.3102868188827299,0.2099817378739689,-0.8501418016187575,0.75109542303634,0.572417393540603,-0.1562753014805711,-0.1416366820533515,-0.7978997938316856,0.3236205791246425,-0.0227923545401725,0.6944368661843512,0.7955514680521634,0.5948481036603745,-0.0899149300929166,0.5596120727206025,-0.7235621864636764,0.0778979877221119,-0.0533651629058409,-0.6097181180560027,0.003937260618411,0.1318858764105538,0.0524213653614924,0.9976580474408536,0.1300963469072261,0.0005519856048086,0.88979340849376,0.0001008871605598,0.0658182907952454,0.7431892773264634,0.1404756509027517,0.1196879611296611,0.5211393899978968,0.2559991136314509,0.7483514103385929,0.194852546350827,0.4409087435961168,0.61706261130995,0.5933610877701182,0.5415672825524876,0.1470404581661109,0.1764306161875002,0.1477649907541243,0.4509541929948306,0.4720251678567828,0.137491966583931,0.77,16760
0,0,0.8515820727818987,-0.3102868188827299,0.2099817378739689,-0.8501418016187575,0.75109542303634,0.572417393540603,-0.1562753014805711,-0.1416366820533515,-0.7978997938316856,0.3236205791246425,-0.0227923545401725,0.6944368661843512,0.7955514680521634,0.5948481036603745,-0.0899149300929166,0.5596120727206025,-0.7235621864636764,0.0778979877221119,-0.0533651629058409,-0.6097181180560027,0.003937260618411,0.1318858764105538,0.0524213653614924,0.9976580474408536,0.1300963469072261,0.0005519856048086,0.88979340849376,0.0001008871605598,0.0658182907952454,0.7431892773264634,0.1404756509027517,0.1196879611296611,0.5211393899978968,0.2559991136314509,0.7483514103385929,0.194852546350827,0.4409087435961168,0.61706261130995,0.5933610877701182,0.5415672825524876,0.1470404581661109,0.1764306161875002,0.1477649907541243,0.4509541929948306,0.4720251678567828,0.137491966583931,0.77,16848
0,0,0.8515820727818987,-0.3102868188827299,0.2099817378739689,-0.8501418016187575,0.75109542303634,0.572417393540603,-0.1562753014805711,-0.1416366820533515,-0.7978997938316856,0.3236205791246425,-0.0227923545401725,0.6944368661843512,0.7955514680521634,0.5948481036603745,-0.0899149300929166,0.5596120727206025,-0.7235621864636764,0.0778979877221119,-0.0533651629058409,-0.6097181180560027,0.003937260618411,0.1318858764105538,0.0524213653614924,0.9976580474408536,0.1300963469072261,0.0005519856048086,0.88979340849376,0.0001008871605598,0.0658182907952454,0.7431892773264634,0.1404756509027517,0.1196879611296611,0.5211393899978968,0.2559991136314509,0.7483514103385929,0.194852546350827,0.4409087435961168,0.61706261130995,0.5933610877701182,0.5415672825524876,0.1470404581661109,0.1764306161875002,0.1477649907541243,0.4509541929948306,0.4720251678567828,0.137491966583931,0.77,16940
0,0,0.8515820727818987,-0.3102868188827299,0.2099817378739689,-0.8501418016187575,0.75109542303634,0.572417393540603,-0.1562753014805711,-0.1416366820533515,-0.7978997938316856,0.3236205791246425,-0.0227923545401725,0.6944368661843512,0.7955514680521634,0.5948481036603745,-0.0899149300929166,0.5596120727206025,-0.7235621864636764,0.0778979877221119,-0.0533651629058409,-0.6097181180560027,0.003937260618411,0.1318858764105538,0.0524213653614924,0.9976580474408536,0.1300963469072261,0.0005519856048086,0.88979340849376,0.0001008871605598,0.0658182907952454,0.7431892773264634,0.1404756509027517,0.1196879611296611,0.5211393899978968,0.2559991136314509,0.7483514103385929,0.194852546350827,0.4409087435961168,0.61706261130995,0.5933610877701182,0.5415672825524876,0.1470404581661109,0.1764306161875002,0.1477649907541243,0.4509541929948306,0.4720251678567828,0.137491966583931,0.77,17032
0,0,0.8515820727818987,-0.3102868188827299,0.2099817378739689,-0.8501418016187575,0.75109542303634,0.572417393540603,-0.1562753014805711,-0.1416366820533515,-0.7978997938316856,0.3236205791246425,-0.0227923545401725,0.6944368661843512,0.7955514680521634,0.5948481036603745,-0.0899149300929166,0.5596120727206025,-0.7235621864636764,0.0778979877221119,-0.0533651629058409,-0.6097181180560027,0.003937260618411,0.1318858764105538,0.0524213653614924,0.9976580474408536,0.1300963469072261,0.0005519856048086,0.88979340849376,0.0001008871605598,0.0658182907952454,0.7431892773264634,0.1404756509027517,0.1196879611296611,0.5211393899978968,0.2559991136314509,0.7483514103385929,0.194852546350827,0.4409087435961168,0.61706261130995,0.5933610877701182,0.5415672825524876,0.1470404581661109,0.1764306161875002,0.1477649907541243,0.4509541929948306,0.4720251678567828,0.137491966583931,0.77,17128
0,0,0.8515820727818987,-0.3102868188827299,0.2099817378739689,-0.8501418016187575,0.75109542303634,0.572417393540603,-0.1562753014805711,-0.1416366820533515,-0.7978997938316856,0.3236205791246425,-0.0227923545401725,0.6944368661843512,0.7955514680521634,0.5948481036603745,-0.0899149300929166,0.5596120727206025,-0.7235621864636764,0.0778979877221119,-0.0533651629058409,-0.6097181180560027,0.003937260618411,0.1318858764105538,0.0524213653614924,0.9976580474408536,0.1300963469072261,0.0005519856048086,0.88979340849376,0.0001008871605598,0.0658182907952454,0.7431892773264634,0.1404756509027517,0.1196879611296611,0.5211393899978968,0.2559991136314509,0.7483514103385929,0.194852546350827,0.4409087435961168,0.61706261130995,0.5933610877701182,0.5415672825524876,0.1470404581661109,0.1764306161875002,0.1477649907541243,0.4509541929948306,0.4720251678567828,0.137491966583931,0.77,17224
0,0,0.8515820727818987,-0.3102868188827299,0.2099817378739689,-0.8501418016187575,0.75109542303634,0.572417393540603,-0.1562753014805711,-0.1416366820533515,-0.7978997938316856,0.3236205791246425,-0.0227923545401725,0.6944368661843512,0.7955514680521634,0.5948481036603745,-0.0899149300929166,0.5596120727206025,-0.7235621864636764,0.0778979877221119,-0.0533651629058409,-0.6097181180560027,0.003937260618411,0.1318858764105538,0.0524213653614924,0.9976580474408536,0.1300963469072261,0.0005519856048086,0.88979340849376,0.0001008871605598,0.0658182907952454,0.7431892773264634,0.1404756509027517,0.1196879611296611,0.5211393899978968,0.2559991136314509,0.7483514103385929,0.194852546350827,0.4409087435961168,0.61706261130995,0.5933610877701182,0.5415672825524876,0.1470404581661109,0.1764306161875002,0.1477649907541243,0.4509541929948306,0.4720251678567828,0.137491966583931,0.77,17317
0,0,0.8515820727818987,-0.3102868188827299,0.2099817378739689,-0.8501418016187575,0.75109542303634,0.572417393540603,-0.1562753014805711,-0.1416366820533515,-0.7978997938316856,0.3236205791246425,-0.0227923545401725,0.6944368661843512,0.7955514680521634,0.5948481036603745,-0.0899149300929166,0.5596120727206025,-0.7235621864636764,0.0778979877221119,-0.0533651629058409,-0.6097181180560027,0.003937260618411,0.1318858764105538,0.0524213653614924,0.9976580474408536,0.1300963469072261,0.0005519856048086,0.88979340849376,0.0001008871605598,0.0658182907952454,0.7431892773264634,0.1404756509027517,0.1196879611296611,0.5211393899978968,0.2559991136314509,0.7483514103385929,0.194852546350827,0.4409087435961168,0.61706261130995,0.5933610877701182,0.5415672825524876,0.1470404581661109,0.1764306161875002,0.1477649907541243,0.4509541929948306,0.4720251678567828,0.137491966583931,0.77,17409
0,0,0.8515820727818987,-0.3102868188827299,0.2099817378739689,-0.8501418016187575,0.75109542303634,0.572417393540603,-0.1562753014805711,-0.1416366820533515,-0.7978997938316856,0.3236205791246425,-0.0227923545401725,0.6944368661843512,0.7955514680521634,0.5948481036603745,-0.0899149300929166,0.5596120727206025,-0.7235621864636764,0.0778979877221119,-0.0533651629058409,-0.6097181180560027,0.003937260618411,0.1318858764105538,0.0524213653614924,0.9976580474408536,0.1300963469072261,0.0005519856048086,0.88979340849376,0.0001008871605598,0.0658182907952454,0.7431892773264634,0.1404756509027517,0.1196879611296611,0.5211393899978968,0.2559991136314509,0.7483514103385929,0.194852546350827,0.4409087435961168,0.61706261130995,0.5933610877701182,0.5415672825524876,0.1470404581661109,0.1764306161875002,0.1477649907541243,0.4509541929948306,0.4720251678567828,0.137491966583931,0.77,17503
0,0,-0.096855767918558,-0.3049944473796157,0.2089690972288819,-0.84574254273724,0.7259610173670189,-0.1008576411717661,0.8443662096737158,-0.1409166914981816,0.0892886059907343,0.3271100673634565,-0.4681890317025226,0.7566468741744704,0.7543022073498279,0.6295264863471729,-0.7220899104668004,0.5567069653149179,-0.7289287189485402,0.1303626795642016,-0.0879076220313797,-0.6131989296644594,0.0056570750859058,0.1326394563843845,0.0525432662424083,1.0,0.1302375270180899,0.0010043798741338,0.8804095594777211,0.0001,0.0664336345597874,0.7422486547195418,0.1478400664858467,0.0825507357235738,0.0001,0.2239011011890639,0.1808591842338872,0.1940298382183629,0.7206437068215517,0.6151806196871128,0.6247555172574819,0.027947901565828,0.1466783926019788,0.1856590253696806,0.429970638271992,0.4649308082025751,0.4560770089473597,0.1423909591971934,0.9,1751
0,0,0.8515820727818987,-0.3102868188827299,0.2099817378739689,-0.8501418016187575,0.75109542303634,0.572417393540603,-0.1562753014805711,-0.1416366820533515,-0.7978997938316856,0.3236205791246425,-0.0227923545401725,0.6944368661843512,0.7955514680521634,0.5948481036603745,-0.0899149300929166,0.5596120727206025,-0.7235621864636764,0.0778979877221119,-0.0533651629058409,-0.6097181180560027,0.003937260618411,0.1318858764105538,0.0524213653614924,0.9976580474408536,0.1300963469072261,0.0005519856048086,0.88979340849376,0.0001008871605598,0.0658182907952454,0.7431892773264634,0.1404756509027517,0.1196879611296611,0.5211393899978968,0.2559991136314509,0.7483514103385929,0.194852546350827,0.4409087435961168,0.61706261130995,0.5933610877701182,0.5415672825524876,0.1470404581661109,0.1764306161875002,0.1477649907541243,0.4509541929948306,0.4720251678567828,0.137491966583931,0.77,17594
0,0,0.8515820727818987,-0.3102868188827299,0.2099817378739689,-0.8501418016187575,0.75109542303634,0.572417393540603,-0.1562753014805711,-0.1416366820533515,-0.7978997938316856,0.3236205791246425,-0.0227923545401725,0.6944368661843512,0.7955514680521634,0.5948481036603745,-0.0899149300929166,0.5596120727206025,-0.7235621864636764,0.0778979877221119,-0.0533651629058409,-0.6097181180560027,0.003937260618411,0.1318858764105538,0.0524213653614924,0.9976580474408536,0.1300963469072261,0.0005519856048086,0.88979340849376,0.0001008871605598,0.0658182907952454,0.7431892773264634,0.1404756509027517,0.1196879611296611,0.5211393899978968,0.2559991136314509,0.7483514103385929,0.194852546350827,0.4409087435961168,0.61706261130995,0.5933610877701182,0.5415672825524876,0.1470404581661109,0.1764306161875002,0.1477649907541243,0.4509541929948306,0.4720251678567828,0.137491966583931,0.77,17690
0,0,0.8515820727818987,-0.3102868188827299,0.2099817378739689,-0.8501418016187575,0.75109542303634,0.572417393540603,-0.1562753014805711,-0.1416366820533515,-0.7978997938316856,0.3236205791246425,-0.0227923545401725,0.6944368661843512,0.7955514680521634,0.5948481036603745,-0.0899149300929166,0.5596120727206025,-0.7235621864636764,0.0778979877221119,-0.0533651629058409,-0.6097181180560027,0.003937260618411,0.1318858764105538,0.0524213653614924,0.9976580474408536,0.1300963469072261,0.0005519856048086,0.88979340849376,0.0001008871605598,0.0658182907952454,0.7431892773264634,0.1404756509027517,0.1196879611296611,0.5211393899978968,0.2559991136314509,0.7483514103385929,0.194852546350827,0.4409087435961168,0.61706261130995,0.5933610877701182,0.5415672825524876,0.1470404581661109,0.1764306161875002,0.1477649907541243,0.4509541929948306,0.4720251678567828,0.137491966583931,0.77,17790
0,0,0.8515820727818987,-0.3102868188827299,0.2099817378739689,-0.8501418016187575,0.75109542303634,0.572417393540603,-0.1562753014805711,-0.1416366820533515,-0.7978997938316856,0.3236205791246425,-0.0227923545401725,0.6944368661843512,0.7955514680521634,0.5948481036603745,-0.0899149300929166,0.5596120727206025,-0.7235621864636764,0.0778979877221119,-0.0533651629058409,-0.6097181180560027,0.003937260618411,0.1318858764105538,0.0524213653614924,0.9976580474408536,0.1300963469072261,0.0005519856048086,0.88979340849376,0.0001008871605598,0.0658182907952454,0.7431892773264634,0.1404756509027517,0.1196879611296611,0.5211393899978968,0.2559991136314509,0.7483514103385929,0.194852546350827,0.4409087435961168,0.61706261130995,0.5933610877701182,0.5415672825524876,0.1470404581661109,0.1764306161875002,0.1477649907541243,0.4509541929948306,0.4720251678567828,0.137491966583931,0.77,17883
0,0,0.8515820727818987,-0.3102868188827299,0.2099817378739689,-0.8501418016187575,0.75109542303634,0.572417393540603,-0.1562753014805711,-0.1416366820533515,-0.7978997938316856,0.3236205791246425,-0.0227923545401725,0.6944368661843512,0.7955514680521634,0.5948481036603745,-0.0899149300929166,0.5596120727206025,-0.7235621864636764,0.0778979877221119,-0.0533651629058409,-0.6097181180560027,0.003937260618411,0.1318858764105538,0.0524213653614924,0.9976580474408536,0.1300963469072261,0.0005519856048086,0.88979340849376,0.0001008871605598,0.0658182907952454,0.7431892773264634,0.1404756509027517,0.1196879611296611,0.5211393899978968,0.2559991136314509,0.7483514103385929,0.194852546350827,0.4409087435961168,0.61706261130995,0.5933610877701182,0.5415672825524876,0.1470404581661109,0.1764306161875002,0.1477649907541243,0.4509541929948306,0.4720251678567828,0.137491966583931,0.77,17978
0,0,0.8515820727818987,-0.3102868188827299,0.2099817378739689,-0.8501418016187575,0.75109542303634,0.572417393540603,-0.1562753014805711,-0.1416366820533515,-0.7978997938316856,0.3236205791246425,-0.0227923545401725,0.6944368661843512,0.7955514680521634,0.5948481036603745,-0.0899149300929166,0.5596120727206025,-0.7235621864636764,0.0778979877221119,-0.0533651629058409,-0.6097181180560027,0.003937260618411,0.1318858764105538,0.0524213653614924,0.9976580474408536,0.1300963469072261,0.0005519856048086,0.88979340849376,0.0001008871605598,0.0658182907952454,0.7431892773264634,0.1404756509027517,0.1196879611296611,0.5211393899978968,0.2559991136314509,0.7483514103385929,0.194852546350827,0.4409087435961168,0.61706261130995,0.5933610877701182,0.5415672825524876,0.1470404581661109,0.1764306161875002,0.1477649907541243,0.4509541929948306,0.4720251678567828,0.137491966583931,0.77,18072
0,0,0.6407610076381495,-0.2896312917778125,0.0510803894426436,-0.8516609922317621,0.132484428370131,0.5715371617460968,0.0541864731373086,-0.1417806950288363,-0.4864685772839422,0.1412870890189311,-0.0009688720422725,0.4060468917952879,0.234192265004699,0.5549974019961418,0.0140576463190273,0.3547591622186937,-0.4289470243255512,0.1273973104704045,0.0152293951960787,-0.4844704194330868,0.0027958011959606,0.1321402465769226,0.0524971529590221,0.9985628949714308,0.1299663533732784,0.000840779142992,0.8886985284243151,0.0002029185103068,0.0655687867978563,0.744738069547906,0.2297179975755858,0.3392542327168591,0.5052206273191041,0.3879438869616712,0.7122999315086683,0.3384193364242871,0.4399805827743853,0.5979807061899549,0.5142012940582728,0.5506605763784594,0.1221470276265178,0.1764238571785311,0.1479051156907494,0.4534504804121284,0.4591042182441102,0.3321146908352806,0.76,18165
0,0,0.6407610076381495,-0.2896312917778125,0.0510803894426436,-0.8516609922317621,0.132484428370131,0.5715371617460968,0.0541864731373086,-0.1417806950288363,-0.4864685772839422,0.1412870890189311,-0.0009688720422725,0.4060468917952879,0.234192265004699,0.5549974019961418,0.0140576463190273,0.3547591622186937,-0.4289470243255512,0.1273973104704045,0.0152293951960787,-0.4844704194330868,0.0027958011959606,0.1321402465769226,0.0524971529590221,0.9985628949714308,0.1299663533732784,0.000840779142992,0.8886985284243151,0.0002029185103068,0.0655687867978563,0.744738069547906,0.2297179975755858,0.3392542327168591,0.5052206273191041,0.3879438869616712,0.7122999315086683,0.3384193364242871,0.4399805827743853,0.5979807061899549,0.5142012940582728,0.5506605763784594,0.1221470276265178,0.1764238571785311,0.1479051156907494,0.4534504804121284,0.4591042182441102,0.3321146908352806,0.76,18260
0,0,0.6407610076381495,-0.2896312917778125,0.0510803894426436,-0.8516609922317621,0.132484428370131,0.5715371617460968,0.0541864731373086,-0.1417806950288363,-0.4864685772839422,0.1412870890189311,-0.0009688720422725,0.4060468917952879,0.234192265004699,0.5549974019961418,0.0140576463190273,0.3547591622186937,-0.4289470243255512,0.1273973104704045,0.0152293951960787,-0.4844704194330868,0.0027958011959606,0.1321402465769226,0.0524971529590221,0.9985628949714308,0.1299663533732784,0.000840779142992,0.8886985284243151,0.0002029185103068,0.0655687867978563,0.744738069547906,0.2297179975755858,0.3392542327168591,0.5052206273191041,0.3879438869616712,0.7122999315086683,0.3384193364242871,0.4399805827743853,0.5979807061899549,0.5142012940582728,0.5506605763784594,0.1221470276265178,0.1764238571785311,0.1479051156907494,0.4534504804121284,0.4591042182441102,0.3321146908352806,0.76,18354
0,0,0.6407610076381495,-0.2896312917778125,0.0510803894426436,-0.8516609922317621,0.132484428370131,0.5715371617460968,0.0541864731373086,-0.1417806950288363,-0.4864685772839422,0.1412870890189311,-0.0009688720422725,0.4060468917952879,0.234192265004699,0.5549974019961418,0.0140576463190273,0.3547591622186937,-0.4289470243255512,0.1273973104704045,0.0152293951960787,-0.4844704194330868,0.0027958011959606,0.1321402465769226,0.0524971529590221,0.9985628949714308,0.1299663533732784,0.000840779142992,0.8886985284243151,0.0002029185103068,0.0655687867978563,0.744738069547906,0.2297179975755858,0.3392542327168591,0.5052206273191041,0.3879438869616712,0.7122999315086683,0.3384193364242871,0.4399805827743853,0.5979807061899549,0.5142012940582728,0.5506605763784594,0.1221470276265178,0.1764238571785311,0.1479051156907494,0.4534504804121284,0.4591042182441102,0.3321146908352806,0.76,18453
0,0,-0.0958021160294246,-0.3127136268528225,0.2117333899198624,-0.8413858701329066,0.7276993580873885,-0.1298963097978927,0.8446575004117101,-0.1414442191723559,-0.5692173687067348,0.3265975486027805,-0.4682206396912935,0.7548258934850772,0.4924752993292234,0.5673307155679705,-0.7210578448606706,0.7547154098224845,-0.7279876303353048,0.1029332889601362,-0.0879654339888608,-0.6132662016598586,0.0051433286133598,0.1338346860121534,0.0518100263031039,0.9987132125417238,0.1286579095348047,0.0009033377924895,0.8792237889051079,0.0010568345284043,0.0650427713301285,0.7417139894508202,0.1454151056233794,0.0820803946899806,0.0006967121936806,0.2260588591004673,0.1744461957739677,0.2086896137529647,0.6509123730499304,0.5563572363821921,0.6289921504633555,0.0280293349173747,0.1469462422272774,0.1901421383079501,0.4566563202279582,0.766377694673515,0.489460507381411,0.1427027623065294,0.89,1848
0,0,0.6407610076381495,-0.2896312917778125,0.0510803894426436,-0.8516609922317621,0.132484428370131,0.5715371617460968,0.0541864731373086,-0.1417806950288363,-0.4864685772839422,0.1412870890189311,-0.0009688720422725,0.4060468917952879,0.234192265004699,0.5549974019961418,0.0140576463190273,0.3547591622186937,-0.4289470243255512,0.1273973104704045,0.0152293951960787,-0.4844704194330868,0.0027958011959606,0.1321402465769226,0.0524971529590221,0.9985628949714308,0.1299663533732784,0.000840779142992,0.8886985284243151,0.0002029185103068,0.0655687867978563,0.744738069547906,0.2297179975755858,0.3392542327168591,0.5052206273191041,0.3879438869616712,0.7122999315086683,0.3384193364242871,0.4399805827743853,0.5979807061899549,0.5142012940582728,0.5506605763784594,0.1221470276265178,0.1764238571785311,0.1479051156907494,0.4534504804121284,0.4591042182441102,0.3321146908352806,0.76,18553
0,0,0.6407610076381495,-0.2896312917778125,0.0510803894426436,-0.8516609922317621,0.132484428370131,0.5715371617460968,0.0541864731373086,-0.1417806950288363,-0.4864685772839422,0.1412870890189311,-0.0009688720422725,0.4060468917952879,0.234192265004699,0.5549974019961418,0.0140576463190273,0.3547591622186937,-0.4289470243255512,0.1273973104704045,0.0152293951960787,-0.4844704194330868,0.0027958011959606,0.1321402465769226,0.0524971529590221,0.9985628949714308,0.1299663533732784,0.000840779142992,0.8886985284243151,0.0002029185103068,0.0655687867978563,0.744738069547906,0.2297179975755858,0.3392542327168591,0.5052206273191041,0.3879438869616712,0.7122999315086683,0.3384193364242871,0.4399805827743853,0.5979807061899549,0.5142012940582728,0.5506605763784594,0.1221470276265178,0.1764238571785311,0.1479051156907494,0.4534504804121284,0.4591042182441102,0.3321146908352806,0.76,18650
0,0,0.6407610076381495,-0.2896312917778125,0.0510803894426436,-0.8516609922317621,0.132484428370131,0.5715371617460968,0.0541864731373086,-0.1417806950288363,-0.4864685772839422,0.1412870890189311,-0.0009688720422725,0.4060468917952879,0.234192265004699,0.5549974019961418,0.0140576463190273,0.3547591622186937,-0.4289470243255512,0.1273973104704045,0.0152293951960787,-0.4844704194330868,0.0027958011959606,0.1321402465769226,0.0524971529590221,0.9985628949714308,0.1299663533732784,0.000840779142992,0.8886985284243151,0.0002029185103068,0.0655687867978563,0.744738069547906,0.2297179975755858,0.3392542327168591,0.5052206273191041,0.3879438869616712,0.7122999315086683,0.3384193364242871,0.4399805827743853,0.5979807061899549,0.5142012940582728,0.5506605763784594,0.1221470276265178,0.1764238571785311,0.1479051156907494,0.4534504804121284,0.4591042182441102,0.3321146908352806,0.76,18749
0,0,0.6407610076381495,-0.2896312917778125,0.0510803894426436,-0.8516609922317621,0.132484428370131,0.5715371617460968,0.0541864731373086,-0.1417806950288363,-0.4864685772839422,0.1412870890189311,-0.0009688720422725,0.4060468917952879,0.234192265004699,0.5549974019961418,0.0140576463190273,0.3547591622186937,-0.4289470243255512,0.1273973104704045,0.0152293951960787,-0.4844704194330868,0.0027958011959606,0.1321402465769226,0.0524971529590221,0.9985628949714308,0.1299663533732784,0.000840779142992,0.8886985284243151,0.0002029185103068,0.0655687867978563,0.744738069547906,0.2297179975755858,0.3392542327168591,0.5052206273191041,0.3879438869616712,0.7122999315086683,0.3384193364242871,0.4399805827743853,0.5979807061899549,0.5142012940582728,0.5506605763784594,0.1221470276265178,0.1764238571785311,0.1479051156907494,0.4534504804121284,0.4591042182441102,0.3321146908352806,0.76,18847
0,0,0.6407610076381495,-0.2896312917778125,0.0510803894426436,-0.8516609922317621,0.132484428370131,0.5715371617460968,0.0541864731373086,-0.1417806950288363,-0.4864685772839422,0.1412870890189311,-0.0009688720422725,0.4060468917952879,0.234192265004699,0.5549974019961418,0.0140576463190273,0.3547591622186937,-0.4289470243255512,0.1273973104704045,0.0152293951960787,-0.4844704194330868,0.0027958011959606,0.1321402465769226,0.0524971529590221,0.9985628949714308,0.1299663533732784,0.000840779142992,0.8886985284243151,0.0002029185103068,0.0655687867978563,0.744738069547906,0.2297179975755858,0.3392542327168591,0.5052206273191041,0.3879438869616712,0.7122999315086683,0.3384193364242871,0.4399805827743853,0.5979807061899549,0.5142012940582728,0.5506605763784594,0.1221470276265178,0.1764238571785311,0.1479051156907494,0.4534504804121284,0.4591042182441102,0.3321146908352806,0.76,18948
0,0,0.6407610076381495,-0.2896312917778125,0.0510803894426436,-0.8516609922317621,0.132484428370131,0.5715371617460968,0.0541864731373086,-0.1417806950288363,-0.4864685772839422,0.1412870890189311,-0.0009688720422725,0.4060468917952879,0.234192265004699,0.5549974019961418,0.0140576463190273,0.3547591622186937,-0.4289470243255512,0.1273973104704045,0.0152293951960787,-0.4844704194330868,0.0027958011959606,0.1321402465769226,0.0524971529590221,0.9985628949714308,0.1299663533732784,0.000840779142992,0.8886985284243151,0.0002029185103068,0.0655687867978563,0.744738069547906,0.2297179975755858,0.3392542327168591,0.5052206273191041,0.3879438869616712,0.7122999315086683,0.3384193364242871,0.4399805827743853,0.5979807061899549,0.5142012940582728,0.5506605763784594,0.1221470276265178,0.1764238571785311,0.1479051156907494,0.4534504804121284,0.4591042182441102,0.3321146908352806,0.76,19046
0,0,0.6407610076381495,-0.2896312917778125,0.0510803894426436,-0.8516609922317621,0.132484428370131,0.5715371617460968,0.0541864731373086,-0.1417806950288363,-0.4864685772839422,0.1412870890189311,-0.0009688720422725,0.4060468917952879,0.234192265004699,0.5549974019961418,0.0140576463190273,0.3547591622186937,-0.4289470243255512,0.1273973104704045,0.0152293951960787,-0.4844704194330868,0.0027958011959606,0.1321402465769226,0.0524971529590221,0.9985628949714308,0.1299663533732784,0.000840779142992,0.8886985284243151,0.0002029185103068,0.0655687867978563,0.744738069547906,0.2297179975755858,0.3392542327168591,0.5052206273191041,0.3879438869616712,0.7122999315086683,0.3384193364242871,0.4399805827743853,0.5979807061899549,0.5142012940582728,0.5506605763784594,0.1221470276265178,0.1764238571785311,0.1479051156907494,0.4534504804121284,0.4591042182441102,0.3321146908352806,0.76,19145
0,0,0.6407610076381495,-0.2896312917778125,0.0510803894426436,-0.8516609922317621,0.132484428370131,0.5715371617460968,0.0541864731373086,-0.1417806950288363,-0.4864685772839422,0.1412870890189311,-0.0009688720422725,0.4060468917952879,0.234192265004699,0.5549974019961418,0.0140576463190273,0.3547591622186937,-0.4289470243255512,0.1273973104704045,0.0152293951960787,-0.4844704194330868,0.0027958011959606,0.1321402465769226,0.0524971529590221,0.9985628949714308,0.1299663533732784,0.000840779142992,0.8886985284243151,0.0002029185103068,0.0655687867978563,0.744738069547906,0.2297179975755858,0.3392542327168591,0.5052206273191041,0.3879438869616712,0.7122999315086683,0.3384193364242871,0.4399805827743853,0.5979807061899549,0.5142012940582728,0.5506605763784594,0.1221470276265178,0.1764238571785311,0.1479051156907494,0.4534504804121284,0.4591042182441102,0.3321146908352806,0.76,19242
0,0,0.6407610076381495,-0.2896312917778125,0.0510803894426436,-0.8516609922317621,0.132484428370131,0.5715371617460968,0.0541864731373086,-0.1417806950288363,-0.4864685772839422,0.1412870890189311,-0.0009688720422725,0.4060468917952879,0.234192265004699,0.5549974019961418,0.0140576463190273,0.3547591622186937,-0.4289470243255512,0.1273973104704045,0.0152293951960787,-0.4844704194330868,0.0027958011959606,0.1321402465769226,0.0524971529590221,0.9985628949714308,0.1299663533732784,0.000840779142992,0.8886985284243151,0.0002029185103068,0.0655687867978563,0.744738069547906,0.2297179975755858,0.3392542327168591,0.5052206273191041,0.3879438869616712,0.7122999315086683,0.3384193364242871,0.4399805827743853,0.5979807061899549,0.5142012940582728,0.5506605763784594,0.1221470276265178,0.1764238571785311,0.1479051156907494,0.4534504804121284,0.4591042182441102,0.3321146908352806,0.76,19340
0,0,0.6407610076381495,-0.2896312917778125,0.0510803894426436,-0.8516609922317621,0.132484428370131,0.5715371617460968,0.0541864731373086,-0.1417806950288363,-0.4864685772839422,0.1412870890189311,-0.0009688720422725,0.4060468917952879,0.234192265004699,0.5549974019961418,0.0140576463190273,0.3547591622186937,-0.4289470243255512,0.1273973104704045,0.0152293951960787,-0.4844704194330868,0.0027958011959606,0.1321402465769226,0.0524971529590221,0.9985628949714308,0.1299663533732784,0.000840779142992,0.8886985284243151,0.0002029185103068,0.0655687867978563,0.744738069547906,0.2297179975755858,0.3392542327168591,0.5052206273191041,0.3879438869616712,0.7122999315086683,0.3384193364242871,0.4399805827743853,0.5979807061899549,0.5142012940582728,0.5506605763784594,0.1221470276265178,0.1764238571785311,0.1479051156907494,0.4534504804121284,0.4591042182441102,0.3321146908352806,0.76,19437
0,0,-0.0975904861083516,-0.303445822275788,0.209233169238088,-0.8458416987549137,0.7234433133558472,-0.089313931531811,0.8472601410846784,-0.4708006294981575,0.1289926146967067,0.324445194392836,-0.4628981922133907,0.6723093013381841,0.7515003229433782,0.635329835353113,-0.7209826910052503,0.5505577881588465,-0.7282115449352902,0.1330458598845747,-0.0808951040765371,-0.6150736209341919,0.0056177929309577,0.1323671002735115,0.0524723563733249,0.9986710552534168,0.1305468402016602,0.0010049369521102,0.880352415705716,0.0001093224941093,0.0662591936653835,0.7431523188305169,0.1557515119199026,0.0820792614383577,0.0001116847053189,0.2211245710257516,0.181502900706033,0.1943121566973788,0.7234277101388243,0.6146166295821734,0.5620981523100528,0.0279247391516672,0.1467392210682328,0.1652119951905586,0.4299507021800726,0.4549067264761526,0.4540557632898685,0.142638722993584,0.88,1946
0,0,0.6407610076381495,-0.2896312917778125,0.0510803894426436,-0.8516609922317621,0.132484428370131,0.5715371617460968,0.0541864731373086,-0.1417806950288363,-0.4864685772839422,0.1412870890189311,-0.0009688720422725,0.4060468917952879,0.234192265004699,0.5549974019961418,0.0140576463190273,0.3547591622186937,-0.4289470243255512,0.1273973104704045,0.0152293951960787,-0.4844704194330868,0.0027958011959606,0.1321402465769226,0.0524971529590221,0.9985628949714308,0.1299663533732784,0.000840779142992,0.8886985284243151,0.0002029185103068,0.0655687867978563,0.744738069547906,0.2297179975755858,0.3392542327168591,0.5052206273191041,0.3879438869616712,0.7122999315086683,0.3384193364242871,0.4399805827743853,0.5979807061899549,0.5142012940582728,0.5506605763784594,0.1221470276265178,0.1764238571785311,0.1479051156907494,0.4534504804121284,0.4591042182441102,0.3321146908352806,0.76,19535
0,0,0.6407610076381495,-0.2896312917778125,0.0510803894426436,-0.8516609922317621,0.132484428370131,0.5715371617460968,0.0541864731373086,-0.1417806950288363,-0.4864685772839422,0.1412870890189311,-0.0009688720422725,0.4060468917952879,0.234192265004699,0.5549974019961418,0.0140576463190273,0.3547591622186937,-0.4289470243255512,0.1273973104704045,0.0152293951960787,-0.4844704194330868,0.0027958011959606,0.1321402465769226,0.0524971529590221,0.9985628949714308,0.1299663533732784,0.000840779142992,0.8886985284243151,0.0002029185103068,0.0655687867978563,0.744738069547906,0.2297179975755858,0.3392542327168591,0.5052206273191041,0.3879438869616712,0.7122999315086683,0.3384193364242871,0.4399805827743853,0.5979807061899549,0.5142012940582728,0.5506605763784594,0.1221470276265178,0.1764238571785311,0.1479051156907494,0.4534504804121284,0.4591042182441102,0.3321146908352806,0.76,19632
0,0,-0.096855767918558,-0.3108521533107707,0.2089690972288819,-0.84574254273724,0.7480390858119187,-0.1008576411717661,0.8443662096737158,-0.1409166914981816,-0.683160665069012,0.3286206527664643,-0.4681890317025226,0.7566468741744704,0.7483894539839654,0.5866959598965698,-0.7220899104668004,0.7536157843776384,-0.7289287189485402,0.0864205196602338,-0.0879076220313797,-0.6131989296644594,0.0056570750859058,0.1326394563843845,0.0525432662424083,1.0,0.1302375270180899,0.0010043798741338,0.8804095594777211,0.0001,0.0664336345597874,0.7422486547195418,0.1478400664858467,0.1062210569523113,0.0001,0.2239011011890639,0.1744354597927928,0.1940298382183629,0.7206437068215517,0.6158689698140412,0.6851885982129043,0.027947901565828,0.1466783926019788,0.6876072331583931,0.429970638271992,0.7765304633275983,0.4560770089473597,0.1423909591971934,0.92,197
0,0,0.6407610076381495,-0.2896312917778125,0.0510803894426436,-0.8516609922317621,0.132484428370131,0.5715371617460968,0.0541864731373086,-0.1417806950288363,-0.4864685772839422,0.1412870890189311,-0.0009688720422725,0.4060468917952879,0.234192265004699,0.5549974019961418,0.0140576463190273,0.3547591622186937,-0.4289470243255512,0.1273973104704045,0.0152293951960787,-0.4844704194330868,0.0027958011959606,0.1321402465769226,0.0524971529590221,0.9985628949714308,0.1299663533732784,0.000840779142992,0.8886985284243151,0.0002029185103068,0.0655687867978563,0.744738069547906,0.2297179975755858,0.3392542327168591,0.5052206273191041,0.3879438869616712,0.7122999315086683,0.3384193364242871,0.4399805827743853,0.5979807061899549,0.5142012940582728,0.5506605763784594,0.1221470276265178,0.1764238571785311,0.1479051156907494,0.4534504804121284,0.4591042182441102,0.3321146908352806,0.76,19727
0,0,0.6407610076381495,-0.2896312917778125,0.0510803894426436,-0.8516609922317621,0.132484428370131,0.5715371617460968,0.0541864731373086,-0.1417806950288363,-0.4864685772839422,0.1412870890189311,-0.0009688720422725,0.4060468917952879,0.234192265004699,0.5549974019961418,0.0140576463190273,0.3547591622186937,-0.4289470243255512,0.1273973104704045,0.0152293951960787,-0.4844704194330868,0.0027958011959606,0.1321402465769226,0.0524971529590221,0.9985628949714308,0.1299663533732784,0.000840779142992,0.8886985284243151,0.0002029185103068,0.0655687867978563,0.744738069547906,0.2297179975755858,0.3392542327168591,0.5052206273191041,0.3879438869616712,0.7122999315086683,0.3384193364242871,0.4399805827743853,0.5979807061899549,0.5142012940582728,0.5506605763784594,0.1221470276265178,0.1764238571785311,0.1479051156907494,0.4534504804121284,0.4591042182441102,0.3321146908352806,0.76,19826
0,0,0.6407610076381495,-0.2896312917778125,0.0510803894426436,-0.8516609922317621,0.132484428370131,0.5715371617460968,0.0541864731373086,-0.1417806950288363,-0.4864685772839422,0.1412870890189311,-0.0009688720422725,0.4060468917952879,0.234192265004699,0.5549974019961418,0.0140576463190273,0.3547591622186937,-0.4289470243255512,0.1273973104704045,0.0152293951960787,-0.4844704194330868,0.0027958011959606,0.1321402465769226,0.0524971529590221,0.9985628949714308,0.1299663533732784,0.000840779142992,0.8886985284243151,0.0002029185103068,0.0655687867978563,0.744738069547906,0.2297179975755858,0.3392542327168591,0.5052206273191041,0.3879438869616712,0.7122999315086683,0.3384193364242871,0.4399805827743853,0.5979807061899549,0.5142012940582728,0.5506605763784594,0.1221470276265178,0.1764238571785311,0.1479051156907494,0.4534504804121284,0.4591042182441102,0.3321146908352806,0.76,19921
0,0,0.6407610076381495,-0.2896312917778125,0.0510803894426436,-0.8516609922317621,0.132484428370131,0.5715371617460968,0.0541864731373086,-0.1417806950288363,-0.4864685772839422,0.1412870890189311,-0.0009688720422725,0.4060468917952879,0.234192265004699,0.5549974019961418,0.0140576463190273,0.3547591622186937,-0.4289470243255512,0.1273973104704045,0.0152293951960787,-0.4844704194330868,0.0027958011959606,0.1321402465769226,0.0524971529590221,0.9985628949714308,0.1299663533732784,0.000840779142992,0.8886985284243151,0.0002029185103068,0.0655687867978563,0.744738069547906,0.2297179975755858,0.3392542327168591,0.5052206273191041,0.3879438869616712,0.7122999315086683,0.3384193364242871,0.4399805827743853,0.5979807061899549,0.5142012940582728,0.5506605763784594,0.1221470276265178,0.1764238571785311,0.1479051156907494,0.4534504804121284,0.4591042182441102,0.3321146908352806,0.76,20021
0,0,0.6407610076381495,-0.2896312917778125,0.0510803894426436,-0.8516609922317621,0.132484428370131,0.5715371617460968,0.0541864731373086,-0.1417806950288363,-0.4864685772839422,0.1412870890189311,-0.0009688720422725,0.4060468917952879,0.234192265004699,0.5549974019961418,0.0140576463190273,0.3547591622186937,-0.4289470243255512,0.1273973104704045,0.0152293951960787,-0.4844704194330868,0.0027958011959606,0.1321402465769226,0.0524971529590221,0.9985628949714308,0.1299663533732784,0.000840779142992,0.8886985284243151,0.0002029185103068,0.0655687867978563,0.744738069547906,0.2297179975755858,0.3392542327168591,0.5052206273191041,0.3879438869616712,0.7122999315086683,0.3384193364242871,0.4399805827743853,0.5979807061899549,0.5142012940582728,0.5506605763784594,0.1221470276265178,0.1764238571785311,0.1479051156907494,0.4534504804121284,0.4591042182441102,0.3321146908352806,0.76,20120
0,0,0.6407610076381495,-0.2896312917778125,0.0510803894426436,-0.8516609922317621,0.132484428370131,0.5715371617460968,0.0541864731373086,-0.1417806950288363,-0.4864685772839422,0.1412870890189311,-0.0009688720422725,0.4060468917952879,0.234192265004699,0.5549974019961418,0.0140576463190273,0.3547591622186937,-0.4289470243255512,0.1273973104704045,0.0152293951960787,-0.4844704194330868,0.0027958011959606,0.1321402465769226,0.0524971529590221,0.9985628949714308,0.1299663533732784,0.000840779142992,0.8886985284243151,0.0002029185103068,0.0655687867978563,0.744738069547906,0.2297179975755858,0.3392542327168591,0.5052206273191041,0.3879438869616712,0.7122999315086683,0.3384193364242871,0.4399805827743853,0.5979807061899549,0.5142012940582728,0.5506605763784594,0.1221470276265178,0.1764238571785311,0.1479051156907494,0.4534504804121284,0.4591042182441102,0.3321146908352806,0.76,20216
0,0,0.6407610076381495,-0.2896312917778125,0.0510803894426436,-0.8516609922317621,0.132484428370131,0.5715371617460968,0.0541864731373086,-0.1417806950288363,-0.4864685772839422,0.1412870890189311,-0.0009688720422725,0.4060468917952879,0.234192265004699,0.5549974019961418,0.0140576463190273,0.3547591622186937,-0.4289470243255512,0.1273973104704045,0.0152293951960787,-0.4844704194330868,0.0027958011959606,0.1321402465769226,0.0524971529590221,0.9985628949714308,0.1299663533732784,0.000840779142992,0.8886985284243151,0.0002029185103068,0.0655687867978563,0.744738069547906,0.2297179975755858,0.3392542327168591,0.5052206273191041,0.3879438869616712,0.7122999315086683,0.3384193364242871,0.4399805827743853,0.5979807061899549,0.5142012940582728,0.5506605763784594,0.1221470276265178,0.1764238571785311,0.1479051156907494,0.4534504804121284,0.4591042182441102,0.3321146908352806,0.76,20315
0,0,0.6407610076381495,-0.2896312917778125,0.0510803894426436,-0.8516609922317621,0.132484428370131,0.5715371617460968,0.0541864731373086,-0.1417806950288363,-0.4864685772839422,0.1412870890189311,-0.0009688720422725,0.4060468917952879,0.234192265004699,0.5549974019961418,0.0140576463190273,0.3547591622186937,-0.4289470243255512,0.1273973104704045,0.0152293951960787,-0.4844704194330868,0.0027958011959606,0.1321402465769226,0.0524971529590221,0.9985628949714308,0.1299663533732784,0.000840779142992,0.8886985284243151,0.0002029185103068,0.0655687867978563,0.744738069547906,0.2297179975755858,0.3392542327168591,0.5052206273191041,0.3879438869616712,0.7122999315086683,0.3384193364242871,0.4399805827743853,0.5979807061899549,0.5142012940582728,0.5506605763784594,0.1221470276265178,0.1764238571785311,0.1479051156907494,0.4534504804121284,0.4591042182441102,0.3321146908352806,0.76,20410
0,0,-0.0975904861083516,-0.303445822275788,0.209233169238088,-0.8458416987549137,0.7234433133558472,-0.089313931531811,0.8472601410846784,-0.4708006294981575,0.1289926146967067,0.324445194392836,-0.4628981922133907,0.6723093013381841,0.7515003229433782,0.635329835353113,-0.7209826910052503,0.5505577881588465,-0.7282115449352902,0.1330458598845747,-0.0808951040765371,-0.6150736209341919,0.0056177929309577,0.1323671002735115,0.0524723563733249,0.9986710552534168,0.1305468402016602,0.0010049369521102,0.880352415705716,0.0001093224941093,0.0662591936653835,0.7431523188305169,0.1557515119199026,0.0820792614383577,0.0001116847053189,0.2211245710257516,0.181502900706033,0.1943121566973788,0.7234277101388243,0.6146166295821734,0.5620981523100528,0.0279247391516672,0.1467392210682328,0.1652119951905586,0.4299507021800726,0.4549067264761526,0.4540557632898685,0.142638722993584,0.88,2044
0,0,0.6407610076381495,-0.2896312917778125,0.0510803894426436,-0.8516609922317621,0.132484428370131,0.5715371617460968,0.0541864731373086,-0.1417806950288363,-0.4864685772839422,0.1412870890189311,-0.0009688720422725,0.4060468917952879,0.234192265004699,0.5549974019961418,0.0140576463190273,0.3547591622186937,-0.4289470243255512,0.1273973104704045,0.0152293951960787,-0.4844704194330868,0.0027958011959606,0.1321402465769226,0.0524971529590221,0.9985628949714308,0.1299663533732784,0.000840779142992,0.8886985284243151,0.0002029185103068,0.0655687867978563,0.744738069547906,0.2297179975755858,0.3392542327168591,0.5052206273191041,0.3879438869616712,0.7122999315086683,0.3384193364242871,0.4399805827743853,0.5979807061899549,0.5142012940582728,0.5506605763784594,0.1221470276265178,0.1764238571785311,0.1479051156907494,0.4534504804121284,0.4591042182441102,0.3321146908352806,0.76,20507
0,0,0.6407610076381495,-0.2896312917778125,0.0510803894426436,-0.8516609922317621,0.132484428370131,0.5715371617460968,0.0541864731373086,-0.1417806950288363,-0.4864685772839422,0.1412870890189311,-0.0009688720422725,0.4060468917952879,0.234192265004699,0.5549974019961418,0.0140576463190273,0.3547591622186937,-0.4289470243255512,0.1273973104704045,0.0152293951960787,-0.4844704194330868,0.0027958011959606,0.1321402465769226,0.0524971529590221,0.9985628949714308,0.1299663533732784,0.000840779142992,0.8886985284243151,0.0002029185103068,0.0655687867978563,0.744738069547906,0.2297179975755858,0.3392542327168591,0.5052206273191041,0.3879438869616712,0.7122999315086683,0.3384193364242871,0.4399805827743853,0.5979807061899549,0.5142012940582728,0.5506605763784594,0.1221470276265178,0.1764238571785311,0.1479051156907494,0.4534504804121284,0.4591042182441102,0.3321146908352806,0.76,20604
0,0,0.6407610076381495,-0.2896312917778125,0.0510803894426436,-0.8516609922317621,0.132484428370131,0.5715371617460968,0.0541864731373086,-0.1417806950288363,-0.4864685772839422,0.1412870890189311,-0.0009688720422725,0.4060468917952879,0.234192265004699,0.5549974019961418,0.0140576463190273,0.3547591622186937,-0.4289470243255512,0.1273973104704045,0.0152293951960787,-0.4844704194330868,0.0027958011959606,0.1321402465769226,0.0524971529590221,0.9985628949714308,0.1299663533732784,0.000840779142992,0.8886985284243151,0.0002029185103068,0.0655687867978563,0.744738069547906,0.2297179975755858,0.3392542327168591,0.5052206273191041,0.3879438869616712,0.7122999315086683,0.3384193364242871,0.4399805827743853,0.5979807061899549,0.5142012940582728,0.5506605763784594,0.1221470276265178,0.1764238571785311,0.1479051156907494,0.4534504804121284,0.4591042182441102,0.3321146908352806,0.76,20703
0,0,0.6407610076381495,-0.2896312917778125,0.0510803894426436,-0.8516609922317621,0.132484428370131,0.5715371617460968,0.0541864731373086,-0.1417806950288363,-0.4864685772839422,0.1412870890189311,-0.0009688720422725,0.4060468917952879,0.234192265004699,0.5549974019961418,0.0140576463190273,0.3547591622186937,-0.4289470243255512,0.1273973104704045,0.0152293951960787,-0.4844704194330868,0.0027958011959606,0.1321402465769226,0.0524971529590221,0.9985628949714308,0.1299663533732784,0.000840779142992,0.8886985284243151,0.0002029185103068,0.0655687867978563,0.744738069547906,0.2297179975755858,0.3392542327168591,0.5052206273191041,0.3879438869616712,0.7122999315086683,0.3384193364242871,0.4399805827743853,0.5979807061899549,0.5142012940582728,0.5506605763784594,0.1221470276265178,0.1764238571785311,0.1479051156907494,0.4534504804121284,0.4591042182441102,0.3321146908352806,0.76,20799
0,0,0.6407610076381495,-0.2896312917778125,0.0510803894426436,-0.8516609922317621,0.132484428370131,0.5715371617460968,0.0541864731373086,-0.1417806950288363,-0.4864685772839422,0.1412870890189311,-0.0009688720422725,0.4060468917952879,0.234192265004699,0.5549974019961418,0.0140576463190273,0.3547591622186937,-0.4289470243255512,0.1273973104704045,0.0152293951960787,-0.4844704194330868,0.0027958011959606,0.1321402465769226,0.0524971529590221,0.9985628949714308,0.1299663533732784,0.000840779142992,0.8886985284243151,0.0002029185103068,0.0655687867978563,0.744738069547906,0.2297179975755858,0.3392542327168591,0.5052206273191041,0.3879438869616712,0.7122999315086683,0.3384193364242871,0.4399805827743853,0.5979807061899549,0.5142012940582728,0.5506605763784594,0.1221470276265178,0.1764238571785311,0.1479051156907494,0.4534504804121284,0.4591042182441102,0.3321146908352806,0.76,20897
0,0,0.6407610076381495,-0.2896312917778125,0.0510803894426436,-0.8516609922317621,0.132484428370131,0.5715371617460968,0.0541864731373086,-0.1417806950288363,-0.4864685772839422,0.1412870890189311,-0.0009688720422725,0.4060468917952879,0.234192265004699,0.5549974019961418,0.0140576463190273,0.3547591622186937,-0.4289470243255512,0.1273973104704045,0.0152293951960787,-0.4844704194330868,0.0027958011959606,0.1321402465769226,0.0524971529590221,0.9985628949714308,0.1299663533732784,0.000840779142992,0.8886985284243151,0.0002029185103068,0.0655687867978563,0.744738069547906,0.2297179975755858,0.3392542327168591,0.5052206273191041,0.3879438869616712,0.7122999315086683,0.3384193364242871,0.4399805827743853,0.5979807061899549,0.5142012940582728,0.5506605763784594,0.1221470276265178,0.1764238571785311,0.1479051156907494,0.4534504804121284,0.4591042182441102,0.3321146908352806,0.76,20992
0,0,0.6407610076381495,-0.2896312917778125,0.0510803894426436,-0.8516609922317621,0.132484428370131,0.5715371617460968,0.0541864731373086,-0.1417806950288363,-0.4864685772839422,0.1412870890189311,-0.0009688720422725,0.4060468917952879,0.234192265004699,0.5549974019961418,0.0140576463190273,0.3547591622186937,-0.4289470243255512,0.1273973104704045,0.0152293951960787,-0.4844704194330868,0.0027958011959606,0.1321402465769226,0.0524971529590221,0.9985628949714308,0.1299663533732784,0.000840779142992,0.8886985284243151,0.0002029185103068,0.0655687867978563,0.744738069547906,0.2297179975755858,0.3392542327168591,0.5052206273191041,0.3879438869616712,0.7122999315086683,0.3384193364242871,0.4399805827743853,0.5979807061899549,0.5142012940582728,0.5506605763784594,0.1221470276265178,0.1764238571785311,0.1479051156907494,0.4534504804121284,0.4591042182441102,0.3321146908352806,0.76,21091
0,0,0.6407610076381495,-0.2896312917778125,0.0510803894426436,-0.8516609922317621,0.132484428370131,0.5715371617460968,0.0541864731373086,-0.1417806950288363,-0.4864685772839422,0.1412870890189311,-0.0009688720422725,0.4060468917952879,0.234192265004699,0.5549974019961418,0.0140576463190273,0.3547591622186937,-0.4289470243255512,0.1273973104704045,0.0152293951960787,-0.4844704194330868,0.0027958011959606,0.1321402465769226,0.0524971529590221,0.9985628949714308,0.1299663533732784,0.000840779142992,0.8886985284243151,0.0002029185103068,0.0655687867978563,0.744738069547906,0.2297179975755858,0.3392542327168591,0.5052206273191041,0.3879438869616712,0.7122999315086683,0.3384193364242871,0.4399805827743853,0.5979807061899549,0.5142012940582728,0.5506605763784594,0.1221470276265178,0.1764238571785311,0.1479051156907494,0.4534504804121284,0.4591042182441102,0.3321146908352806,0.76,21189
0,0,0.6407610076381495,-0.2896312917778125,0.0510803894426436,-0.8516609922317621,0.132484428370131,0.5715371617460968,0.0541864731373086,-0.1417806950288363,-0.4864685772839422,0.1412870890189311,-0.0009688720422725,0.4060468917952879,0.234192265004699,0.5549974019961418,0.0140576463190273,0.3547591622186937,-0.4289470243255512,0.1273973104704045,0.0152293951960787,-0.4844704194330868,0.0027958011959606,0.1321402465769226,0.0524971529590221,0.9985628949714308,0.1299663533732784,0.000840779142992,0.8886985284243151,0.0002029185103068,0.0655687867978563,0.744738069547906,0.2297179975755858,0.3392542327168591,0.5052206273191041,0.3879438869616712,0.7122999315086683,0.3384193364242871,0.4399805827743853,0.5979807061899549,0.5142012940582728,0.5506605763784594,0.1221470276265178,0.1764238571785311,0.1479051156907494,0.4534504804121284,0.4591042182441102,0.3321146908352806,0.76,21287
0,0,0.6407610076381495,-0.2896312917778125,0.0510803894426436,-0.8516609922317621,0.132484428370131,0.5715371617460968,0.0541864731373086,-0.1417806950288363,-0.4864685772839422,0.1412870890189311,-0.0009688720422725,0.4060468917952879,0.234192265004699,0.5549974019961418,0.0140576463190273,0.3547591622186937,-0.4289470243255512,0.1273973104704045,0.0152293951960787,-0.4844704194330868,0.0027958011959606,0.1321402465769226,0.0524971529590221,0.9985628949714308,0.1299663533732784,0.000840779142992,0.8886985284243151,0.0002029185103068,0.0655687867978563,0.744738069547906,0.2297179975755858,0.3392542327168591,0.5052206273191041,0.3879438869616712,0.7122999315086683,0.3384193364242871,0.4399805827743853,0.5979807061899549,0.5142012940582728,0.5506605763784594,0.1221470276265178,0.1764238571785311,0.1479051156907494,0.4534504804121284,0.4591042182441102,0.3321146908352806,0.76,21383
0,0,-0.0975904861083516,-0.303445822275788,0.209233169238088,-0.8458416987549137,0.7234433133558472,-0.089313931531811,0.8472601410846784,-0.4708006294981575,0.1289926146967067,0.324445194392836,-0.4628981922133907,0.6723093013381841,0.7515003229433782,0.635329835353113,-0.7209826910052503,0.5505577881588465,-0.7282115449352902,0.1330458598845747,-0.0808951040765371,-0.6150736209341919,0.0056177929309577,0.1323671002735115,0.0524723563733249,0.9986710552534168,0.1305468402016602,0.0010049369521102,0.880352415705716,0.0001093224941093,0.0662591936653835,0.7431523188305169,0.1557515119199026,0.0820792614383577,0.0001116847053189,0.2211245710257516,0.181502900706033,0.1943121566973788,0.7234277101388243,0.6146166295821734,0.5620981523100528,0.0279247391516672,0.1467392210682328,0.1652119951905586,0.4299507021800726,0.4549067264761526,0.4540557632898685,0.142638722993584,0.88,2139
0,0,0.6407610076381495,-0.2896312917778125,0.0510803894426436,-0.8516609922317621,0.132484428370131,0.5715371617460968,0.0541864731373086,-0.1417806950288363,-0.4864685772839422,0.1412870890189311,-0.0009688720422725,0.4060468917952879,0.234192265004699,0.5549974019961418,0.0140576463190273,0.3547591622186937,-0.4289470243255512,0.1273973104704045,0.0152293951960787,-0.4844704194330868,0.0027958011959606,0.1321402465769226,0.0524971529590221,0.9985628949714308,0.1299663533732784,0.000840779142992,0.8886985284243151,0.0002029185103068,0.0655687867978563,0.744738069547906,0.2297179975755858,0.3392542327168591,0.5052206273191041,0.3879438869616712,0.7122999315086683,0.3384193364242871,0.4399805827743853,0.5979807061899549,0.5142012940582728,0.5506605763784594,0.1221470276265178,0.1764238571785311,0.1479051156907494,0.4534504804121284,0.4591042182441102,0.3321146908352806,0.76,21481
0,0,0.6407610076381495,-0.2896312917778125,0.0510803894426436,-0.8516609922317621,0.132484428370131,0.5715371617460968,0.0541864731373086,-0.1417806950288363,-0.4864685772839422,0.1412870890189311,-0.0009688720422725,0.4060468917952879,0.234192265004699,0.5549974019961418,0.0140576463190273,0.3547591622186937,-0.4289470243255512,0.1273973104704045,0.0152293951960787,-0.4844704194330868,0.0027958011959606,0.1321402465769226,0.0524971529590221,0.9985628949714308,0.1299663533732784,0.000840779142992,0.8886985284243151,0.0002029185103068,0.0655687867978563,0.744738069547906,0.2297179975755858,0.3392542327168591,0.5052206273191041,0.3879438869616712,0.7122999315086683,0.3384193364242871,0.4399805827743853,0.5979807061899549,0.5142012940582728,0.5506605763784594,0.1221470276265178,0.1764238571785311,0.1479051156907494,0.4534504804121284,0.4591042182441102,0.3321146908352806,0.76,21578
0,0,0.6407610076381495,-0.2896312917778125,0.0510803894426436,-0.8516609922317621,0.132484428370131,0.5715371617460968,0.0541864731373086,-0.1417806950288363,-0.4864685772839422,0.1412870890189311,-0.0009688720422725,0.4060468917952879,0.234192265004699,0.5549974019961418,0.0140576463190273,0.3547591622186937,-0.4289470243255512,0.1273973104704045,0.0152293951960787,-0.4844704194330868,0.0027958011959606,0.1321402465769226,0.0524971529590221,0.9985628949714308,0.1299663533732784,0.000840779142992,0.8886985284243151,0.0002029185103068,0.0655687867978563,0.744738069547906,0.2297179975755858,0.3392542327168591,0.5052206273191041,0.3879438869616712,0.7122999315086683,0.3384193364242871,0.4399805827743853,0.5979807061899549,0.5142012940582728,0.5506605763784594,0.1221470276265178,0.1764238571785311,0.1479051156907494,0.4534504804121284,0.4591042182441102,0.3321146908352806,0.76,21677
0,0,0.6407610076381495,-0.2896312917778125,0.0510803894426436,-0.8516609922317621,0.132484428370131,0.5715371617460968,0.0541864731373086,-0.1417806950288363,-0.4864685772839422,0.1412870890189311,-0.0009688720422725,0.4060468917952879,0.234192265004699,0.5549974019961418,0.0140576463190273,0.3547591622186937,-0.4289470243255512,0.1273973104704045,0.0152293951960787,-0.4844704194330868,0.0027958011959606,0.1321402465769226,0.0524971529590221,0.9985628949714308,0.1299663533732784,0.000840779142992,0.8886985284243151,0.0002029185103068,0.0655687867978563,0.744738069547906,0.2297179975755858,0.3392542327168591,0.5052206273191041,0.3879438869616712,0.7122999315086683,0.3384193364242871,0.4399805827743853,0.5979807061899549,0.5142012940582728,0.5506605763784594,0.1221470276265178,0.1764238571785311,0.1479051156907494,0.4534504804121284,0.4591042182441102,0.3321146908352806,0.76,21776
0,0,0.6407610076381495,-0.2896312917778125,0.0510803894426436,-0.8516609922317621,0.132484428370131,0.5715371617460968,0.0541864731373086,-0.1417806950288363,-0.4864685772839422,0.1412870890189311,-0.0009688720422725,0.4060468917952879,0.234192265004699,0.5549974019961418,0.0140576463190273,0.3547591622186937,-0.4289470243255512,0.1273973104704045,0.0152293951960787,-0.4844704194330868,0.0027958011959606,0.1321402465769226,0.0524971529590221,0.9985628949714308,0.1299663533732784,0.000840779142992,0.8886985284243151,0.0002029185103068,0.0655687867978563,0.744738069547906,0.2297179975755858,0.3392542327168591,0.5052206273191041,0.3879438869616712,0.7122999315086683,0.3384193364242871,0.4399805827743853,0.5979807061899549,0.5142012940582728,0.5506605763784594,0.1221470276265178,0.1764238571785311,0.1479051156907494,0.4534504804121284,0.4591042182441102,0.3321146908352806,0.76,21876
0,0,0.6407610076381495,-0.2896312917778125,0.0510803894426436,-0.8516609922317621,0.132484428370131,0.5715371617460968,0.0541864731373086,-0.1417806950288363,-0.4864685772839422,0.1412870890189311,-0.0009688720422725,0.4060468917952879,0.234192265004699,0.5549974019961418,0.0140576463190273,0.3547591622186937,-0.4289470243255512,0.1273973104704045,0.0152293951960787,-0.4844704194330868,0.0027958011959606,0.1321402465769226,0.0524971529590221,0.9985628949714308,0.1299663533732784,0.000840779142992,0.8886985284243151,0.0002029185103068,0.0655687867978563,0.744738069547906,0.2297179975755858,0.3392542327168591,0.5052206273191041,0.3879438869616712,0.7122999315086683,0.3384193364242871,0.4399805827743853,0.5979807061899549,0.5142012940582728,0.5506605763784594,0.1221470276265178,0.1764238571785311,0.1479051156907494,0.4534504804121284,0.4591042182441102,0.3321146908352806,0.76,21975
0,0,0.6407610076381495,-0.2896312917778125,0.0510803894426436,-0.8516609922317621,0.132484428370131,0.5715371617460968,0.0541864731373086,-0.1417806950288363,-0.4864685772839422,0.1412870890189311,-0.0009688720422725,0.4060468917952879,0.234192265004699,0.5549974019961418,0.0140576463190273,0.3547591622186937,-0.4289470243255512,0.1273973104704045,0.0152293951960787,-0.4844704194330868,0.0027958011959606,0.1321402465769226,0.0524971529590221,0.9985628949714308,0.1299663533732784,0.000840779142992,0.8886985284243151,0.0002029185103068,0.0655687867978563,0.744738069547906,0.2297179975755858,0.3392542327168591,0.5052206273191041,0.3879438869616712,0.7122999315086683,0.3384193364242871,0.4399805827743853,0.5979807061899549,0.5142012940582728,0.5506605763784594,0.1221470276265178,0.1764238571785311,0.1479051156907494,0.4534504804121284,0.4591042182441102,0.3321146908352806,0.76,22074
0,0,0.6407610076381495,-0.2896312917778125,0.0510803894426436,-0.8516609922317621,0.132484428370131,0.5715371617460968,0.0541864731373086,-0.1417806950288363,-0.4864685772839422,0.1412870890189311,-0.0009688720422725,0.4060468917952879,0.234192265004699,0.5549974019961418,0.0140576463190273,0.3547591622186937,-0.4289470243255512,0.1273973104704045,0.0152293951960787,-0.4844704194330868,0.0027958011959606,0.1321402465769226,0.0524971529590221,0.9985628949714308,0.1299663533732784,0.000840779142992,0.8886985284243151,0.0002029185103068,0.0655687867978563,0.744738069547906,0.2297179975755858,0.3392542327168591,0.5052206273191041,0.3879438869616712,0.7122999315086683,0.3384193364242871,0.4399805827743853,0.5979807061899549,0.5142012940582728,0.5506605763784594,0.1221470276265178,0.1764238571785311,0.1479051156907494,0.4534504804121284,0.4591042182441102,0.3321146908352806,0.76,22173
0,0,0.6407610076381495,-0.2896312917778125,0.0510803894426436,-0.8516609922317621,0.132484428370131,0.5715371617460968,0.0541864731373086,-0.1417806950288363,-0.4864685772839422,0.1412870890189311,-0.0009688720422725,0.4060468917952879,0.234192265004699,0.5549974019961418,0.0140576463190273,0.3547591622186937,-0.4289470243255512,0.1273973104704045,0.0152293951960787,-0.4844704194330868,0.0027958011959606,0.1321402465769226,0.0524971529590221,0.9985628949714308,0.1299663533732784,0.000840779142992,0.8886985284243151,0.0002029185103068,0.0655687867978563,0.744738069547906,0.2297179975755858,0.3392542327168591,0.5052206273191041,0.3879438869616712,0.7122999315086683,0.3384193364242871,0.4399805827743853,0.5979807061899549,0.5142012940582728,0.5506605763784594,0.1221470276265178,0.1764238571785311,0.1479051156907494,0.4534504804121284,0.4591042182441102,0.3321146908352806,0.76,22272
0,0,0.6407610076381495,-0.2896312917778125,0.0510803894426436,-0.8516609922317621,0.132484428370131,0.5715371617460968,0.0541864731373086,-0.1417806950288363,-0.4864685772839422,0.1412870890189311,-0.0009688720422725,0.4060468917952879,0.234192265004699,0.5549974019961418,0.0140576463190273,0.3547591622186937,-0.4289470243255512,0.1273973104704045,0.0152293951960787,-0.4844704194330868,0.0027958011959606,0.1321402465769226,0.0524971529590221,0.9985628949714308,0.1299663533732784,0.000840779142992,0.8886985284243151,0.0002029185103068,0.0655687867978563,0.744738069547906,0.2297179975755858,0.3392542327168591,0.5052206273191041,0.3879438869616712,0.7122999315086683,0.3384193364242871,0.4399805827743853,0.5979807061899549,0.5142012940582728,0.5506605763784594,0.1221470276265178,0.1764238571785311,0.1479051156907494,0.4534504804121284,0.4591042182441102,0.3321146908352806,0.76,22367
0,0,-0.0975904861083516,-0.303445822275788,0.209233169238088,-0.8458416987549137,0.7234433133558472,-0.089313931531811,0.8472601410846784,-0.4708006294981575,0.1289926146967067,0.324445194392836,-0.4628981922133907,0.6723093013381841,0.7515003229433782,0.635329835353113,-0.7209826910052503,0.5505577881588465,-0.7282115449352902,0.1330458598845747,-0.0808951040765371,-0.6150736209341919,0.0056177929309577,0.1323671002735115,0.0524723563733249,0.9986710552534168,0.1305468402016602,0.0010049369521102,0.880352415705716,0.0001093224941093,0.0662591936653835,0.7431523188305169,0.1557515119199026,0.0820792614383577,0.0001116847053189,0.2211245710257516,0.181502900706033,0.1943121566973788,0.7234277101388243,0.6146166295821734,0.5620981523100528,0.0279247391516672,0.1467392210682328,0.1652119951905586,0.4299507021800726,0.4549067264761526,0.4540557632898685,0.142638722993584,0.88,2237
0,0,0.6407610076381495,-0.2896312917778125,0.0510803894426436,-0.8516609922317621,0.132484428370131,0.5715371617460968,0.0541864731373086,-0.1417806950288363,-0.4864685772839422,0.1412870890189311,-0.0009688720422725,0.4060468917952879,0.234192265004699,0.5549974019961418,0.0140576463190273,0.3547591622186937,-0.4289470243255512,0.1273973104704045,0.0152293951960787,-0.4844704194330868,0.0027958011959606,0.1321402465769226,0.0524971529590221,0.9985628949714308,0.1299663533732784,0.000840779142992,0.8886985284243151,0.0002029185103068,0.0655687867978563,0.744738069547906,0.2297179975755858,0.3392542327168591,0.5052206273191041,0.3879438869616712,0.7122999315086683,0.3384193364242871,0.4399805827743853,0.5979807061899549,0.5142012940582728,0.5506605763784594,0.1221470276265178,0.1764238571785311,0.1479051156907494,0.4534504804121284,0.4591042182441102,0.3321146908352806,0.76,22460
0,0,0.6407610076381495,-0.2896312917778125,0.0510803894426436,-0.8516609922317621,0.132484428370131,0.5715371617460968,0.0541864731373086,-0.1417806950288363,-0.4864685772839422,0.1412870890189311,-0.0009688720422725,0.4060468917952879,0.234192265004699,0.5549974019961418,0.0140576463190273,0.3547591622186937,-0.4289470243255512,0.1273973104704045,0.0152293951960787,-0.4844704194330868,0.0027958011959606,0.1321402465769226,0.0524971529590221,0.9985628949714308,0.1299663533732784,0.000840779142992,0.8886985284243151,0.0002029185103068,0.0655687867978563,0.744738069547906,0.2297179975755858,0.3392542327168591,0.5052206273191041,0.3879438869616712,0.7122999315086683,0.3384193364242871,0.4399805827743853,0.5979807061899549,0.5142012940582728,0.5506605763784594,0.1221470276265178,0.1764238571785311,0.1479051156907494,0.4534504804121284,0.4591042182441102,0.3321146908352806,0.76,22558
0,0,0.6407610076381495,-0.2896312917778125,0.0510803894426436,-0.8516609922317621,0.132484428370131,0.5715371617460968,0.0541864731373086,-0.1417806950288363,-0.4864685772839422,0.1412870890189311,-0.0009688720422725,0.4060468917952879,0.234192265004699,0.5549974019961418,0.0140576463190273,0.3547591622186937,-0.4289470243255512,0.1273973104704045,0.0152293951960787,-0.4844704194330868,0.0027958011959606,0.1321402465769226,0.0524971529590221,0.9985628949714308,0.1299663533732784,0.000840779142992,0.8886985284243151,0.0002029185103068,0.0655687867978563,0.744738069547906,0.2297179975755858,0.3392542327168591,0.5052206273191041,0.3879438869616712,0.7122999315086683,0.3384193364242871,0.4399805827743853,0.5979807061899549,0.5142012940582728,0.5506605763784594,0.1221470276265178,0.1764238571785311,0.1479051156907494,0.4534504804121284,0.4591042182441102,0.3321146908352806,0.76,22657
0,0,0.6407610076381495,-0.2896312917778125,0.0510803894426436,-0.8516609922317621,0.132484428370131,0.5715371617460968,0.0541864731373086,-0.1417806950288363,-0.4864685772839422,0.1412870890189311,-0.0009688720422725,0.4060468917952879,0.234192265004699,0.5549974019961418,0.0140576463190273,0.3547591622186937,-0.4289470243255512,0.1273973104704045,0.0152293951960787,-0.4844704194330868,0.0027958011959606,0.1321402465769226,0.0524971529590221,0.9985628949714308,0.1299663533732784,0.000840779142992,0.8886985284243151,0.0002029185103068,0.0655687867978563,0.744738069547906,0.2297179975755858,0.3392542327168591,0.5052206273191041,0.3879438869616712,0.7122999315086683,0.3384193364242871,0.4399805827743853,0.5979807061899549,0.5142012940582728,0.5506605763784594,0.1221470276265178,0.1764238571785311,0.1479051156907494,0.4534504804121284,0.4591042182441102,0.3321146908352806,0.76,22753
0,0,0.6407610076381495,-0.2896312917778125,0.0510803894426436,-0.8516609922317621,0.132484428370131,0.5715371617460968,0.0541864731373086,-0.1417806950288363,-0.4864685772839422,0.1412870890189311,-0.0009688720422725,0.4060468917952879,0.234192265004699,0.5549974019961418,0.0140576463190273,0.3547591622186937,-0.4289470243255512,0.1273973104704045,0.0152293951960787,-0.4844704194330868,0.0027958011959606,0.1321402465769226,0.0524971529590221,0.9985628949714308,0.1299663533732784,0.000840779142992,0.8886985284243151,0.0002029185103068,0.0655687867978563,0.744738069547906,0.2297179975755858,0.3392542327168591,0.5052206273191041,0.3879438869616712,0.7122999315086683,0.3384193364242871,0.4399805827743853,0.5979807061899549,0.5142012940582728,0.5506605763784594,0.1221470276265178,0.1764238571785311,0.1479051156907494,0.4534504804121284,0.4591042182441102,0.3321146908352806,0.76,22852
0,0,0.6407610076381495,-0.2896312917778125,0.0510803894426436,-0.8516609922317621,0.132484428370131,0.5715371617460968,0.0541864731373086,-0.1417806950288363,-0.4864685772839422,0.1412870890189311,-0.0009688720422725,0.4060468917952879,0.234192265004699,0.5549974019961418,0.0140576463190273,0.3547591622186937,-0.4289470243255512,0.1273973104704045,0.0152293951960787,-0.4844704194330868,0.0027958011959606,0.1321402465769226,0.0524971529590221,0.9985628949714308,0.1299663533732784,0.000840779142992,0.8886985284243151,0.0002029185103068,0.0655687867978563,0.744738069547906,0.2297179975755858,0.3392542327168591,0.5052206273191041,0.3879438869616712,0.7122999315086683,0.3384193364242871,0.4399805827743853,0.5979807061899549,0.5142012940582728,0.5506605763784594,0.1221470276265178,0.1764238571785311,0.1479051156907494,0.4534504804121284,0.4591042182441102,0.3321146908352806,0.76,22951
0,0,0.6407610076381495,-0.2896312917778125,0.0510803894426436,-0.8516609922317621,0.132484428370131,0.5715371617460968,0.0541864731373086,-0.1417806950288363,-0.4864685772839422,0.1412870890189311,-0.0009688720422725,0.4060468917952879,0.234192265004699,0.5549974019961418,0.0140576463190273,0.3547591622186937,-0.4289470243255512,0.1273973104704045,0.0152293951960787,-0.4844704194330868,0.0027958011959606,0.1321402465769226,0.0524971529590221,0.9985628949714308,0.1299663533732784,0.000840779142992,0.8886985284243151,0.0002029185103068,0.0655687867978563,0.744738069547906,0.2297179975755858,0.3392542327168591,0.5052206273191041,0.3879438869616712,0.7122999315086683,0.3384193364242871,0.4399805827743853,0.5979807061899549,0.5142012940582728,0.5506605763784594,0.1221470276265178,0.1764238571785311,0.1479051156907494,0.4534504804121284,0.4591042182441102,0.3321146908352806,0.76,23048
0,0,0.6407610076381495,-0.2896312917778125,0.0510803894426436,-0.8516609922317621,0.132484428370131,0.5715371617460968,0.0541864731373086,-0.1417806950288363,-0.4864685772839422,0.1412870890189311,-0.0009688720422725,0.4060468917952879,0.234192265004699,0.5549974019961418,0.0140576463190273,0.3547591622186937,-0.4289470243255512,0.1273973104704045,0.0152293951960787,-0.4844704194330868,0.0027958011959606,0.1321402465769226,0.0524971529590221,0.9985628949714308,0.1299663533732784,0.000840779142992,0.8886985284243151,0.0002029185103068,0.0655687867978563,0.744738069547906,0.2297179975755858,0.3392542327168591,0.5052206273191041,0.3879438869616712,0.7122999315086683,0.3384193364242871,0.4399805827743853,0.5979807061899549,0.5142012940582728,0.5506605763784594,0.1221470276265178,0.1764238571785311,0.1479051156907494,0.4534504804121284,0.4591042182441102,0.3321146908352806,0.76,23145
0,0,0.6407610076381495,-0.2896312917778125,0.0510803894426436,-0.8516609922317621,0.132484428370131,0.5715371617460968,0.0541864731373086,-0.1417806950288363,-0.4864685772839422,0.1412870890189311,-0.0009688720422725,0.4060468917952879,0.234192265004699,0.5549974019961418,0.0140576463190273,0.3547591622186937,-0.4289470243255512,0.1273973104704045,0.0152293951960787,-0.4844704194330868,0.0027958011959606,0.1321402465769226,0.0524971529590221,0.9985628949714308,0.1299663533732784,0.000840779142992,0.8886985284243151,0.0002029185103068,0.0655687867978563,0.744738069547906,0.2297179975755858,0.3392542327168591,0.5052206273191041,0.3879438869616712,0.7122999315086683,0.3384193364242871,0.4399805827743853,0.5979807061899549,0.5142012940582728,0.5506605763784594,0.1221470276265178,0.1764238571785311,0.1479051156907494,0.4534504804121284,0.4591042182441102,0.3321146908352806,0.76,23243
0,0,-0.0975904861083516,-0.303445822275788,0.209233169238088,-0.8458416987549137,0.7234433133558472,-0.089313931531811,0.8472601410846784,-0.4708006294981575,0.1289926146967067,0.324445194392836,-0.4628981922133907,0.6723093013381841,0.1089396173766756,0.635329835353113,-0.7226059432698653,0.5505577881588465,-0.7282115449352902,-0.8667151757942182,-0.0808951040765371,-0.6150736209341919,0.0056177929309577,0.1323671002735115,0.0524723563733249,0.9986710552534168,0.1305468402016602,0.0010049369521102,0.880352415705716,0.0001,0.0662591936653835,0.7427017352116702,0.1557515119199026,0.0820792614383577,0.0001116847053189,0.2211245710257516,0.181502900706033,0.186699950451062,0.7234277101388243,0.6146166295821734,0.5620981523100528,0.0279247391516672,0.1467392210682328,0.1652119951905586,0.2103584302544819,0.454546075361101,0.4800191994161882,0.142638722993584,0.87,2331
0,0,0.6407610076381495,-0.2896312917778125,0.0510803894426436,-0.8516609922317621,0.132484428370131,0.5715371617460968,0.0541864731373086,-0.1417806950288363,-0.4864685772839422,0.1412870890189311,-0.0009688720422725,0.4060468917952879,0.234192265004699,0.5549974019961418,0.0140576463190273,0.3547591622186937,-0.4289470243255512,0.1273973104704045,0.0152293951960787,-0.4844704194330868,0.0027958011959606,0.1321402465769226,0.0524971529590221,0.9985628949714308,0.1299663533732784,0.000840779142992,0.8886985284243151,0.0002029185103068,0.0655687867978563,0.744738069547906,0.2297179975755858,0.3392542327168591,0.5052206273191041,0.3879438869616712,0.7122999315086683,0.3384193364242871,0.4399805827743853,0.5979807061899549,0.5142012940582728,0.5506605763784594,0.1221470276265178,0.1764238571785311,0.1479051156907494,0.4534504804121284,0.4591042182441102,0.3321146908352806,0.76,23343
0,0,0.6407610076381495,-0.2896312917778125,0.0510803894426436,-0.8516609922317621,0.132484428370131,0.5715371617460968,0.0541864731373086,-0.1417806950288363,-0.4864685772839422,0.1412870890189311,-0.0009688720422725,0.4060468917952879,0.234192265004699,0.5549974019961418,0.0140576463190273,0.3547591622186937,-0.4289470243255512,0.1273973104704045,0.0152293951960787,-0.4844704194330868,0.0027958011959606,0.1321402465769226,0.0524971529590221,0.9985628949714308,0.1299663533732784,0.000840779142992,0.8886985284243151,0.0002029185103068,0.0655687867978563,0.744738069547906,0.2297179975755858,0.3392542327168591,0.5052206273191041,0.3879438869616712,0.7122999315086683,0.3384193364242871,0.4399805827743853,0.5979807061899549,0.5142012940582728,0.5506605763784594,0.1221470276265178,0.1764238571785311,0.1479051156907494,0.4534504804121284,0.4591042182441102,0.3321146908352806,0.76,23443
0,0,0.6407610076381495,-0.2896312917778125,0.0510803894426436,-0.8516609922317621,0.132484428370131,0.5715371617460968,0.0541864731373086,-0.1417806950288363,-0.4864685772839422,0.1412870890189311,-0.0009688720422725,0.4060468917952879,0.234192265004699,0.5549974019961418,0.0140576463190273,0.3547591622186937,-0.4289470243255512,0.1273973104704045,0.0152293951960787,-0.4844704194330868,0.0027958011959606,0.1321402465769226,0.0524971529590221,0.9985628949714308,0.1299663533732784,0.000840779142992,0.8886985284243151,0.0002029185103068,0.0655687867978563,0.744738069547906,0.2297179975755858,0.3392542327168591,0.5052206273191041,0.3879438869616712,0.7122999315086683,0.3384193364242871,0.4399805827743853,0.5979807061899549,0.5142012940582728,0.5506605763784594,0.1221470276265178,0.1764238571785311,0.1479051156907494,0.4534504804121284,0.4591042182441102,0.3321146908352806,0.76,23540
0,0,0.6407610076381495,-0.2896312917778125,0.0510803894426436,-0.8516609922317621,0.132484428370131,0.5715371617460968,0.0541864731373086,-0.1417806950288363,-0.4864685772839422,0.1412870890189311,-0.0009688720422725,0.4060468917952879,0.234192265004699,0.5549974019961418,0.0140576463190273,0.3547591622186937,-0.4289470243255512,0.1273973104704045,0.0152293951960787,-0.4844704194330868,0.0027958011959606,0.1321402465769226,0.0524971529590221,0.9985628949714308,0.1299663533732784,0.000840779142992,0.8886985284243151,0.0002029185103068,0.0655687867978563,0.744738069547906,0.2297179975755858,0.3392542327168591,0.5052206273191041,0.3879438869616712,0.7122999315086683,0.3384193364242871,0.4399805827743853,0.5979807061899549,0.5142012940582728,0.5506605763784594,0.1221470276265178,0.1764238571785311,0.1479051156907494,0.4534504804121284,0.4591042182441102,0.3321146908352806,0.76,23640
0,0,0.6407610076381495,-0.2896312917778125,0.0510803894426436,-0.8516609922317621,0.132484428370131,0.5715371617460968,0.0541864731373086,-0.1417806950288363,-0.4864685772839422,0.1412870890189311,-0.0009688720422725,0.4060468917952879,0.234192265004699,0.5549974019961418,0.0140576463190273,0.3547591622186937,-0.4289470243255512,0.1273973104704045,0.0152293951960787,-0.4844704194330868,0.0027958011959606,0.1321402465769226,0.0524971529590221,0.9985628949714308,0.1299663533732784,0.000840779142992,0.8886985284243151,0.0002029185103068,0.0655687867978563,0.744738069547906,0.2297179975755858,0.3392542327168591,0.5052206273191041,0.3879438869616712,0.7122999315086683,0.3384193364242871,0.4399805827743853,0.5979807061899549,0.5142012940582728,0.5506605763784594,0.1221470276265178,0.1764238571785311,0.1479051156907494,0.4534504804121284,0.4591042182441102,0.3321146908352806,0.76,23737
0,0,0.6407610076381495,-0.2896312917778125,0.0510803894426436,-0.8516609922317621,0.132484428370131,0.5715371617460968,0.0541864731373086,-0.1417806950288363,-0.4864685772839422,0.1412870890189311,-0.0009688720422725,0.4060468917952879,0.234192265004699,0.5549974019961418,0.0140576463190273,0.3547591622186937,-0.4289470243255512,0.1273973104704045,0.0152293951960787,-0.4844704194330868,0.0027958011959606,0.1321402465769226,0.0524971529590221,0.9985628949714308,0.1299663533732784,0.000840779142992,0.8886985284243151,0.0002029185103068,0.0655687867978563,0.744738069547906,0.2297179975755858,0.3392542327168591,0.5052206273191041,0.3879438869616712,0.7122999315086683,0.3384193364242871,0.4399805827743853,0.5979807061899549,0.5142012940582728,0.5506605763784594,0.1221470276265178,0.1764238571785311,0.1479051156907494,0.4534504804121284,0.4591042182441102,0.3321146908352806,0.76,23836
0,0,0.6407610076381495,-0.2896312917778125,0.0510803894426436,-0.8516609922317621,0.132484428370131,0.5715371617460968,0.0541864731373086,-0.1417806950288363,-0.4864685772839422,0.1412870890189311,-0.0009688720422725,0.4060468917952879,0.234192265004699,0.5549974019961418,0.0140576463190273,0.3547591622186937,-0.4289470243255512,0.1273973104704045,0.0152293951960787,-0.4844704194330868,0.0027958011959606,0.1321402465769226,0.0524971529590221,0.9985628949714308,0.1299663533732784,0.000840779142992,0.8886985284243151,0.0002029185103068,0.0655687867978563,0.744738069547906,0.2297179975755858,0.3392542327168591,0.5052206273191041,0.3879438869616712,0.7122999315086683,0.3384193364242871,0.4399805827743853,0.5979807061899549,0.5142012940582728,0.5506605763784594,0.1221470276265178,0.1764238571785311,0.1479051156907494,0.4534504804121284,0.4591042182441102,0.3321146908352806,0.76,23931
0,0,0.6407610076381495,-0.2896312917778125,0.0510803894426436,-0.8516609922317621,0.132484428370131,0.5715371617460968,0.0541864731373086,-0.1417806950288363,-0.4864685772839422,0.1412870890189311,-0.0009688720422725,0.4060468917952879,0.234192265004699,0.5549974019961418,0.0140576463190273,0.3547591622186937,-0.4289470243255512,0.1273973104704045,0.0152293951960787,-0.4844704194330868,0.0027958011959606,0.1321402465769226,0.0524971529590221,0.9985628949714308,0.1299663533732784,0.000840779142992,0.8886985284243151,0.0002029185103068,0.0655687867978563,0.744738069547906,0.2297179975755858,0.3392542327168591,0.5052206273191041,0.3879438869616712,0.7122999315086683,0.3384193364242871,0.4399805827743853,0.5979807061899549,0.5142012940582728,0.5506605763784594,0.1221470276265178,0.1764238571785311,0.1479051156907494,0.4534504804121284,0.4591042182441102,0.3321146908352806,0.76,24029
0,0,0.6407610076381495,-0.2896312917778125,0.0510803894426436,-0.8516609922317621,0.132484428370131,0.5715371617460968,0.0541864731373086,-0.1417806950288363,-0.4864685772839422,0.1412870890189311,-0.0009688720422725,0.4060468917952879,0.234192265004699,0.5549974019961418,0.0140576463190273,0.3547591622186937,-0.4289470243255512,0.1273973104704045,0.0152293951960787,-0.4844704194330868,0.0027958011959606,0.1321402465769226,0.0524971529590221,0.9985628949714308,0.1299663533732784,0.000840779142992,0.8886985284243151,0.0002029185103068,0.0655687867978563,0.744738069547906,0.2297179975755858,0.3392542327168591,0.5052206273191041,0.3879438869616712,0.7122999315086683,0.3384193364242871,0.4399805827743853,0.5979807061899549,0.5142012940582728,0.5506605763784594,0.1221470276265178,0.1764238571785311,0.1479051156907494,0.4534504804121284,0.4591042182441102,0.3321146908352806,0.76,24126
0,0,0.6407610076381495,-0.2896312917778125,0.0510803894426436,-0.8516609922317621,0.132484428370131,0.5715371617460968,0.0541864731373086,-0.1417806950288363,-0.4864685772839422,0.1412870890189311,-0.0009688720422725,0.4060468917952879,0.234192265004699,0.5549974019961418,0.0140576463190273,0.3547591622186937,-0.4289470243255512,0.1273973104704045,0.0152293951960787,-0.4844704194330868,0.0027958011959606,0.1321402465769226,0.0524971529590221,0.9985628949714308,0.1299663533732784,0.000840779142992,0.8886985284243151,0.0002029185103068,0.0655687867978563,0.744738069547906,0.2297179975755858,0.3392542327168591,0.5052206273191041,0.3879438869616712,0.7122999315086683,0.3384193364242871,0.4399805827743853,0.5979807061899549,0.5142012940582728,0.5506605763784594,0.1221470276265178,0.1764238571785311,0.1479051156907494,0.4534504804121284,0.4591042182441102,0.3321146908352806,0.76,24225
0,0,-0.0975904861083516,-0.303445822275788,0.209233169238088,-0.8458416987549137,0.7234433133558472,-0.089313931531811,0.8472601410846784,-0.4708006294981575,0.1289926146967067,0.324445194392836,-0.4628981922133907,0.6723093013381841,0.1089396173766756,0.635329835353113,-0.7226059432698653,0.5505577881588465,-0.7282115449352902,-0.8667151757942182,-0.0808951040765371,-0.6150736209341919,0.0056177929309577,0.1323671002735115,0.0524723563733249,0.9986710552534168,0.1305468402016602,0.0010049369521102,0.880352415705716,0.0001,0.0662591936653835,0.7427017352116702,0.1557515119199026,0.0820792614383577,0.0001116847053189,0.2211245710257516,0.181502900706033,0.186699950451062,0.7234277101388243,0.6146166295821734,0.5620981523100528,0.0279247391516672,0.1467392210682328,0.1652119951905586,0.2103584302544819,0.454546075361101,0.4800191994161882,0.142638722993584,0.87,2429
0,0,0.6407610076381495,-0.2896312917778125,0.0510803894426436,-0.8516609922317621,0.132484428370131,0.5715371617460968,0.0541864731373086,-0.1417806950288363,-0.4864685772839422,0.1412870890189311,-0.0009688720422725,0.4060468917952879,0.234192265004699,0.5549974019961418,0.0140576463190273,0.3547591622186937,-0.4289470243255512,0.1273973104704045,0.0152293951960787,-0.4844704194330868,0.0027958011959606,0.1321402465769226,0.0524971529590221,0.9985628949714308,0.1299663533732784,0.000840779142992,0.8886985284243151,0.0002029185103068,0.0655687867978563,0.744738069547906,0.2297179975755858,0.3392542327168591,0.5052206273191041,0.3879438869616712,0.7122999315086683,0.3384193364242871,0.4399805827743853,0.5979807061899549,0.5142012940582728,0.5506605763784594,0.1221470276265178,0.1764238571785311,0.1479051156907494,0.4534504804121284,0.4591042182441102,0.3321146908352806,0.76,24322
0,0,0.6407610076381495,-0.2896312917778125,0.0510803894426436,-0.8516609922317621,0.132484428370131,0.5715371617460968,0.0541864731373086,-0.1417806950288363,-0.4864685772839422,0.1412870890189311,-0.0009688720422725,0.4060468917952879,0.234192265004699,0.5549974019961418,0.0140576463190273,0.3547591622186937,-0.4289470243255512,0.1273973104704045,0.0152293951960787,-0.4844704194330868,0.0027958011959606,0.1321402465769226,0.0524971529590221,0.9985628949714308,0.1299663533732784,0.000840779142992,0.8886985284243151,0.0002029185103068,0.0655687867978563,0.744738069547906,0.2297179975755858,0.3392542327168591,0.5052206273191041,0.3879438869616712,0.7122999315086683,0.3384193364242871,0.4399805827743853,0.5979807061899549,0.5142012940582728,0.5506605763784594,0.1221470276265178,0.1764238571785311,0.1479051156907494,0.4534504804121284,0.4591042182441102,0.3321146908352806,0.76,24417
0,0,0.6407610076381495,-0.2896312917778125,0.0510803894426436,-0.8516609922317621,0.132484428370131,0.5715371617460968,0.0541864731373086,-0.1417806950288363,-0.4864685772839422,0.1412870890189311,-0.0009688720422725,0.4060468917952879,0.234192265004699,0.5549974019961418,0.0140576463190273,0.3547591622186937,-0.4289470243255512,0.1273973104704045,0.0152293951960787,-0.4844704194330868,0.0027958011959606,0.1321402465769226,0.0524971529590221,0.9985628949714308,0.1299663533732784,0.000840779142992,0.8886985284243151,0.0002029185103068,0.0655687867978563,0.744738069547906,0.2297179975755858,0.3392542327168591,0.5052206273191041,0.3879438869616712,0.7122999315086683,0.3384193364242871,0.4399805827743853,0.5979807061899549,0.5142012940582728,0.5506605763784594,0.1221470276265178,0.1764238571785311,0.1479051156907494,0.4534504804121284,0.4591042182441102,0.3321146908352806,0.76,24515
0,0,0.6407610076381495,-0.2896312917778125,0.0510803894426436,-0.8516609922317621,0.132484428370131,0.5715371617460968,0.0541864731373086,-0.1417806950288363,-0.4864685772839422,0.1412870890189311,-0.0009688720422725,0.4060468917952879,0.234192265004699,0.5549974019961418,0.0140576463190273,0.3547591622186937,-0.4289470243255512,0.1273973104704045,0.0152293951960787,-0.4844704194330868,0.0027958011959606,0.1321402465769226,0.0524971529590221,0.9985628949714308,0.1299663533732784,0.000840779142992,0.8886985284243151,0.0002029185103068,0.0655687867978563,0.744738069547906,0.2297179975755858,0.3392542327168591,0.5052206273191041,0.3879438869616712,0.7122999315086683,0.3384193364242871,0.4399805827743853,0.5979807061899549,0.5142012940582728,0.5506605763784594,0.1221470276265178,0.1764238571785311,0.1479051156907494,0.4534504804121284,0.4591042182441102,0.3321146908352806,0.76,24614
0,0,0.6407610076381495,-0.2896312917778125,0.0510803894426436,-0.8516609922317621,0.132484428370131,0.5715371617460968,0.0541864731373086,-0.1417806950288363,-0.4864685772839422,0.1412870890189311,-0.0009688720422725,0.4060468917952879,0.234192265004699,0.5549974019961418,0.0140576463190273,0.3547591622186937,-0.4289470243255512,0.1273973104704045,0.0152293951960787,-0.4844704194330868,0.0027958011959606,0.1321402465769226,0.0524971529590221,0.9985628949714308,0.1299663533732784,0.000840779142992,0.8886985284243151,0.0002029185103068,0.0655687867978563,0.744738069547906,0.2297179975755858,0.3392542327168591,0.5052206273191041,0.3879438869616712,0.7122999315086683,0.3384193364242871,0.4399805827743853,0.5979807061899549,0.5142012940582728,0.5506605763784594,0.1221470276265178,0.1764238571785311,0.1479051156907494,0.4534504804121284,0.4591042182441102,0.3321146908352806,0.76,24709
0,0,0.6407610076381495,-0.2896312917778125,0.0510803894426436,-0.8516609922317621,0.132484428370131,0.5715371617460968,0.0541864731373086,-0.1417806950288363,-0.4864685772839422,0.1412870890189311,-0.0009688720422725,0.4060468917952879,0.234192265004699,0.5549974019961418,0.0140576463190273,0.3547591622186937,-0.4289470243255512,0.1273973104704045,0.0152293951960787,-0.4844704194330868,0.0027958011959606,0.1321402465769226,0.0524971529590221,0.9985628949714308,0.1299663533732784,0.000840779142992,0.8886985284243151,0.0002029185103068,0.0655687867978563,0.744738069547906,0.2297179975755858,0.3392542327168591,0.5052206273191041,0.3879438869616712,0.7122999315086683,0.3384193364242871,0.4399805827743853,0.5979807061899549,0.5142012940582728,0.5506605763784594,0.1221470276265178,0.1764238571785311,0.1479051156907494,0.4534504804121284,0.4591042182441102,0.3321146908352806,0.76,24809
0,0,0.6407610076381495,-0.2896312917778125,0.0510803894426436,-0.8516609922317621,0.132484428370131,0.5715371617460968,0.0541864731373086,-0.1417806950288363,-0.4864685772839422,0.1412870890189311,-0.0009688720422725,0.4060468917952879,0.234192265004699,0.5549974019961418,0.0140576463190273,0.3547591622186937,-0.4289470243255512,0.1273973104704045,0.0152293951960787,-0.4844704194330868,0.0027958011959606,0.1321402465769226,0.0524971529590221,0.9985628949714308,0.1299663533732784,0.000840779142992,0.8886985284243151,0.0002029185103068,0.0655687867978563,0.744738069547906,0.2297179975755858,0.3392542327168591,0.5052206273191041,0.3879438869616712,0.7122999315086683,0.3384193364242871,0.4399805827743853,0.5979807061899549,0.5142012940582728,0.5506605763784594,0.1221470276265178,0.1764238571785311,0.1479051156907494,0.4534504804121284,0.4591042182441102,0.3321146908352806,0.76,24906
0,0,0.6407610076381495,-0.2896312917778125,0.0510803894426436,-0.8516609922317621,0.132484428370131,0.5715371617460968,0.0541864731373086,-0.1417806950288363,-0.4864685772839422,0.1412870890189311,-0.0009688720422725,0.4060468917952879,0.234192265004699,0.5549974019961418,0.0140576463190273,0.3547591622186937,-0.4289470243255512,0.1273973104704045,0.0152293951960787,-0.4844704194330868,0.0027958011959606,0.1321402465769226,0.0524971529590221,0.9985628949714308,0.1299663533732784,0.000840779142992,0.8886985284243151,0.0002029185103068,0.0655687867978563,0.744738069547906,0.2297179975755858,0.3392542327168591,0.5052206273191041,0.3879438869616712,0.7122999315086683,0.3384193364242871,0.4399805827743853,0.5979807061899549,0.5142012940582728,0.5506605763784594,0.1221470276265178,0.1764238571785311,0.1479051156907494,0.4534504804121284,0.4591042182441102,0.3321146908352806,0.76,25003
0,0,0.6407610076381495,-0.2896312917778125,0.0510803894426436,-0.8516609922317621,0.132484428370131,0.5715371617460968,0.0541864731373086,-0.1417806950288363,-0.4864685772839422,0.1412870890189311,-0.0009688720422725,0.4060468917952879,0.234192265004699,0.5549974019961418,0.0140576463190273,0.3547591622186937,-0.4289470243255512,0.1273973104704045,0.0152293951960787,-0.4844704194330868,0.0027958011959606,0.1321402465769226,0.0524971529590221,0.9985628949714308,0.1299663533732784,0.000840779142992,0.8886985284243151,0.0002029185103068,0.0655687867978563,0.744738069547906,0.2297179975755858,0.3392542327168591,0.5052206273191041,0.3879438869616712,0.7122999315086683,0.3384193364242871,0.4399805827743853,0.5979807061899549,0.5142012940582728,0.5506605763784594,0.1221470276265178,0.1764238571785311,0.1479051156907494,0.4534504804121284,0.4591042182441102,0.3321146908352806,0.76,25098
0,0,0.6407610076381495,-0.2896312917778125,0.0510803894426436,-0.8516609922317621,0.132484428370131,0.5715371617460968,0.0541864731373086,-0.1417806950288363,-0.4864685772839422,0.1412870890189311,-0.0009688720422725,0.4060468917952879,0.234192265004699,0.5549974019961418,0.0140576463190273,0.3547591622186937,-0.4289470243255512,0.1273973104704045,0.0152293951960787,-0.4844704194330868,0.0027958011959606,0.1321402465769226,0.0524971529590221,0.9985628949714308,0.1299663533732784,0.000840779142992,0.8886985284243151,0.0002029185103068,0.0655687867978563,0.744738069547906,0.2297179975755858,0.3392542327168591,0.5052206273191041,0.3879438869616712,0.7122999315086683,0.3384193364242871,0.4399805827743853,0.5979807061899549,0.5142012940582728,0.5506605763784594,0.1221470276265178,0.1764238571785311,0.1479051156907494,0.4534504804121284,0.4591042182441102,0.3321146908352806,0.76,25198
0,0,-0.0975904861083516,-0.303445822275788,0.209233169238088,-0.8458416987549137,0.7234433133558472,-0.089313931531811,0.8472601410846784,-0.4708006294981575,0.1289926146967067,0.324445194392836,-0.4628981922133907,0.6723093013381841,0.1089396173766756,0.635329835353113,-0.7226059432698653,0.5505577881588465,-0.7282115449352902,-0.8667151757942182,-0.0808951040765371,-0.6150736209341919,0.0056177929309577,0.1323671002735115,0.0524723563733249,0.9986710552534168,0.1305468402016602,0.0010049369521102,0.880352415705716,0.0001,0.0662591936653835,0.7427017352116702,0.1557515119199026,0.0820792614383577,0.0001116847053189,0.2211245710257516,0.181502900706033,0.186699950451062,0.7234277101388243,0.6146166295821734,0.5620981523100528,0.0279247391516672,0.1467392210682328,0.1652119951905586,0.2103584302544819,0.454546075361101,0.4800191994161882,0.142638722993584,0.87,2523
0,0,0.6407610076381495,-0.2896312917778125,0.0510803894426436,-0.8516609922317621,0.132484428370131,0.5715371617460968,0.0541864731373086,-0.1417806950288363,-0.4864685772839422,0.1412870890189311,-0.0009688720422725,0.4060468917952879,0.234192265004699,0.5549974019961418,0.0140576463190273,0.3547591622186937,-0.4289470243255512,0.1273973104704045,0.0152293951960787,-0.4844704194330868,0.0027958011959606,0.1321402465769226,0.0524971529590221,0.9985628949714308,0.1299663533732784,0.000840779142992,0.8886985284243151,0.0002029185103068,0.0655687867978563,0.744738069547906,0.2297179975755858,0.3392542327168591,0.5052206273191041,0.3879438869616712,0.7122999315086683,0.3384193364242871,0.4399805827743853,0.5979807061899549,0.5142012940582728,0.5506605763784594,0.1221470276265178,0.1764238571785311,0.1479051156907494,0.4534504804121284,0.4591042182441102,0.3321146908352806,0.76,25297
0,0,0.6407610076381495,-0.2896312917778125,0.0510803894426436,-0.8516609922317621,0.132484428370131,0.5715371617460968,0.0541864731373086,-0.1417806950288363,-0.4864685772839422,0.1412870890189311,-0.0009688720422725,0.4060468917952879,0.234192265004699,0.5549974019961418,0.0140576463190273,0.3547591622186937,-0.4289470243255512,0.1273973104704045,0.0152293951960787,-0.4844704194330868,0.0027958011959606,0.1321402465769226,0.0524971529590221,0.9985628949714308,0.1299663533732784,0.000840779142992,0.8886985284243151,0.0002029185103068,0.0655687867978563,0.744738069547906,0.2297179975755858,0.3392542327168591,0.5052206273191041,0.3879438869616712,0.7122999315086683,0.3384193364242871,0.4399805827743853,0.5979807061899549,0.5142012940582728,0.5506605763784594,0.1221470276265178,0.1764238571785311,0.1479051156907494,0.4534504804121284,0.4591042182441102,0.3321146908352806,0.76,25391
0,0,0.6407610076381495,-0.2896312917778125,0.0510803894426436,-0.8516609922317621,0.132484428370131,0.5715371617460968,0.0541864731373086,-0.1417806950288363,-0.4864685772839422,0.1412870890189311,-0.0009688720422725,0.4060468917952879,0.234192265004699,0.5549974019961418,0.0140576463190273,0.3547591622186937,-0.4289470243255512,0.1273973104704045,0.0152293951960787,-0.4844704194330868,0.0027958011959606,0.1321402465769226,0.0524971529590221,0.9985628949714308,0.1299663533732784,0.000840779142992,0.8886985284243151,0.0002029185103068,0.0655687867978563,0.744738069547906,0.2297179975755858,0.3392542327168591,0.5052206273191041,0.3879438869616712,0.7122999315086683,0.3384193364242871,0.4399805827743853,0.5979807061899549,0.5142012940582728,0.5506605763784594,0.1221470276265178,0.1764238571785311,0.1479051156907494,0.4534504804121284,0.4591042182441102,0.3321146908352806,0.76,25490
0,0,0.6407610076381495,-0.2896312917778125,0.0510803894426436,-0.8516609922317621,0.132484428370131,0.5715371617460968,0.0541864731373086,-0.1417806950288363,-0.4864685772839422,0.1412870890189311,-0.0009688720422725,0.4060468917952879,0.234192265004699,0.5549974019961418,0.0140576463190273,0.3547591622186937,-0.4289470243255512,0.1273973104704045,0.0152293951960787,-0.4844704194330868,0.0027958011959606,0.1321402465769226,0.0524971529590221,0.9985628949714308,0.1299663533732784,0.000840779142992,0.8886985284243151,0.0002029185103068,0.0655687867978563,0.744738069547906,0.2297179975755858,0.3392542327168591,0.5052206273191041,0.3879438869616712,0.7122999315086683,0.3384193364242871,0.4399805827743853,0.5979807061899549,0.5142012940582728,0.5506605763784594,0.1221470276265178,0.1764238571785311,0.1479051156907494,0.4534504804121284,0.4591042182441102,0.3321146908352806,0.76,25590
0,0,0.6407610076381495,-0.2896312917778125,0.0510803894426436,-0.8516609922317621,0.132484428370131,0.5715371617460968,0.0541864731373086,-0.1417806950288363,-0.4864685772839422,0.1412870890189311,-0.0009688720422725,0.4060468917952879,0.234192265004699,0.5549974019961418,0.0140576463190273,0.3547591622186937,-0.4289470243255512,0.1273973104704045,0.0152293951960787,-0.4844704194330868,0.0027958011959606,0.1321402465769226,0.0524971529590221,0.9985628949714308,0.1299663533732784,0.000840779142992,0.8886985284243151,0.0002029185103068,0.0655687867978563,0.744738069547906,0.2297179975755858,0.3392542327168591,0.5052206273191041,0.3879438869616712,0.7122999315086683,0.3384193364242871,0.4399805827743853,0.5979807061899549,0.5142012940582728,0.5506605763784594,0.1221470276265178,0.1764238571785311,0.1479051156907494,0.4534504804121284,0.4591042182441102,0.3321146908352806,0.76,25689
0,0,0.6407610076381495,-0.2896312917778125,0.0510803894426436,-0.8516609922317621,0.132484428370131,0.5715371617460968,0.0541864731373086,-0.1417806950288363,-0.4864685772839422,0.1412870890189311,-0.0009688720422725,0.4060468917952879,0.234192265004699,0.5549974019961418,0.0140576463190273,0.3547591622186937,-0.4289470243255512,0.1273973104704045,0.0152293951960787,-0.4844704194330868,0.0027958011959606,0.1321402465769226,0.0524971529590221,0.9985628949714308,0.1299663533732784,0.000840779142992,0.8886985284243151,0.0002029185103068,0.0655687867978563,0.744738069547906,0.2297179975755858,0.3392542327168591,0.5052206273191041,0.3879438869616712,0.7122999315086683,0.3384193364242871,0.4399805827743853,0.5979807061899549,0.5142012940582728,0.5506605763784594,0.1221470276265178,0.1764238571785311,0.1479051156907494,0.4534504804121284,0.4591042182441102,0.3321146908352806,0.76,25787
0,0,0.6407610076381495,-0.2896312917778125,0.0510803894426436,-0.8516609922317621,0.132484428370131,0.5715371617460968,0.0541864731373086,-0.1417806950288363,-0.4864685772839422,0.1412870890189311,-0.0009688720422725,0.4060468917952879,0.234192265004699,0.5549974019961418,0.0140576463190273,0.3547591622186937,-0.4289470243255512,0.1273973104704045,0.0152293951960787,-0.4844704194330868,0.0027958011959606,0.1321402465769226,0.0524971529590221,0.9985628949714308,0.1299663533732784,0.000840779142992,0.8886985284243151,0.0002029185103068,0.0655687867978563,0.744738069547906,0.2297179975755858,0.3392542327168591,0.5052206273191041,0.3879438869616712,0.7122999315086683,0.3384193364242871,0.4399805827743853,0.5979807061899549,0.5142012940582728,0.5506605763784594,0.1221470276265178,0.1764238571785311,0.1479051156907494,0.4534504804121284,0.4591042182441102,0.3321146908352806,0.76,25879
0,0,0.6407610076381495,-0.2896312917778125,0.0510803894426436,-0.8516609922317621,0.132484428370131,0.5715371617460968,0.0541864731373086,-0.1417806950288363,-0.4864685772839422,0.1412870890189311,-0.0009688720422725,0.4060468917952879,0.234192265004699,0.5549974019961418,0.0140576463190273,0.3547591622186937,-0.4289470243255512,0.1273973104704045,0.0152293951960787,-0.4844704194330868,0.0027958011959606,0.1321402465769226,0.0524971529590221,0.9985628949714308,0.1299663533732784,0.000840779142992,0.8886985284243151,0.0002029185103068,0.0655687867978563,0.744738069547906,0.2297179975755858,0.3392542327168591,0.5052206273191041,0.3879438869616712,0.7122999315086683,0.3384193364242871,0.4399805827743853,0.5979807061899549,0.5142012940582728,0.5506605763784594,0.1221470276265178,0.1764238571785311,0.1479051156907494,0.4534504804121284,0.4591042182441102,0.3321146908352806,0.76,25977
0,0,0.6407610076381495,-0.2896312917778125,0.0510803894426436,-0.8516609922317621,0.132484428370131,0.5715371617460968,0.0541864731373086,-0.1417806950288363,-0.4864685772839422,0.1412870890189311,-0.0009688720422725,0.4060468917952879,0.234192265004699,0.5549974019961418,0.0140576463190273,0.3547591622186937,-0.4289470243255512,0.1273973104704045,0.0152293951960787,-0.4844704194330868,0.0027958011959606,0.1321402465769226,0.0524971529590221,0.9985628949714308,0.1299663533732784,0.000840779142992,0.8886985284243151,0.0002029185103068,0.0655687867978563,0.744738069547906,0.2297179975755858,0.3392542327168591,0.5052206273191041,0.3879438869616712,0.7122999315086683,0.3384193364242871,0.4399805827743853,0.5979807061899549,0.5142012940582728,0.5506605763784594,0.1221470276265178,0.1764238571785311,0.1479051156907494,0.4534504804121284,0.4591042182441102,0.3321146908352806,0.76,26075
0,0,-0.0978806877359132,-0.3013859223014541,0.2086132180438428,-0.8463875860853045,0.7500445094065121,-0.0982342338287963,0.8390859252007954,-0.1412008811453211,-0.6629151051166029,0.3284704955755311,-0.4675320889689742,0.7517933690125616,0.9249136536078226,0.6261280300544007,-0.7211074761277978,0.5563648721866564,-0.7308488195386746,0.1311717886424468,-0.0870750289407801,-0.6126775822009805,0.0056185665869662,0.1319055131859341,0.0525341359966351,1.0,0.130210735634781,0.0010130678682312,0.8856925418067718,0.0001,0.0650218656396882,0.7424253270761692,0.1478448908396523,0.081999845424318,0.5207953795148571,0.2539445268658656,0.1812840957277661,0.1940161360526736,0.7404755413986934,0.614945526276796,0.621163114331636,0.0013086916004138,0.1471393960730716,0.1769684684566314,0.4192187041532451,0.453699623466587,0.4613888726389517,0.1374791843564899,0.86,2615
0,0,0.6407610076381495,-0.2896312917778125,0.0510803894426436,-0.8516609922317621,0.132484428370131,0.5715371617460968,0.0541864731373086,-0.1417806950288363,-0.4864685772839422,0.1412870890189311,-0.0009688720422725,0.4060468917952879,0.234192265004699,0.5549974019961418,0.0140576463190273,0.3547591622186937,-0.4289470243255512,0.1273973104704045,0.0152293951960787,-0.4844704194330868,0.0027958011959606,0.1321402465769226,0.0524971529590221,0.9985628949714308,0.1299663533732784,0.000840779142992,0.8886985284243151,0.0002029185103068,0.0655687867978563,0.744738069547906,0.2297179975755858,0.3392542327168591,0.5052206273191041,0.3879438869616712,0.7122999315086683,0.3384193364242871,0.4399805827743853,0.5979807061899549,0.5142012940582728,0.5506605763784594,0.1221470276265178,0.1764238571785311,0.1479051156907494,0.4534504804121284,0.4591042182441102,0.3321146908352806,0.76,26173
0,0,0.6407610076381495,-0.2896312917778125,0.0510803894426436,-0.8516609922317621,0.132484428370131,0.5715371617460968,0.0541864731373086,-0.1417806950288363,-0.4864685772839422,0.1412870890189311,-0.0009688720422725,0.4060468917952879,0.234192265004699,0.5549974019961418,0.0140576463190273,0.3547591622186937,-0.4289470243255512,0.1273973104704045,0.0152293951960787,-0.4844704194330868,0.0027958011959606,0.1321402465769226,0.0524971529590221,0.9985628949714308,0.1299663533732784,0.000840779142992,0.8886985284243151,0.0002029185103068,0.0655687867978563,0.744738069547906,0.2297179975755858,0.3392542327168591,0.5052206273191041,0.3879438869616712,0.7122999315086683,0.3384193364242871,0.4399805827743853,0.5979807061899549,0.5142012940582728,0.5506605763784594,0.1221470276265178,0.1764238571785311,0.1479051156907494,0.4534504804121284,0.4591042182441102,0.3321146908352806,0.76,26271
0,0,0.6407610076381495,-0.2896312917778125,0.0510803894426436,-0.8516609922317621,0.132484428370131,0.5715371617460968,0.0541864731373086,-0.1417806950288363,-0.4864685772839422,0.1412870890189311,-0.0009688720422725,0.4060468917952879,0.234192265004699,0.5549974019961418,0.0140576463190273,0.3547591622186937,-0.4289470243255512,0.1273973104704045,0.0152293951960787,-0.4844704194330868,0.0027958011959606,0.1321402465769226,0.0524971529590221,0.9985628949714308,0.1299663533732784,0.000840779142992,0.8886985284243151,0.0002029185103068,0.0655687867978563,0.744738069547906,0.2297179975755858,0.3392542327168591,0.5052206273191041,0.3879438869616712,0.7122999315086683,0.3384193364242871,0.4399805827743853,0.5979807061899549,0.5142012940582728,0.5506605763784594,0.1221470276265178,0.1764238571785311,0.1479051156907494,0.4534504804121284,0.4591042182441102,0.3321146908352806,0.76,26369
0,0,0.6407610076381495,-0.2896312917778125,0.0510803894426436,-0.8516609922317621,0.132484428370131,0.5715371617460968,0.0541864731373086,-0.1417806950288363,-0.4864685772839422,0.1412870890189311,-0.0009688720422725,0.4060468917952879,0.234192265004699,0.5549974019961418,0.0140576463190273,0.3547591622186937,-0.4289470243255512,0.1273973104704045,0.0152293951960787,-0.4844704194330868,0.0027958011959606,0.1321402465769226,0.0524971529590221,0.9985628949714308,0.1299663533732784,0.000840779142992,0.8886985284243151,0.0002029185103068,0.0655687867978563,0.744738069547906,0.2297179975755858,0.3392542327168591,0.5052206273191041,0.3879438869616712,0.7122999315086683,0.3384193364242871,0.4399805827743853,0.5979807061899549,0.5142012940582728,0.5506605763784594,0.1221470276265178,0.1764238571785311,0.1479051156907494,0.4534504804121284,0.4591042182441102,0.3321146908352806,0.76,26465
0,0,0.6407610076381495,-0.2896312917778125,0.0510803894426436,-0.8516609922317621,0.132484428370131,0.5715371617460968,0.0541864731373086,-0.1417806950288363,-0.4864685772839422,0.1412870890189311,-0.0009688720422725,0.4060468917952879,0.234192265004699,0.5549974019961418,0.0140576463190273,0.3547591622186937,-0.4289470243255512,0.1273973104704045,0.0152293951960787,-0.4844704194330868,0.0027958011959606,0.1321402465769226,0.0524971529590221,0.9985628949714308,0.1299663533732784,0.000840779142992,0.8886985284243151,0.0002029185103068,0.0655687867978563,0.744738069547906,0.2297179975755858,0.3392542327168591,0.5052206273191041,0.3879438869616712,0.7122999315086683,0.3384193364242871,0.4399805827743853,0.5979807061899549,0.5142012940582728,0.5506605763784594,0.1221470276265178,0.1764238571785311,0.1479051156907494,0.4534504804121284,0.4591042182441102,0.3321146908352806,0.76,26558
0,0,0.6407610076381495,-0.2896312917778125,0.0510803894426436,-0.8516609922317621,0.132484428370131,0.5715371617460968,0.0541864731373086,-0.1417806950288363,-0.4864685772839422,0.1412870890189311,-0.0009688720422725,0.4060468917952879,0.234192265004699,0.5549974019961418,0.0140576463190273,0.3547591622186937,-0.4289470243255512,0.1273973104704045,0.0152293951960787,-0.4844704194330868,0.0027958011959606,0.1321402465769226,0.0524971529590221,0.9985628949714308,0.1299663533732784,0.000840779142992,0.8886985284243151,0.0002029185103068,0.0655687867978563,0.744738069547906,0.2297179975755858,0.3392542327168591,0.5052206273191041,0.3879438869616712,0.7122999315086683,0.3384193364242871,0.4399805827743853,0.5979807061899549,0.5142012940582728,0.5506605763784594,0.1221470276265178,0.1764238571785311,0.1479051156907494,0.4534504804121284,0.4591042182441102,0.3321146908352806,0.76,26657
0,0,0.6407610076381495,-0.2896312917778125,0.0510803894426436,-0.8516609922317621,0.132484428370131,0.5715371617460968,0.0541864731373086,-0.1417806950288363,-0.4864685772839422,0.1412870890189311,-0.0009688720422725,0.4060468917952879,0.234192265004699,0.5549974019961418,0.0140576463190273,0.3547591622186937,-0.4289470243255512,0.1273973104704045,0.0152293951960787,-0.4844704194330868,0.0027958011959606,0.1321402465769226,0.0524971529590221,0.9985628949714308,0.1299663533732784,0.000840779142992,0.8886985284243151,0.0002029185103068,0.0655687867978563,0.744738069547906,0.2297179975755858,0.3392542327168591,0.5052206273191041,0.3879438869616712,0.7122999315086683,0.3384193364242871,0.4399805827743853,0.5979807061899549,0.5142012940582728,0.5506605763784594,0.1221470276265178,0.1764238571785311,0.1479051156907494,0.4534504804121284,0.4591042182441102,0.3321146908352806,0.76,26754
0,0,0.6407610076381495,-0.2896312917778125,0.0510803894426436,-0.8516609922317621,0.132484428370131,0.5715371617460968,0.0541864731373086,-0.1417806950288363,-0.4864685772839422,0.1412870890189311,-0.0009688720422725,0.4060468917952879,0.234192265004699,0.5549974019961418,0.0140576463190273,0.3547591622186937,-0.4289470243255512,0.1273973104704045,0.0152293951960787,-0.4844704194330868,0.0027958011959606,0.1321402465769226,0.0524971529590221,0.9985628949714308,0.1299663533732784,0.000840779142992,0.8886985284243151,0.0002029185103068,0.0655687867978563,0.744738069547906,0.2297179975755858,0.3392542327168591,0.5052206273191041,0.3879438869616712,0.7122999315086683,0.3384193364242871,0.4399805827743853,0.5979807061899549,0.5142012940582728,0.5506605763784594,0.1221470276265178,0.1764238571785311,0.1479051156907494,0.4534504804121284,0.4591042182441102,0.3321146908352806,0.76,26853
0,0,0.6407610076381495,-0.2896312917778125,0.0510803894426436,-0.8516609922317621,0.132484428370131,0.5715371617460968,0.0541864731373086,-0.1417806950288363,-0.4864685772839422,0.1412870890189311,-0.0009688720422725,0.4060468917952879,0.234192265004699,0.5549974019961418,0.0140576463190273,0.3547591622186937,-0.4289470243255512,0.1273973104704045,0.0152293951960787,-0.4844704194330868,0.0027958011959606,0.1321402465769226,0.0524971529590221,0.9985628949714308,0.1299663533732784,0.000840779142992,0.8886985284243151,0.0002029185103068,0.0655687867978563,0.744738069547906,0.2297179975755858,0.3392542327168591,0.5052206273191041,0.3879438869616712,0.7122999315086683,0.3384193364242871,0.4399805827743853,0.5979807061899549,0.5142012940582728,0.5506605763784594,0.1221470276265178,0.1764238571785311,0.1479051156907494,0.4534504804121284,0.4591042182441102,0.3321146908352806,0.76,26953
0,0,0.6407610076381495,-0.2896312917778125,0.0510803894426436,-0.8516609922317621,0.132484428370131,0.5715371617460968,0.0541864731373086,-0.1417806950288363,-0.4864685772839422,0.1412870890189311,-0.0009688720422725,0.4060468917952879,0.234192265004699,0.5549974019961418,0.0140576463190273,0.3547591622186937,-0.4289470243255512,0.1273973104704045,0.0152293951960787,-0.4844704194330868,0.0027958011959606,0.1321402465769226,0.0524971529590221,0.9985628949714308,0.1299663533732784,0.000840779142992,0.8886985284243151,0.0002029185103068,0.0655687867978563,0.744738069547906,0.2297179975755858,0.3392542327168591,0.5052206273191041,0.3879438869616712,0.7122999315086683,0.3384193364242871,0.4399805827743853,0.5979807061899549,0.5142012940582728,0.5506605763784594,0.1221470276265178,0.1764238571785311,0.1479051156907494,0.4534504804121284,0.4591042182441102,0.3321146908352806,0.76,27051
0,0,-0.0978806877359132,-0.3013859223014541,0.2086132180438428,-0.8463875860853045,0.7500445094065121,-0.0982342338287963,0.8390859252007954,-0.1412008811453211,-0.6629151051166029,0.3284704955755311,-0.4675320889689742,0.7517933690125616,0.9249136536078226,0.6261280300544007,-0.7211074761277978,0.5563648721866564,-0.7308488195386746,0.1311717886424468,-0.0870750289407801,-0.6126775822009805,0.0056185665869662,0.1319055131859341,0.0525341359966351,1.0,0.130210735634781,0.0010130678682312,0.8856925418067718,0.0001,0.0650218656396882,0.7424253270761692,0.1478448908396523,0.081999845424318,0.5207953795148571,0.2539445268658656,0.1812840957277661,0.1940161360526736,0.7404755413986934,0.614945526276796,0.621163114331636,0.0013086916004138,0.1471393960730716,0.1769684684566314,0.4192187041532451,0.453699623466587,0.4613888726389517,0.1374791843564899,0.86,2706
0,0,0.6407610076381495,-0.2896312917778125,0.0510803894426436,-0.8516609922317621,0.132484428370131,0.5715371617460968,0.0541864731373086,-0.1417806950288363,-0.4864685772839422,0.1412870890189311,-0.0009688720422725,0.4060468917952879,0.234192265004699,0.5549974019961418,0.0140576463190273,0.3547591622186937,-0.4289470243255512,0.1273973104704045,0.0152293951960787,-0.4844704194330868,0.0027958011959606,0.1321402465769226,0.0524971529590221,0.9985628949714308,0.1299663533732784,0.000840779142992,0.8886985284243151,0.0002029185103068,0.0655687867978563,0.744738069547906,0.2297179975755858,0.3392542327168591,0.5052206273191041,0.3879438869616712,0.7122999315086683,0.3384193364242871,0.4399805827743853,0.5979807061899549,0.5142012940582728,0.5506605763784594,0.1221470276265178,0.1764238571785311,0.1479051156907494,0.4534504804121284,0.4591042182441102,0.3321146908352806,0.76,27148
0,0,0.6407610076381495,-0.2896312917778125,0.0510803894426436,-0.8516609922317621,0.132484428370131,0.5715371617460968,0.0541864731373086,-0.1417806950288363,-0.4864685772839422,0.1412870890189311,-0.0009688720422725,0.4060468917952879,0.234192265004699,0.5549974019961418,0.0140576463190273,0.3547591622186937,-0.4289470243255512,0.1273973104704045,0.0152293951960787,-0.4844704194330868,0.0027958011959606,0.1321402465769226,0.0524971529590221,0.9985628949714308,0.1299663533732784,0.000840779142992,0.8886985284243151,0.0002029185103068,0.0655687867978563,0.744738069547906,0.2297179975755858,0.3392542327168591,0.5052206273191041,0.3879438869616712,0.7122999315086683,0.3384193364242871,0.4399805827743853,0.5979807061899549,0.5142012940582728,0.5506605763784594,0.1221470276265178,0.1764238571785311,0.1479051156907494,0.4534504804121284,0.4591042182441102,0.3321146908352806,0.76,27244
0,0,0.6407610076381495,-0.2896312917778125,0.0510803894426436,-0.8516609922317621,0.132484428370131,0.5715371617460968,0.0541864731373086,-0.1417806950288363,-0.4864685772839422,0.1412870890189311,-0.0009688720422725,0.4060468917952879,0.234192265004699,0.5549974019961418,0.0140576463190273,0.3547591622186937,-0.4289470243255512,0.1273973104704045,0.0152293951960787,-0.4844704194330868,0.0027958011959606,0.1321402465769226,0.0524971529590221,0.9985628949714308,0.1299663533732784,0.000840779142992,0.8886985284243151,0.0002029185103068,0.0655687867978563,0.744738069547906,0.2297179975755858,0.3392542327168591,0.5052206273191041,0.3879438869616712,0.7122999315086683,0.3384193364242871,0.4399805827743853,0.5979807061899549,0.5142012940582728,0.5506605763784594,0.1221470276265178,0.1764238571785311,0.1479051156907494,0.4534504804121284,0.4591042182441102,0.3321146908352806,0.76,27338
0,0,0.6407610076381495,-0.2896312917778125,0.0510803894426436,-0.8516609922317621,0.132484428370131,0.5715371617460968,0.0541864731373086,-0.1417806950288363,-0.4864685772839422,0.1412870890189311,-0.0009688720422725,0.4060468917952879,0.234192265004699,0.5549974019961418,0.0140576463190273,0.3547591622186937,-0.4289470243255512,0.1273973104704045,0.0152293951960787,-0.4844704194330868,0.0027958011959606,0.1321402465769226,0.0524971529590221,0.9985628949714308,0.1299663533732784,0.000840779142992,0.8886985284243151,0.0002029185103068,0.0655687867978563,0.744738069547906,0.2297179975755858,0.3392542327168591,0.5052206273191041,0.3879438869616712,0.7122999315086683,0.3384193364242871,0.4399805827743853,0.5979807061899549,0.5142012940582728,0.5506605763784594,0.1221470276265178,0.1764238571785311,0.1479051156907494,0.4534504804121284,0.4591042182441102,0.3321146908352806,0.76,27431
0,0,0.6407610076381495,-0.2896312917778125,0.0510803894426436,-0.8516609922317621,0.132484428370131,0.5715371617460968,0.0541864731373086,-0.1417806950288363,-0.4864685772839422,0.1412870890189311,-0.0009688720422725,0.4060468917952879,0.234192265004699,0.5549974019961418,0.0140576463190273,0.3547591622186937,-0.4289470243255512,0.1273973104704045,0.0152293951960787,-0.4844704194330868,0.0027958011959606,0.1321402465769226,0.0524971529590221,0.9985628949714308,0.1299663533732784,0.000840779142992,0.8886985284243151,0.0002029185103068,0.0655687867978563,0.744738069547906,0.2297179975755858,0.3392542327168591,0.5052206273191041,0.3879438869616712,0.7122999315086683,0.3384193364242871,0.4399805827743853,0.5979807061899549,0.5142012940582728,0.5506605763784594,0.1221470276265178,0.1764238571785311,0.1479051156907494,0.4534504804121284,0.4591042182441102,0.3321146908352806,0.76,27529
0,0,0.6407610076381495,-0.2896312917778125,0.0510803894426436,-0.8516609922317621,0.132484428370131,0.5715371617460968,0.0541864731373086,-0.1417806950288363,-0.4864685772839422,0.1412870890189311,-0.0009688720422725,0.4060468917952879,0.234192265004699,0.5549974019961418,0.0140576463190273,0.3547591622186937,-0.4289470243255512,0.1273973104704045,0.0152293951960787,-0.4844704194330868,0.0027958011959606,0.1321402465769226,0.0524971529590221,0.9985628949714308,0.1299663533732784,0.000840779142992,0.8886985284243151,0.0002029185103068,0.0655687867978563,0.744738069547906,0.2297179975755858,0.3392542327168591,0.5052206273191041,0.3879438869616712,0.7122999315086683,0.3384193364242871,0.4399805827743853,0.5979807061899549,0.5142012940582728,0.5506605763784594,0.1221470276265178,0.1764238571785311,0.1479051156907494,0.4534504804121284,0.4591042182441102,0.3321146908352806,0.76,27624
0,0,0.6407610076381495,-0.2896312917778125,0.0510803894426436,-0.8516609922317621,0.132484428370131,0.5715371617460968,0.0541864731373086,-0.1417806950288363,-0.4864685772839422,0.1412870890189311,-0.0009688720422725,0.4060468917952879,0.234192265004699,0.5549974019961418,0.0140576463190273,0.3547591622186937,-0.4289470243255512,0.1273973104704045,0.0152293951960787,-0.4844704194330868,0.0027958011959606,0.1321402465769226,0.0524971529590221,0.9985628949714308,0.1299663533732784,0.000840779142992,0.8886985284243151,0.0002029185103068,0.0655687867978563,0.744738069547906,0.2297179975755858,0.3392542327168591,0.5052206273191041,0.3879438869616712,0.7122999315086683,0.3384193364242871,0.4399805827743853,0.5979807061899549,0.5142012940582728,0.5506605763784594,0.1221470276265178,0.1764238571785311,0.1479051156907494,0.4534504804121284,0.4591042182441102,0.3321146908352806,0.76,27722
0,0,0.6407610076381495,-0.2896312917778125,0.0510803894426436,-0.8516609922317621,0.132484428370131,0.5715371617460968,0.0541864731373086,-0.1417806950288363,-0.4864685772839422,0.1412870890189311,-0.0009688720422725,0.4060468917952879,0.234192265004699,0.5549974019961418,0.0140576463190273,0.3547591622186937,-0.4289470243255512,0.1273973104704045,0.0152293951960787,-0.4844704194330868,0.0027958011959606,0.1321402465769226,0.0524971529590221,0.9985628949714308,0.1299663533732784,0.000840779142992,0.8886985284243151,0.0002029185103068,0.0655687867978563,0.744738069547906,0.2297179975755858,0.3392542327168591,0.5052206273191041,0.3879438869616712,0.7122999315086683,0.3384193364242871,0.4399805827743853,0.5979807061899549,0.5142012940582728,0.5506605763784594,0.1221470276265178,0.1764238571785311,0.1479051156907494,0.4534504804121284,0.4591042182441102,0.3321146908352806,0.76,27823
0,0,0.6407610076381495,-0.2896312917778125,0.0510803894426436,-0.8516609922317621,0.132484428370131,0.5715371617460968,0.0541864731373086,-0.1417806950288363,-0.4864685772839422,0.1412870890189311,-0.0009688720422725,0.4060468917952879,0.234192265004699,0.5549974019961418,0.0140576463190273,0.3547591622186937,-0.4289470243255512,0.1273973104704045,0.0152293951960787,-0.4844704194330868,0.0027958011959606,0.1321402465769226,0.0524971529590221,0.9985628949714308,0.1299663533732784,0.000840779142992,0.8886985284243151,0.0002029185103068,0.0655687867978563,0.744738069547906,0.2297179975755858,0.3392542327168591,0.5052206273191041,0.3879438869616712,0.7122999315086683,0.3384193364242871,0.4399805827743853,0.5979807061899549,0.5142012940582728,0.5506605763784594,0.1221470276265178,0.1764238571785311,0.1479051156907494,0.4534504804121284,0.4591042182441102,0.3321146908352806,0.76,27919
0,0,0.6407610076381495,-0.2896312917778125,0.0510803894426436,-0.8516609922317621,0.132484428370131,0.5715371617460968,0.0541864731373086,-0.1417806950288363,-0.4864685772839422,0.1412870890189311,-0.0009688720422725,0.4060468917952879,0.234192265004699,0.5549974019961418,0.0140576463190273,0.3547591622186937,-0.4289470243255512,0.1273973104704045,0.0152293951960787,-0.4844704194330868,0.0027958011959606,0.1321402465769226,0.0524971529590221,0.9985628949714308,0.1299663533732784,0.000840779142992,0.8886985284243151,0.0002029185103068,0.0655687867978563,0.744738069547906,0.2297179975755858,0.3392542327168591,0.5052206273191041,0.3879438869616712,0.7122999315086683,0.3384193364242871,0.4399805827743853,0.5979807061899549,0.5142012940582728,0.5506605763784594,0.1221470276265178,0.1764238571785311,0.1479051156907494,0.4534504804121284,0.4591042182441102,0.3321146908352806,0.76,28014
0,0,-0.0978806877359132,-0.3013859223014541,0.2086132180438428,-0.8463875860853045,0.7500445094065121,-0.0982342338287963,0.8390859252007954,-0.1412008811453211,-0.6629151051166029,0.3284704955755311,-0.4675320889689742,0.7517933690125616,0.9249136536078226,0.6261280300544007,-0.7211074761277978,0.5563648721866564,-0.7308488195386746,0.1311717886424468,-0.0870750289407801,-0.6126775822009805,0.0056185665869662,0.1319055131859341,0.0525341359966351,1.0,0.130210735634781,0.0010130678682312,0.8856925418067718,0.0001,0.0650218656396882,0.7424253270761692,0.1478448908396523,0.081999845424318,0.5207953795148571,0.2539445268658656,0.1812840957277661,0.1940161360526736,0.7404755413986934,0.614945526276796,0.621163114331636,0.0013086916004138,0.1471393960730716,0.1769684684566314,0.4192187041532451,0.453699623466587,0.4613888726389517,0.1374791843564899,0.86,2802
0,0,0.6407610076381495,-0.2896312917778125,0.0510803894426436,-0.8516609922317621,0.132484428370131,0.5715371617460968,0.0541864731373086,-0.1417806950288363,-0.4864685772839422,0.1412870890189311,-0.0009688720422725,0.4060468917952879,0.234192265004699,0.5549974019961418,0.0140576463190273,0.3547591622186937,-0.4289470243255512,0.1273973104704045,0.0152293951960787,-0.4844704194330868,0.0027958011959606,0.1321402465769226,0.0524971529590221,0.9985628949714308,0.1299663533732784,0.000840779142992,0.8886985284243151,0.0002029185103068,0.0655687867978563,0.744738069547906,0.2297179975755858,0.3392542327168591,0.5052206273191041,0.3879438869616712,0.7122999315086683,0.3384193364242871,0.4399805827743853,0.5979807061899549,0.5142012940582728,0.5506605763784594,0.1221470276265178,0.1764238571785311,0.1479051156907494,0.4534504804121284,0.4591042182441102,0.3321146908352806,0.76,28109
0,0,0.6407610076381495,-0.2896312917778125,0.0510803894426436,-0.8516609922317621,0.132484428370131,0.5715371617460968,0.0541864731373086,-0.1417806950288363,-0.4864685772839422,0.1412870890189311,-0.0009688720422725,0.4060468917952879,0.234192265004699,0.5549974019961418,0.0140576463190273,0.3547591622186937,-0.4289470243255512,0.1273973104704045,0.0152293951960787,-0.4844704194330868,0.0027958011959606,0.1321402465769226,0.0524971529590221,0.9985628949714308,0.1299663533732784,0.000840779142992,0.8886985284243151,0.0002029185103068,0.0655687867978563,0.744738069547906,0.2297179975755858,0.3392542327168591,0.5052206273191041,0.3879438869616712,0.7122999315086683,0.3384193364242871,0.4399805827743853,0.5979807061899549,0.5142012940582728,0.5506605763784594,0.1221470276265178,0.1764238571785311,0.1479051156907494,0.4534504804121284,0.4591042182441102,0.3321146908352806,0.76,28203
0,0,0.6407610076381495,-0.2896312917778125,0.0510803894426436,-0.8516609922317621,0.132484428370131,0.5715371617460968,0.0541864731373086,-0.1417806950288363,-0.4864685772839422,0.1412870890189311,-0.0009688720422725,0.4060468917952879,0.234192265004699,0.5549974019961418,0.0140576463190273,0.3547591622186937,-0.4289470243255512,0.1273973104704045,0.0152293951960787,-0.4844704194330868,0.0027958011959606,0.1321402465769226,0.0524971529590221,0.9985628949714308,0.1299663533732784,0.000840779142992,0.8886985284243151,0.0002029185103068,0.0655687867978563,0.744738069547906,0.2297179975755858,0.3392542327168591,0.5052206273191041,0.3879438869616712,0.7122999315086683,0.3384193364242871,0.4399805827743853,0.5979807061899549,0.5142012940582728,0.5506605763784594,0.1221470276265178,0.1764238571785311,0.1479051156907494,0.4534504804121284,0.4591042182441102,0.3321146908352806,0.76,28302
0,0,0.6407610076381495,-0.2896312917778125,0.0510803894426436,-0.8516609922317621,0.132484428370131,0.5715371617460968,0.0541864731373086,-0.1417806950288363,-0.4864685772839422,0.1412870890189311,-0.0009688720422725,0.4060468917952879,0.234192265004699,0.5549974019961418,0.0140576463190273,0.3547591622186937,-0.4289470243255512,0.1273973104704045,0.0152293951960787,-0.4844704194330868,0.0027958011959606,0.1321402465769226,0.0524971529590221,0.9985628949714308,0.1299663533732784,0.000840779142992,0.8886985284243151,0.0002029185103068,0.0655687867978563,0.744738069547906,0.2297179975755858,0.3392542327168591,0.5052206273191041,0.3879438869616712,0.7122999315086683,0.3384193364242871,0.4399805827743853,0.5979807061899549,0.5142012940582728,0.5506605763784594,0.1221470276265178,0.1764238571785311,0.1479051156907494,0.4534504804121284,0.4591042182441102,0.3321146908352806,0.76,28403
0,0,0.6407610076381495,-0.2896312917778125,0.0510803894426436,-0.8516609922317621,0.132484428370131,0.5715371617460968,0.0541864731373086,-0.1417806950288363,-0.4864685772839422,0.1412870890189311,-0.0009688720422725,0.4060468917952879,0.234192265004699,0.5549974019961418,0.0140576463190273,0.3547591622186937,-0.4289470243255512,0.1273973104704045,0.0152293951960787,-0.4844704194330868,0.0027958011959606,0.1321402465769226,0.0524971529590221,0.9985628949714308,0.1299663533732784,0.000840779142992,0.8886985284243151,0.0002029185103068,0.0655687867978563,0.744738069547906,0.2297179975755858,0.3392542327168591,0.5052206273191041,0.3879438869616712,0.7122999315086683,0.3384193364242871,0.4399805827743853,0.5979807061899549,0.5142012940582728,0.5506605763784594,0.1221470276265178,0.1764238571785311,0.1479051156907494,0.4534504804121284,0.4591042182441102,0.3321146908352806,0.76,28499
0,0,0.6407610076381495,-0.2896312917778125,0.0510803894426436,-0.8516609922317621,0.132484428370131,0.5715371617460968,0.0541864731373086,-0.1417806950288363,-0.4864685772839422,0.1412870890189311,-0.0009688720422725,0.4060468917952879,0.234192265004699,0.5549974019961418,0.0140576463190273,0.3547591622186937,-0.4289470243255512,0.1273973104704045,0.0152293951960787,-0.4844704194330868,0.0027958011959606,0.1321402465769226,0.0524971529590221,0.9985628949714308,0.1299663533732784,0.000840779142992,0.8886985284243151,0.0002029185103068,0.0655687867978563,0.744738069547906,0.2297179975755858,0.3392542327168591,0.5052206273191041,0.3879438869616712,0.7122999315086683,0.3384193364242871,0.4399805827743853,0.5979807061899549,0.5142012940582728,0.5506605763784594,0.1221470276265178,0.1764238571785311,0.1479051156907494,0.4534504804121284,0.4591042182441102,0.3321146908352806,0.76,28597
0,0,0.6407610076381495,-0.2896312917778125,0.0510803894426436,-0.8516609922317621,0.132484428370131,0.5715371617460968,0.0541864731373086,-0.1417806950288363,-0.4864685772839422,0.1412870890189311,-0.0009688720422725,0.4060468917952879,0.234192265004699,0.5549974019961418,0.0140576463190273,0.3547591622186937,-0.4289470243255512,0.1273973104704045,0.0152293951960787,-0.4844704194330868,0.0027958011959606,0.1321402465769226,0.0524971529590221,0.9985628949714308,0.1299663533732784,0.000840779142992,0.8886985284243151,0.0002029185103068,0.0655687867978563,0.744738069547906,0.2297179975755858,0.3392542327168591,0.5052206273191041,0.3879438869616712,0.7122999315086683,0.3384193364242871,0.4399805827743853,0.5979807061899549,0.5142012940582728,0.5506605763784594,0.1221470276265178,0.1764238571785311,0.1479051156907494,0.4534504804121284,0.4591042182441102,0.3321146908352806,0.76,28696
0,0,0.6407610076381495,-0.2896312917778125,0.0510803894426436,-0.8516609922317621,0.132484428370131,0.5715371617460968,0.0541864731373086,-0.1417806950288363,-0.4864685772839422,0.1412870890189311,-0.0009688720422725,0.4060468917952879,0.234192265004699,0.5549974019961418,0.0140576463190273,0.3547591622186937,-0.4289470243255512,0.1273973104704045,0.0152293951960787,-0.4844704194330868,0.0027958011959606,0.1321402465769226,0.0524971529590221,0.9985628949714308,0.1299663533732784,0.000840779142992,0.8886985284243151,0.0002029185103068,0.0655687867978563,0.744738069547906,0.2297179975755858,0.3392542327168591,0.5052206273191041,0.3879438869616712,0.7122999315086683,0.3384193364242871,0.4399805827743853,0.5979807061899549,0.5142012940582728,0.5506605763784594,0.1221470276265178,0.1764238571785311,0.1479051156907494,0.4534504804121284,0.4591042182441102,0.3321146908352806,0.76,28715
0,0,0.6407610076381495,-0.2896312917778125,0.0510803894426436,-0.8516609922317621,0.132484428370131,0.5715371617460968,0.0541864731373086,-0.1417806950288363,-0.4864685772839422,0.1412870890189311,-0.0009688720422725,0.4060468917952879,0.234192265004699,0.5549974019961418,0.0140576463190273,0.3547591622186937,-0.4289470243255512,0.1273973104704045,0.0152293951960787,-0.4844704194330868,0.0027958011959606,0.1321402465769226,0.0524971529590221,0.9985628949714308,0.1299663533732784,0.000840779142992,0.8886985284243151,0.0002029185103068,0.0655687867978563,0.744738069547906,0.2297179975755858,0.3392542327168591,0.5052206273191041,0.3879438869616712,0.7122999315086683,0.3384193364242871,0.4399805827743853,0.5979807061899549,0.5142012940582728,0.5506605763784594,0.1221470276265178,0.1764238571785311,0.1479051156907494,0.4534504804121284,0.4591042182441102,0.3321146908352806,0.76,28725
0,0,0.6407610076381495,-0.2896312917778125,0.0510803894426436,-0.8516609922317621,0.132484428370131,0.5715371617460968,0.0541864731373086,-0.1417806950288363,-0.4864685772839422,0.1412870890189311,-0.0009688720422725,0.4060468917952879,0.234192265004699,0.5549974019961418,0.0140576463190273,0.3547591622186937,-0.4289470243255512,0.1273973104704045,0.0152293951960787,-0.4844704194330868,0.0027958011959606,0.1321402465769226,0.0524971529590221,0.9985628949714308,0.1299663533732784,0.000840779142992,0.8886985284243151,0.0002029185103068,0.0655687867978563,0.744738069547906,0.2297179975755858,0.3392542327168591,0.5052206273191041,0.3879438869616712,0.7122999315086683,0.3384193364242871,0.4399805827743853,0.5979807061899549,0.5142012940582728,0.5506605763784594,0.1221470276265178,0.1764238571785311,0.1479051156907494,0.4534504804121284,0.4591042182441102,0.3321146908352806,0.76,28735
0,0,0.6407610076381495,-0.2896312917778125,0.0510803894426436,-0.8516609922317621,0.132484428370131,0.5715371617460968,0.0541864731373086,-0.1417806950288363,-0.4864685772839422,0.1412870890189311,-0.0009688720422725,0.4060468917952879,0.234192265004699,0.5549974019961418,0.0140576463190273,0.3547591622186937,-0.4289470243255512,0.1273973104704045,0.0152293951960787,-0.4844704194330868,0.0027958011959606,0.1321402465769226,0.0524971529590221,0.9985628949714308,0.1299663533732784,0.000840779142992,0.8886985284243151,0.0002029185103068,0.0655687867978563,0.744738069547906,0.2297179975755858,0.3392542327168591,0.5052206273191041,0.3879438869616712,0.7122999315086683,0.3384193364242871,0.4399805827743853,0.5979807061899549,0.5142012940582728,0.5506605763784594,0.1221470276265178,0.1764238571785311,0.1479051156907494,0.4534504804121284,0.4591042182441102,0.3321146908352806,0.76,28753
0,0,0.6407610076381495,-0.2896312917778125,0.0510803894426436,-0.8516609922317621,0.132484428370131,0.5715371617460968,0.0541864731373086,-0.1417806950288363,-0.4864685772839422,0.1412870890189311,-0.0009688720422725,0.4060468917952879,0.234192265004699,0.5549974019961418,0.0140576463190273,0.3547591622186937,-0.4289470243255512,0.1273973104704045,0.0152293951960787,-0.4844704194330868,0.0027958011959606,0.1321402465769226,0.0524971529590221,0.9985628949714308,0.1299663533732784,0.000840779142992,0.8886985284243151,0.0002029185103068,0.0655687867978563,0.744738069547906,0.2297179975755858,0.3392542327168591,0.5052206273191041,0.3879438869616712,0.7122999315086683,0.3384193364242871,0.4399805827743853,0.5979807061899549,0.5142012940582728,0.5506605763784594,0.1221470276265178,0.1764238571785311,0.1479051156907494,0.4534504804121284,0.4591042182441102,0.3321146908352806,0.76,28764
0,0,0.6407610076381495,-0.2896312917778125,0.0510803894426436,-0.8516609922317621,0.132484428370131,0.5715371617460968,0.0541864731373086,-0.1417806950288363,-0.4864685772839422,0.1412870890189311,-0.0009688720422725,0.4060468917952879,0.234192265004699,0.5549974019961418,0.0140576463190273,0.3547591622186937,-0.4289470243255512,0.1273973104704045,0.0152293951960787,-0.4844704194330868,0.0027958011959606,0.1321402465769226,0.0524971529590221,0.9985628949714308,0.1299663533732784,0.000840779142992,0.8886985284243151,0.0002029185103068,0.0655687867978563,0.744738069547906,0.2297179975755858,0.3392542327168591,0.5052206273191041,0.3879438869616712,0.7122999315086683,0.3384193364242871,0.4399805827743853,0.5979807061899549,0.5142012940582728,0.5506605763784594,0.1221470276265178,0.1764238571785311,0.1479051156907494,0.4534504804121284,0.4591042182441102,0.3321146908352806,0.76,28774
0,0,0.6407610076381495,-0.2896312917778125,0.0510803894426436,-0.8516609922317621,0.132484428370131,0.5715371617460968,0.0541864731373086,-0.1417806950288363,-0.4864685772839422,0.1412870890189311,-0.0009688720422725,0.4060468917952879,0.234192265004699,0.5549974019961418,0.0140576463190273,0.3547591622186937,-0.4289470243255512,0.1273973104704045,0.0152293951960787,-0.4844704194330868,0.0027958011959606,0.1321402465769226,0.0524971529590221,0.9985628949714308,0.1299663533732784,0.000840779142992,0.8886985284243151,0.0002029185103068,0.0655687867978563,0.744738069547906,0.2297179975755858,0.3392542327168591,0.5052206273191041,0.3879438869616712,0.7122999315086683,0.3384193364242871,0.4399805827743853,0.5979807061899549,0.5142012940582728,0.5506605763784594,0.1221470276265178,0.1764238571785311,0.1479051156907494,0.4534504804121284,0.4591042182441102,0.3321146908352806,0.76,28792
0,0,0.6407610076381495,-0.2896312917778125,0.0510803894426436,-0.8516609922317621,0.132484428370131,0.5715371617460968,0.0541864731373086,-0.1417806950288363,-0.4864685772839422,0.1412870890189311,-0.0009688720422725,0.4060468917952879,0.234192265004699,0.5549974019961418,0.0140576463190273,0.3547591622186937,-0.4289470243255512,0.1273973104704045,0.0152293951960787,-0.4844704194330868,0.0027958011959606,0.1321402465769226,0.0524971529590221,0.9985628949714308,0.1299663533732784,0.000840779142992,0.8886985284243151,0.0002029185103068,0.0655687867978563,0.744738069547906,0.2297179975755858,0.3392542327168591,0.5052206273191041,0.3879438869616712,0.7122999315086683,0.3384193364242871,0.4399805827743853,0.5979807061899549,0.5142012940582728,0.5506605763784594,0.1221470276265178,0.1764238571785311,0.1479051156907494,0.4534504804121284,0.4591042182441102,0.3321146908352806,0.76,28803
0,0,0.6407610076381495,-0.2896312917778125,0.0510803894426436,-0.8516609922317621,0.132484428370131,0.5715371617460968,0.0541864731373086,-0.1417806950288363,-0.4864685772839422,0.1412870890189311,-0.0009688720422725,0.4060468917952879,0.234192265004699,0.5549974019961418,0.0140576463190273,0.3547591622186937,-0.4289470243255512,0.1273973104704045,0.0152293951960787,-0.4844704194330868,0.0027958011959606,0.1321402465769226,0.0524971529590221,0.9985628949714308,0.1299663533732784,0.000840779142992,0.8886985284243151,0.0002029185103068,0.0655687867978563,0.744738069547906,0.2297179975755858,0.3392542327168591,0.5052206273191041,0.3879438869616712,0.7122999315086683,0.3384193364242871,0.4399805827743853,0.5979807061899549,0.5142012940582728,0.5506605763784594,0.1221470276265178,0.1764238571785311,0.1479051156907494,0.4534504804121284,0.4591042182441102,0.3321146908352806,0.76,28813
0,0,0.6407610076381495,-0.2896312917778125,0.0510803894426436,-0.8516609922317621,0.132484428370131,0.5715371617460968,0.0541864731373086,-0.1417806950288363,-0.4864685772839422,0.1412870890189311,-0.0009688720422725,0.4060468917952879,0.234192265004699,0.5549974019961418,0.0140576463190273,0.3547591622186937,-0.4289470243255512,0.1273973104704045,0.0152293951960787,-0.4844704194330868,0.0027958011959606,0.1321402465769226,0.0524971529590221,0.9985628949714308,0.1299663533732784,0.000840779142992,0.8886985284243151,0.0002029185103068,0.0655687867978563,0.744738069547906,0.2297179975755858,0.3392542327168591,0.5052206273191041,0.3879438869616712,0.7122999315086683,0.3384193364242871,0.4399805827743853,0.5979807061899549,0.5142012940582728,0.5506605763784594,0.1221470276265178,0.1764238571785311,0.1479051156907494,0.4534504804121284,0.4591042182441102,0.3321146908352806,0.76,28823
0,0,0.6407610076381495,-0.2896312917778125,0.0510803894426436,-0.8516609922317621,0.132484428370131,0.5715371617460968,0.0541864731373086,-0.1417806950288363,-0.4864685772839422,0.1412870890189311,-0.0009688720422725,0.4060468917952879,0.234192265004699,0.5549974019961418,0.0140576463190273,0.3547591622186937,-0.4289470243255512,0.1273973104704045,0.0152293951960787,-0.4844704194330868,0.0027958011959606,0.1321402465769226,0.0524971529590221,0.9985628949714308,0.1299663533732784,0.000840779142992,0.8886985284243151,0.0002029185103068,0.0655687867978563,0.744738069547906,0.2297179975755858,0.3392542327168591,0.5052206273191041,0.3879438869616712,0.7122999315086683,0.3384193364242871,0.4399805827743853,0.5979807061899549,0.5142012940582728,0.5506605763784594,0.1221470276265178,0.1764238571785311,0.1479051156907494,0.4534504804121284,0.4591042182441102,0.3321146908352806,0.76,28833
0,0,0.6407610076381495,-0.2896312917778125,0.0510803894426436,-0.8516609922317621,0.132484428370131,0.5715371617460968,0.0541864731373086,-0.1417806950288363,-0.4864685772839422,0.1412870890189311,-0.0009688720422725,0.4060468917952879,0.234192265004699,0.5549974019961418,0.0140576463190273,0.3547591622186937,-0.4289470243255512,0.1273973104704045,0.0152293951960787,-0.4844704194330868,0.0027958011959606,0.1321402465769226,0.0524971529590221,0.9985628949714308,0.1299663533732784,0.000840779142992,0.8886985284243151,0.0002029185103068,0.0655687867978563,0.744738069547906,0.2297179975755858,0.3392542327168591,0.5052206273191041,0.3879438869616712,0.7122999315086683,0.3384193364242871,0.4399805827743853,0.5979807061899549,0.5142012940582728,0.5506605763784594,0.1221470276265178,0.1764238571785311,0.1479051156907494,0.4534504804121284,0.4591042182441102,0.3321146908352806,0.76,28843
0,0,0.6407610076381495,-0.2896312917778125,0.0510803894426436,-0.8516609922317621,0.132484428370131,0.5715371617460968,0.0541864731373086,-0.1417806950288363,-0.4864685772839422,0.1412870890189311,-0.0009688720422725,0.4060468917952879,0.234192265004699,0.5549974019961418,0.0140576463190273,0.3547591622186937,-0.4289470243255512,0.1273973104704045,0.0152293951960787,-0.4844704194330868,0.0027958011959606,0.1321402465769226,0.0524971529590221,0.9985628949714308,0.1299663533732784,0.000840779142992,0.8886985284243151,0.0002029185103068,0.0655687867978563,0.744738069547906,0.2297179975755858,0.3392542327168591,0.5052206273191041,0.3879438869616712,0.7122999315086683,0.3384193364242871,0.4399805827743853,0.5979807061899549,0.5142012940582728,0.5506605763784594,0.1221470276265178,0.1764238571785311,0.1479051156907494,0.4534504804121284,0.4591042182441102,0.3321146908352806,0.76,28853
0,0,0.6407610076381495,-0.2896312917778125,0.0510803894426436,-0.8516609922317621,0.132484428370131,0.5715371617460968,0.0541864731373086,-0.1417806950288363,-0.4864685772839422,0.1412870890189311,-0.0009688720422725,0.4060468917952879,0.234192265004699,0.5549974019961418,0.0140576463190273,0.3547591622186937,-0.4289470243255512,0.1273973104704045,0.0152293951960787,-0.4844704194330868,0.0027958011959606,0.1321402465769226,0.0524971529590221,0.9985628949714308,0.1299663533732784,0.000840779142992,0.8886985284243151,0.0002029185103068,0.0655687867978563,0.744738069547906,0.2297179975755858,0.3392542327168591,0.5052206273191041,0.3879438869616712,0.7122999315086683,0.3384193364242871,0.4399805827743853,0.5979807061899549,0.5142012940582728,0.5506605763784594,0.1221470276265178,0.1764238571785311,0.1479051156907494,0.4534504804121284,0.4591042182441102,0.3321146908352806,0.76,28863
0,0,0.6407610076381495,-0.2896312917778125,0.0510803894426436,-0.8516609922317621,0.132484428370131,0.5715371617460968,0.0541864731373086,-0.1417806950288363,-0.4864685772839422,0.1412870890189311,-0.0009688720422725,0.4060468917952879,0.234192265004699,0.5549974019961418,0.0140576463190273,0.3547591622186937,-0.4289470243255512,0.1273973104704045,0.0152293951960787,-0.4844704194330868,0.0027958011959606,0.1321402465769226,0.0524971529590221,0.9985628949714308,0.1299663533732784,0.000840779142992,0.8886985284243151,0.0002029185103068,0.0655687867978563,0.744738069547906,0.2297179975755858,0.3392542327168591,0.5052206273191041,0.3879438869616712,0.7122999315086683,0.3384193364242871,0.4399805827743853,0.5979807061899549,0.5142012940582728,0.5506605763784594,0.1221470276265178,0.1764238571785311,0.1479051156907494,0.4534504804121284,0.4591042182441102,0.3321146908352806,0.76,28874
0,0,0.6407610076381495,-0.2896312917778125,0.0510803894426436,-0.8516609922317621,0.132484428370131,0.5715371617460968,0.0541864731373086,-0.1417806950288363,-0.4864685772839422,0.1412870890189311,-0.0009688720422725,0.4060468917952879,0.234192265004699,0.5549974019961418,0.0140576463190273,0.3547591622186937,-0.4289470243255512,0.1273973104704045,0.0152293951960787,-0.4844704194330868,0.0027958011959606,0.1321402465769226,0.0524971529590221,0.9985628949714308,0.1299663533732784,0.000840779142992,0.8886985284243151,0.0002029185103068,0.0655687867978563,0.744738069547906,0.2297179975755858,0.3392542327168591,0.5052206273191041,0.3879438869616712,0.7122999315086683,0.3384193364242871,0.4399805827743853,0.5979807061899549,0.5142012940582728,0.5506605763784594,0.1221470276265178,0.1764238571785311,0.1479051156907494,0.4534504804121284,0.4591042182441102,0.3321146908352806,0.76,28885
0,0,0.6407610076381495,-0.2896312917778125,0.0510803894426436,-0.8516609922317621,0.132484428370131,0.5715371617460968,0.0541864731373086,-0.1417806950288363,-0.4864685772839422,0.1412870890189311,-0.0009688720422725,0.4060468917952879,0.234192265004699,0.5549974019961418,0.0140576463190273,0.3547591622186937,-0.4289470243255512,0.1273973104704045,0.0152293951960787,-0.4844704194330868,0.0027958011959606,0.1321402465769226,0.0524971529590221,0.9985628949714308,0.1299663533732784,0.000840779142992,0.8886985284243151,0.0002029185103068,0.0655687867978563,0.744738069547906,0.2297179975755858,0.3392542327168591,0.5052206273191041,0.3879438869616712,0.7122999315086683,0.3384193364242871,0.4399805827743853,0.5979807061899549,0.5142012940582728,0.5506605763784594,0.1221470276265178,0.1764238571785311,0.1479051156907494,0.4534504804121284,0.4591042182441102,0.3321146908352806,0.76,28902
0,0,0.6407610076381495,-0.2896312917778125,0.0510803894426436,-0.8516609922317621,0.132484428370131,0.5715371617460968,0.0541864731373086,-0.1417806950288363,-0.4864685772839422,0.1412870890189311,-0.0009688720422725,0.4060468917952879,0.234192265004699,0.5549974019961418,0.0140576463190273,0.3547591622186937,-0.4289470243255512,0.1273973104704045,0.0152293951960787,-0.4844704194330868,0.0027958011959606,0.1321402465769226,0.0524971529590221,0.9985628949714308,0.1299663533732784,0.000840779142992,0.8886985284243151,0.0002029185103068,0.0655687867978563,0.744738069547906,0.2297179975755858,0.3392542327168591,0.5052206273191041,0.3879438869616712,0.7122999315086683,0.3384193364242871,0.4399805827743853,0.5979807061899549,0.5142012940582728,0.5506605763784594,0.1221470276265178,0.1764238571785311,0.1479051156907494,0.4534504804121284,0.4591042182441102,0.3321146908352806,0.76,28912
0,0,0.6407610076381495,-0.2896312917778125,0.0510803894426436,-0.8516609922317621,0.132484428370131,0.5715371617460968,0.0541864731373086,-0.1417806950288363,-0.4864685772839422,0.1412870890189311,-0.0009688720422725,0.4060468917952879,0.234192265004699,0.5549974019961418,0.0140576463190273,0.3547591622186937,-0.4289470243255512,0.1273973104704045,0.0152293951960787,-0.4844704194330868,0.0027958011959606,0.1321402465769226,0.0524971529590221,0.9985628949714308,0.1299663533732784,0.000840779142992,0.8886985284243151,0.0002029185103068,0.0655687867978563,0.744738069547906,0.2297179975755858,0.3392542327168591,0.5052206273191041,0.3879438869616712,0.7122999315086683,0.3384193364242871,0.4399805827743853,0.5979807061899549,0.5142012940582728,0.5506605763784594,0.1221470276265178,0.1764238571785311,0.1479051156907494,0.4534504804121284,0.4591042182441102,0.3321146908352806,0.76,28923
0,0,0.6407610076381495,-0.2896312917778125,0.0510803894426436,-0.8516609922317621,0.132484428370131,0.5715371617460968,0.0541864731373086,-0.1417806950288363,-0.4864685772839422,0.1412870890189311,-0.0009688720422725,0.4060468917952879,0.234192265004699,0.5549974019961418,0.0140576463190273,0.3547591622186937,-0.4289470243255512,0.1273973104704045,0.0152293951960787,-0.4844704194330868,0.0027958011959606,0.1321402465769226,0.0524971529590221,0.9985628949714308,0.1299663533732784,0.000840779142992,0.8886985284243151,0.0002029185103068,0.0655687867978563,0.744738069547906,0.2297179975755858,0.3392542327168591,0.5052206273191041,0.3879438869616712,0.7122999315086683,0.3384193364242871,0.4399805827743853,0.5979807061899549,0.5142012940582728,0.5506605763784594,0.1221470276265178,0.1764238571785311,0.1479051156907494,0.4534504804121284,0.4591042182441102,0.3321146908352806,0.76,28933
0,0,0.6407610076381495,-0.2896312917778125,0.0510803894426436,-0.8516609922317621,0.132484428370131,0.5715371617460968,0.0541864731373086,-0.1417806950288363,-0.4864685772839422,0.1412870890189311,-0.0009688720422725,0.4060468917952879,0.234192265004699,0.5549974019961418,0.0140576463190273,0.3547591622186937,-0.4289470243255512,0.1273973104704045,0.0152293951960787,-0.4844704194330868,0.0027958011959606,0.1321402465769226,0.0524971529590221,0.9985628949714308,0.1299663533732784,0.000840779142992,0.8886985284243151,0.0002029185103068,0.0655687867978563,0.744738069547906,0.2297179975755858,0.3392542327168591,0.5052206273191041,0.3879438869616712,0.7122999315086683,0.3384193364242871,0.4399805827743853,0.5979807061899549,0.5142012940582728,0.5506605763784594,0.1221470276265178,0.1764238571785311,0.1479051156907494,0.4534504804121284,0.4591042182441102,0.3321146908352806,0.76,28943
0,0,0.6407610076381495,-0.2896312917778125,0.0510803894426436,-0.8516609922317621,0.132484428370131,0.5715371617460968,0.0541864731373086,-0.1417806950288363,-0.4864685772839422,0.1412870890189311,-0.0009688720422725,0.4060468917952879,0.234192265004699,0.5549974019961418,0.0140576463190273,0.3547591622186937,-0.4289470243255512,0.1273973104704045,0.0152293951960787,-0.4844704194330868,0.0027958011959606,0.1321402465769226,0.0524971529590221,0.9985628949714308,0.1299663533732784,0.000840779142992,0.8886985284243151,0.0002029185103068,0.0655687867978563,0.744738069547906,0.2297179975755858,0.3392542327168591,0.5052206273191041,0.3879438869616712,0.7122999315086683,0.3384193364242871,0.4399805827743853,0.5979807061899549,0.5142012940582728,0.5506605763784594,0.1221470276265178,0.1764238571785311,0.1479051156907494,0.4534504804121284,0.4591042182441102,0.3321146908352806,0.76,28954
0,0,0.6407610076381495,-0.2896312917778125,0.0510803894426436,-0.8516609922317621,0.132484428370131,0.5715371617460968,0.0541864731373086,-0.1417806950288363,-0.4864685772839422,0.1412870890189311,-0.0009688720422725,0.4060468917952879,0.234192265004699,0.5549974019961418,0.0140576463190273,0.3547591622186937,-0.4289470243255512,0.1273973104704045,0.0152293951960787,-0.4844704194330868,0.0027958011959606,0.1321402465769226,0.0524971529590221,0.9985628949714308,0.1299663533732784,0.000840779142992,0.8886985284243151,0.0002029185103068,0.0655687867978563,0.744738069547906,0.2297179975755858,0.3392542327168591,0.5052206273191041,0.3879438869616712,0.7122999315086683,0.3384193364242871,0.4399805827743853,0.5979807061899549,0.5142012940582728,0.5506605763784594,0.1221470276265178,0.1764238571785311,0.1479051156907494,0.4534504804121284,0.4591042182441102,0.3321146908352806,0.76,28964
0,0,0.6407610076381495,-0.2896312917778125,0.0510803894426436,-0.8516609922317621,0.132484428370131,0.5715371617460968,0.0541864731373086,-0.1417806950288363,-0.4864685772839422,0.1412870890189311,-0.0009688720422725,0.4060468917952879,0.234192265004699,0.5549974019961418,0.0140576463190273,0.3547591622186937,-0.4289470243255512,0.1273973104704045,0.0152293951960787,-0.4844704194330868,0.0027958011959606,0.1321402465769226,0.0524971529590221,0.9985628949714308,0.1299663533732784,0.000840779142992,0.8886985284243151,0.0002029185103068,0.0655687867978563,0.744738069547906,0.2297179975755858,0.3392542327168591,0.5052206273191041,0.3879438869616712,0.7122999315086683,0.3384193364242871,0.4399805827743853,0.5979807061899549,0.5142012940582728,0.5506605763784594,0.1221470276265178,0.1764238571785311,0.1479051156907494,0.4534504804121284,0.4591042182441102,0.3321146908352806,0.76,28974
0,0,0.6407610076381495,-0.2896312917778125,0.0510803894426436,-0.8516609922317621,0.132484428370131,0.5715371617460968,0.0541864731373086,-0.1417806950288363,-0.4864685772839422,0.1412870890189311,-0.0009688720422725,0.4060468917952879,0.234192265004699,0.5549974019961418,0.0140576463190273,0.3547591622186937,-0.4289470243255512,0.1273973104704045,0.0152293951960787,-0.4844704194330868,0.0027958011959606,0.1321402465769226,0.0524971529590221,0.9985628949714308,0.1299663533732784,0.000840779142992,0.8886985284243151,0.0002029185103068,0.0655687867978563,0.744738069547906,0.2297179975755858,0.3392542327168591,0.5052206273191041,0.3879438869616712,0.7122999315086683,0.3384193364242871,0.4399805827743853,0.5979807061899549,0.5142012940582728,0.5506605763784594,0.1221470276265178,0.1764238571785311,0.1479051156907494,0.4534504804121284,0.4591042182441102,0.3321146908352806,0.76,28993
0,0,0.6407610076381495,-0.2896312917778125,0.0510803894426436,-0.8516609922317621,0.132484428370131,0.5715371617460968,0.0541864731373086,-0.1417806950288363,-0.4864685772839422,0.1412870890189311,-0.0009688720422725,0.4060468917952879,0.234192265004699,0.5549974019961418,0.0140576463190273,0.3547591622186937,-0.4289470243255512,0.1273973104704045,0.0152293951960787,-0.4844704194330868,0.0027958011959606,0.1321402465769226,0.0524971529590221,0.9985628949714308,0.1299663533732784,0.000840779142992,0.8886985284243151,0.0002029185103068,0.0655687867978563,0.744738069547906,0.2297179975755858,0.3392542327168591,0.5052206273191041,0.3879438869616712,0.7122999315086683,0.3384193364242871,0.4399805827743853,0.5979807061899549,0.5142012940582728,0.5506605763784594,0.1221470276265178,0.1764238571785311,0.1479051156907494,0.4534504804121284,0.4591042182441102,0.3321146908352806,0.76,29004
0,0,-0.0978806877359132,-0.3013859223014541,0.2086132180438428,-0.8463875860853045,0.7500445094065121,-0.0982342338287963,0.8390859252007954,-0.1412008811453211,-0.6629151051166029,0.3284704955755311,-0.4675320889689742,0.7517933690125616,0.9249136536078226,0.6261280300544007,-0.7211074761277978,0.5563648721866564,-0.7308488195386746,0.1311717886424468,-0.0870750289407801,-0.6126775822009805,0.0056185665869662,0.1319055131859341,0.0525341359966351,1.0,0.130210735634781,0.0010130678682312,0.8856925418067718,0.0001,0.0650218656396882,0.7424253270761692,0.1478448908396523,0.081999845424318,0.5207953795148571,0.2539445268658656,0.1812840957277661,0.1940161360526736,0.7404755413986934,0.614945526276796,0.621163114331636,0.0013086916004138,0.1471393960730716,0.1769684684566314,0.4192187041532451,0.453699623466587,0.4613888726389517,0.1374791843564899,0.86,2901
0,0,0.6407610076381495,-0.2896312917778125,0.0510803894426436,-0.8516609922317621,0.132484428370131,0.5715371617460968,0.0541864731373086,-0.1417806950288363,-0.4864685772839422,0.1412870890189311,-0.0009688720422725,0.4060468917952879,0.234192265004699,0.5549974019961418,0.0140576463190273,0.3547591622186937,-0.4289470243255512,0.1273973104704045,0.0152293951960787,-0.4844704194330868,0.0027958011959606,0.1321402465769226,0.0524971529590221,0.9985628949714308,0.1299663533732784,0.000840779142992,0.8886985284243151,0.0002029185103068,0.0655687867978563,0.744738069547906,0.2297179975755858,0.3392542327168591,0.5052206273191041,0.3879438869616712,0.7122999315086683,0.3384193364242871,0.4399805827743853,0.5979807061899549,0.5142012940582728,0.5506605763784594,0.1221470276265178,0.1764238571785311,0.1479051156907494,0.4534504804121284,0.4591042182441102,0.3321146908352806,0.76,29024
0,0,0.6407610076381495,-0.2896312917778125,0.0510803894426436,-0.8516609922317621,0.132484428370131,0.5715371617460968,0.0541864731373086,-0.1417806950288363,-0.4864685772839422,0.1412870890189311,-0.0009688720422725,0.4060468917952879,0.234192265004699,0.5549974019961418,0.0140576463190273,0.3547591622186937,-0.4289470243255512,0.1273973104704045,0.0152293951960787,-0.4844704194330868,0.0027958011959606,0.1321402465769226,0.0524971529590221,0.9985628949714308,0.1299663533732784,0.000840779142992,0.8886985284243151,0.0002029185103068,0.0655687867978563,0.744738069547906,0.2297179975755858,0.3392542327168591,0.5052206273191041,0.3879438869616712,0.7122999315086683,0.3384193364242871,0.4399805827743853,0.5979807061899549,0.5142012940582728,0.5506605763784594,0.1221470276265178,0.1764238571785311,0.1479051156907494,0.4534504804121284,0.4591042182441102,0.3321146908352806,0.76,29034
0,0,0.6407610076381495,-0.2896312917778125,0.0510803894426436,-0.8516609922317621,0.132484428370131,0.5715371617460968,0.0541864731373086,-0.1417806950288363,-0.4864685772839422,0.1412870890189311,-0.0009688720422725,0.4060468917952879,0.234192265004699,0.5549974019961418,0.0140576463190273,0.3547591622186937,-0.4289470243255512,0.1273973104704045,0.0152293951960787,-0.4844704194330868,0.0027958011959606,0.1321402465769226,0.0524971529590221,0.9985628949714308,0.1299663533732784,0.000840779142992,0.8886985284243151,0.0002029185103068,0.0655687867978563,0.744738069547906,0.2297179975755858,0.3392542327168591,0.5052206273191041,0.3879438869616712,0.7122999315086683,0.3384193364242871,0.4399805827743853,0.5979807061899549,0.5142012940582728,0.5506605763784594,0.1221470276265178,0.1764238571785311,0.1479051156907494,0.4534504804121284,0.4591042182441102,0.3321146908352806,0.76,29044
0,0,0.6407610076381495,-0.2896312917778125,0.0510803894426436,-0.8516609922317621,0.132484428370131,0.5715371617460968,0.0541864731373086,-0.1417806950288363,-0.4864685772839422,0.1412870890189311,-0.0009688720422725,0.4060468917952879,0.234192265004699,0.5549974019961418,0.0140576463190273,0.3547591622186937,-0.4289470243255512,0.1273973104704045,0.0152293951960787,-0.4844704194330868,0.0027958011959606,0.1321402465769226,0.0524971529590221,0.9985628949714308,0.1299663533732784,0.000840779142992,0.8886985284243151,0.0002029185103068,0.0655687867978563,0.744738069547906,0.2297179975755858,0.3392542327168591,0.5052206273191041,0.3879438869616712,0.7122999315086683,0.3384193364242871,0.4399805827743853,0.5979807061899549,0.5142012940582728,0.5506605763784594,0.1221470276265178,0.1764238571785311,0.1479051156907494,0.4534504804121284,0.4591042182441102,0.3321146908352806,0.76,29054
0,0,0.6407610076381495,-0.2896312917778125,0.0510803894426436,-0.8516609922317621,0.132484428370131,0.5715371617460968,0.0541864731373086,-0.1417806950288363,-0.4864685772839422,0.1412870890189311,-0.0009688720422725,0.4060468917952879,0.234192265004699,0.5549974019961418,0.0140576463190273,0.3547591622186937,-0.4289470243255512,0.1273973104704045,0.0152293951960787,-0.4844704194330868,0.0027958011959606,0.1321402465769226,0.0524971529590221,0.9985628949714308,0.1299663533732784,0.000840779142992,0.8886985284243151,0.0002029185103068,0.0655687867978563,0.744738069547906,0.2297179975755858,0.3392542327168591,0.5052206273191041,0.3879438869616712,0.7122999315086683,0.3384193364242871,0.4399805827743853,0.5979807061899549,0.5142012940582728,0.5506605763784594,0.1221470276265178,0.1764238571785311,0.1479051156907494,0.4534504804121284,0.4591042182441102,0.3321146908352806,0.76,29064
0,0,0.6407610076381495,-0.2896312917778125,0.0510803894426436,-0.8516609922317621,0.132484428370131,0.5715371617460968,0.0541864731373086,-0.1417806950288363,-0.4864685772839422,0.1412870890189311,-0.0009688720422725,0.4060468917952879,0.234192265004699,0.5549974019961418,0.0140576463190273,0.3547591622186937,-0.4289470243255512,0.1273973104704045,0.0152293951960787,-0.4844704194330868,0.0027958011959606,0.1321402465769226,0.0524971529590221,0.9985628949714308,0.1299663533732784,0.000840779142992,0.8886985284243151,0.0002029185103068,0.0655687867978563,0.744738069547906,0.2297179975755858,0.3392542327168591,0.5052206273191041,0.3879438869616712,0.7122999315086683,0.3384193364242871,0.4399805827743853,0.5979807061899549,0.5142012940582728,0.5506605763784594,0.1221470276265178,0.1764238571785311,0.1479051156907494,0.4534504804121284,0.4591042182441102,0.3321146908352806,0.76,29074
0,0,0.6407610076381495,-0.2896312917778125,0.0510803894426436,-0.8516609922317621,0.132484428370131,0.5715371617460968,0.0541864731373086,-0.1417806950288363,-0.4864685772839422,0.1412870890189311,-0.0009688720422725,0.4060468917952879,0.234192265004699,0.5549974019961418,0.0140576463190273,0.3547591622186937,-0.4289470243255512,0.1273973104704045,0.0152293951960787,-0.4844704194330868,0.0027958011959606,0.1321402465769226,0.0524971529590221,0.9985628949714308,0.1299663533732784,0.000840779142992,0.8886985284243151,0.0002029185103068,0.0655687867978563,0.744738069547906,0.2297179975755858,0.3392542327168591,0.5052206273191041,0.3879438869616712,0.7122999315086683,0.3384193364242871,0.4399805827743853,0.5979807061899549,0.5142012940582728,0.5506605763784594,0.1221470276265178,0.1764238571785311,0.1479051156907494,0.4534504804121284,0.4591042182441102,0.3321146908352806,0.76,29085
0,0,0.6407610076381495,-0.2896312917778125,0.0510803894426436,-0.8516609922317621,0.132484428370131,0.5715371617460968,0.0541864731373086,-0.1417806950288363,-0.4864685772839422,0.1412870890189311,-0.0009688720422725,0.4060468917952879,0.234192265004699,0.5549974019961418,0.0140576463190273,0.3547591622186937,-0.4289470243255512,0.1273973104704045,0.0152293951960787,-0.4844704194330868,0.0027958011959606,0.1321402465769226,0.0524971529590221,0.9985628949714308,0.1299663533732784,0.000840779142992,0.8886985284243151,0.0002029185103068,0.0655687867978563,0.744738069547906,0.2297179975755858,0.3392542327168591,0.5052206273191041,0.3879438869616712,0.7122999315086683,0.3384193364242871,0.4399805827743853,0.5979807061899549,0.5142012940582728,0.5506605763784594,0.1221470276265178,0.1764238571785311,0.1479051156907494,0.4534504804121284,0.4591042182441102,0.3321146908352806,0.76,29104
0,0,0.6407610076381495,-0.2896312917778125,0.0510803894426436,-0.8516609922317621,0.132484428370131,0.5715371617460968,0.0541864731373086,-0.1417806950288363,-0.4864685772839422,0.1412870890189311,-0.0009688720422725,0.4060468917952879,0.234192265004699,0.5549974019961418,0.0140576463190273,0.3547591622186937,-0.4289470243255512,0.1273973104704045,0.0152293951960787,-0.4844704194330868,0.0027958011959606,0.1321402465769226,0.0524971529590221,0.9985628949714308,0.1299663533732784,0.000840779142992,0.8886985284243151,0.0002029185103068,0.0655687867978563,0.744738069547906,0.2297179975755858,0.3392542327168591,0.5052206273191041,0.3879438869616712,0.7122999315086683,0.3384193364242871,0.4399805827743853,0.5979807061899549,0.5142012940582728,0.5506605763784594,0.1221470276265178,0.1764238571785311,0.1479051156907494,0.4534504804121284,0.4591042182441102,0.3321146908352806,0.76,29114
0,0,0.6407610076381495,-0.2896312917778125,0.0510803894426436,-0.8516609922317621,0.132484428370131,0.5715371617460968,0.0541864731373086,-0.1417806950288363,-0.4864685772839422,0.1412870890189311,-0.0009688720422725,0.4060468917952879,0.234192265004699,0.5549974019961418,0.0140576463190273,0.3547591622186937,-0.4289470243255512,0.1273973104704045,0.0152293951960787,-0.4844704194330868,0.0027958011959606,0.1321402465769226,0.0524971529590221,0.9985628949714308,0.1299663533732784,0.000840779142992,0.8886985284243151,0.0002029185103068,0.0655687867978563,0.744738069547906,0.2297179975755858,0.3392542327168591,0.5052206273191041,0.3879438869616712,0.7122999315086683,0.3384193364242871,0.4399805827743853,0.5979807061899549,0.5142012940582728,0.5506605763784594,0.1221470276265178,0.1764238571785311,0.1479051156907494,0.4534504804121284,0.4591042182441102,0.3321146908352806,0.76,29125
0,0,0.6407610076381495,-0.2896312917778125,0.0510803894426436,-0.8516609922317621,0.132484428370131,0.5715371617460968,0.0541864731373086,-0.1417806950288363,-0.4864685772839422,0.1412870890189311,-0.0009688720422725,0.4060468917952879,0.234192265004699,0.5549974019961418,0.0140576463190273,0.3547591622186937,-0.4289470243255512,0.1273973104704045,0.0152293951960787,-0.4844704194330868,0.0027958011959606,0.1321402465769226,0.0524971529590221,0.9985628949714308,0.1299663533732784,0.000840779142992,0.8886985284243151,0.0002029185103068,0.0655687867978563,0.744738069547906,0.2297179975755858,0.3392542327168591,0.5052206273191041,0.3879438869616712,0.7122999315086683,0.3384193364242871,0.4399805827743853,0.5979807061899549,0.5142012940582728,0.5506605763784594,0.1221470276265178,0.1764238571785311,0.1479051156907494,0.4534504804121284,0.4591042182441102,0.3321146908352806,0.76,29135
0,0,0.6407610076381495,-0.2896312917778125,0.0510803894426436,-0.8516609922317621,0.132484428370131,0.5715371617460968,0.0541864731373086,-0.1417806950288363,-0.4864685772839422,0.1412870890189311,-0.0009688720422725,0.4060468917952879,0.234192265004699,0.5549974019961418,0.0140576463190273,0.3547591622186937,-0.4289470243255512,0.1273973104704045,0.0152293951960787,-0.4844704194330868,0.0027958011959606,0.1321402465769226,0.0524971529590221,0.9985628949714308,0.1299663533732784,0.000840779142992,0.8886985284243151,0.0002029185103068,0.0655687867978563,0.744738069547906,0.2297179975755858,0.3392542327168591,0.5052206273191041,0.3879438869616712,0.7122999315086683,0.3384193364242871,0.4399805827743853,0.5979807061899549,0.5142012940582728,0.5506605763784594,0.1221470276265178,0.1764238571785311,0.1479051156907494,0.4534504804121284,0.4591042182441102,0.3321146908352806,0.76,29145
0,0,0.6407610076381495,-0.2896312917778125,0.0510803894426436,-0.8516609922317621,0.132484428370131,0.5715371617460968,0.0541864731373086,-0.1417806950288363,-0.4864685772839422,0.1412870890189311,-0.0009688720422725,0.4060468917952879,0.234192265004699,0.5549974019961418,0.0140576463190273,0.3547591622186937,-0.4289470243255512,0.1273973104704045,0.0152293951960787,-0.4844704194330868,0.0027958011959606,0.1321402465769226,0.0524971529590221,0.9985628949714308,0.1299663533732784,0.000840779142992,0.8886985284243151,0.0002029185103068,0.0655687867978563,0.744738069547906,0.2297179975755858,0.3392542327168591,0.5052206273191041,0.3879438869616712,0.7122999315086683,0.3384193364242871,0.4399805827743853,0.5979807061899549,0.5142012940582728,0.5506605763784594,0.1221470276265178,0.1764238571785311,0.1479051156907494,0.4534504804121284,0.4591042182441102,0.3321146908352806,0.76,29156
0,0,0.6407610076381495,-0.2896312917778125,0.0510803894426436,-0.8516609922317621,0.132484428370131,0.5715371617460968,0.0541864731373086,-0.1417806950288363,-0.4864685772839422,0.1412870890189311,-0.0009688720422725,0.4060468917952879,0.234192265004699,0.5549974019961418,0.0140576463190273,0.3547591622186937,-0.4289470243255512,0.1273973104704045,0.0152293951960787,-0.4844704194330868,0.0027958011959606,0.1321402465769226,0.0524971529590221,0.9985628949714308,0.1299663533732784,0.000840779142992,0.8886985284243151,0.0002029185103068,0.0655687867978563,0.744738069547906,0.2297179975755858,0.3392542327168591,0.5052206273191041,0.3879438869616712,0.7122999315086683,0.3384193364242871,0.4399805827743853,0.5979807061899549,0.5142012940582728,0.5506605763784594,0.1221470276265178,0.1764238571785311,0.1479051156907494,0.4534504804121284,0.4591042182441102,0.3321146908352806,0.76,29166
0,0,0.6407610076381495,-0.2896312917778125,0.0510803894426436,-0.8516609922317621,0.132484428370131,0.5715371617460968,0.0541864731373086,-0.1417806950288363,-0.4864685772839422,0.1412870890189311,-0.0009688720422725,0.4060468917952879,0.234192265004699,0.5549974019961418,0.0140576463190273,0.3547591622186937,-0.4289470243255512,0.1273973104704045,0.0152293951960787,-0.4844704194330868,0.0027958011959606,0.1321402465769226,0.0524971529590221,0.9985628949714308,0.1299663533732784,0.000840779142992,0.8886985284243151,0.0002029185103068,0.0655687867978563,0.744738069547906,0.2297179975755858,0.3392542327168591,0.5052206273191041,0.3879438869616712,0.7122999315086683,0.3384193364242871,0.4399805827743853,0.5979807061899549,0.5142012940582728,0.5506605763784594,0.1221470276265178,0.1764238571785311,0.1479051156907494,0.4534504804121284,0.4591042182441102,0.3321146908352806,0.76,29176
0,0,0.6407610076381495,-0.2896312917778125,0.0510803894426436,-0.8516609922317621,0.132484428370131,0.5715371617460968,0.0541864731373086,-0.1417806950288363,-0.4864685772839422,0.1412870890189311,-0.0009688720422725,0.4060468917952879,0.234192265004699,0.5549974019961418,0.0140576463190273,0.3547591622186937,-0.4289470243255512,0.1273973104704045,0.0152293951960787,-0.4844704194330868,0.0027958011959606,0.1321402465769226,0.0524971529590221,0.9985628949714308,0.1299663533732784,0.000840779142992,0.8886985284243151,0.0002029185103068,0.0655687867978563,0.744738069547906,0.2297179975755858,0.3392542327168591,0.5052206273191041,0.3879438869616712,0.7122999315086683,0.3384193364242871,0.4399805827743853,0.5979807061899549,0.5142012940582728,0.5506605763784594,0.1221470276265178,0.1764238571785311,0.1479051156907494,0.4534504804121284,0.4591042182441102,0.3321146908352806,0.76,29186
0,0,0.6407610076381495,-0.2896312917778125,0.0510803894426436,-0.8516609922317621,0.132484428370131,0.5715371617460968,0.0541864731373086,-0.1417806950288363,-0.4864685772839422,0.1412870890189311,-0.0009688720422725,0.4060468917952879,0.234192265004699,0.5549974019961418,0.0140576463190273,0.3547591622186937,-0.4289470243255512,0.1273973104704045,0.0152293951960787,-0.4844704194330868,0.0027958011959606,0.1321402465769226,0.0524971529590221,0.9985628949714308,0.1299663533732784,0.000840779142992,0.8886985284243151,0.0002029185103068,0.0655687867978563,0.744738069547906,0.2297179975755858,0.3392542327168591,0.5052206273191041,0.3879438869616712,0.7122999315086683,0.3384193364242871,0.4399805827743853,0.5979807061899549,0.5142012940582728,0.5506605763784594,0.1221470276265178,0.1764238571785311,0.1479051156907494,0.4534504804121284,0.4591042182441102,0.3321146908352806,0.76,29196
0,0,-0.096855767918558,-0.3108521533107707,0.2089690972288819,-0.84574254273724,0.7480390858119187,-0.1008576411717661,0.8443662096737158,-0.1409166914981816,-0.683160665069012,0.3286206527664643,-0.4681890317025226,0.7566468741744704,0.7483894539839654,0.5866959598965698,-0.7220899104668004,0.7536157843776384,-0.7289287189485402,0.0864205196602338,-0.0879076220313797,-0.6131989296644594,0.0056570750859058,0.1326394563843845,0.0525432662424083,1.0,0.1302375270180899,0.0010043798741338,0.8804095594777211,0.0001,0.0664336345597874,0.7422486547195418,0.1478400664858467,0.1062210569523113,0.0001,0.2239011011890639,0.1744354597927928,0.1940298382183629,0.7206437068215517,0.6158689698140412,0.6851885982129043,0.027947901565828,0.1466783926019788,0.6876072331583931,0.429970638271992,0.7765304633275983,0.4560770089473597,0.1423909591971934,0.92,292
0,0,0.6407610076381495,-0.2896312917778125,0.0510803894426436,-0.8516609922317621,0.132484428370131,0.5715371617460968,0.0541864731373086,-0.1417806950288363,-0.4864685772839422,0.1412870890189311,-0.0009688720422725,0.4060468917952879,0.234192265004699,0.5549974019961418,0.0140576463190273,0.3547591622186937,-0.4289470243255512,0.1273973104704045,0.0152293951960787,-0.4844704194330868,0.0027958011959606,0.1321402465769226,0.0524971529590221,0.9985628949714308,0.1299663533732784,0.000840779142992,0.8886985284243151,0.0002029185103068,0.0655687867978563,0.744738069547906,0.2297179975755858,0.3392542327168591,0.5052206273191041,0.3879438869616712,0.7122999315086683,0.3384193364242871,0.4399805827743853,0.5979807061899549,0.5142012940582728,0.5506605763784594,0.1221470276265178,0.1764238571785311,0.1479051156907494,0.4534504804121284,0.4591042182441102,0.3321146908352806,0.76,29207
0,0,0.6407610076381495,-0.2896312917778125,0.0510803894426436,-0.8516609922317621,0.132484428370131,0.5715371617460968,0.0541864731373086,-0.1417806950288363,-0.4864685772839422,0.1412870890189311,-0.0009688720422725,0.4060468917952879,0.234192265004699,0.5549974019961418,0.0140576463190273,0.3547591622186937,-0.4289470243255512,0.1273973104704045,0.0152293951960787,-0.4844704194330868,0.0027958011959606,0.1321402465769226,0.0524971529590221,0.9985628949714308,0.1299663533732784,0.000840779142992,0.8886985284243151,0.0002029185103068,0.0655687867978563,0.744738069547906,0.2297179975755858,0.3392542327168591,0.5052206273191041,0.3879438869616712,0.7122999315086683,0.3384193364242871,0.4399805827743853,0.5979807061899549,0.5142012940582728,0.5506605763784594,0.1221470276265178,0.1764238571785311,0.1479051156907494,0.4534504804121284,0.4591042182441102,0.3321146908352806,0.76,29218
0,0,0.6407610076381495,-0.2896312917778125,0.0510803894426436,-0.8516609922317621,0.132484428370131,0.5715371617460968,0.0541864731373086,-0.1417806950288363,-0.4864685772839422,0.1412870890189311,-0.0009688720422725,0.4060468917952879,0.234192265004699,0.5549974019961418,0.0140576463190273,0.3547591622186937,-0.4289470243255512,0.1273973104704045,0.0152293951960787,-0.4844704194330868,0.0027958011959606,0.1321402465769226,0.0524971529590221,0.9985628949714308,0.1299663533732784,0.000840779142992,0.8886985284243151,0.0002029185103068,0.0655687867978563,0.744738069547906,0.2297179975755858,0.3392542327168591,0.5052206273191041,0.3879438869616712,0.7122999315086683,0.3384193364242871,0.4399805827743853,0.5979807061899549,0.5142012940582728,0.5506605763784594,0.1221470276265178,0.1764238571785311,0.1479051156907494,0.4534504804121284,0.4591042182441102,0.3321146908352806,0.76,29229
0,0,0.6407610076381495,-0.2896312917778125,0.0510803894426436,-0.8516609922317621,0.132484428370131,0.5715371617460968,0.0541864731373086,-0.1417806950288363,-0.4864685772839422,0.1412870890189311,-0.0009688720422725,0.4060468917952879,0.234192265004699,0.5549974019961418,0.0140576463190273,0.3547591622186937,-0.4289470243255512,0.1273973104704045,0.0152293951960787,-0.4844704194330868,0.0027958011959606,0.1321402465769226,0.0524971529590221,0.9985628949714308,0.1299663533732784,0.000840779142992,0.8886985284243151,0.0002029185103068,0.0655687867978563,0.744738069547906,0.2297179975755858,0.3392542327168591,0.5052206273191041,0.3879438869616712,0.7122999315086683,0.3384193364242871,0.4399805827743853,0.5979807061899549,0.5142012940582728,0.5506605763784594,0.1221470276265178,0.1764238571785311,0.1479051156907494,0.4534504804121284,0.4591042182441102,0.3321146908352806,0.76,29240
0,0,0.6407610076381495,-0.2896312917778125,0.0510803894426436,-0.8516609922317621,0.132484428370131,0.5715371617460968,0.0541864731373086,-0.1417806950288363,-0.4864685772839422,0.1412870890189311,-0.0009688720422725,0.4060468917952879,0.234192265004699,0.5549974019961418,0.0140576463190273,0.3547591622186937,-0.4289470243255512,0.1273973104704045,0.0152293951960787,-0.4844704194330868,0.0027958011959606,0.1321402465769226,0.0524971529590221,0.9985628949714308,0.1299663533732784,0.000840779142992,0.8886985284243151,0.0002029185103068,0.0655687867978563,0.744738069547906,0.2297179975755858,0.3392542327168591,0.5052206273191041,0.3879438869616712,0.7122999315086683,0.3384193364242871,0.4399805827743853,0.5979807061899549,0.5142012940582728,0.5506605763784594,0.1221470276265178,0.1764238571785311,0.1479051156907494,0.4534504804121284,0.4591042182441102,0.3321146908352806,0.76,29250
0,0,0.6407610076381495,-0.2896312917778125,0.0510803894426436,-0.8516609922317621,0.132484428370131,0.5715371617460968,0.0541864731373086,-0.1417806950288363,-0.4864685772839422,0.1412870890189311,-0.0009688720422725,0.4060468917952879,0.234192265004699,0.5549974019961418,0.0140576463190273,0.3547591622186937,-0.4289470243255512,0.1273973104704045,0.0152293951960787,-0.4844704194330868,0.0027958011959606,0.1321402465769226,0.0524971529590221,0.9985628949714308,0.1299663533732784,0.000840779142992,0.8886985284243151,0.0002029185103068,0.0655687867978563,0.744738069547906,0.2297179975755858,0.3392542327168591,0.5052206273191041,0.3879438869616712,0.7122999315086683,0.3384193364242871,0.4399805827743853,0.5979807061899549,0.5142012940582728,0.5506605763784594,0.1221470276265178,0.1764238571785311,0.1479051156907494,0.4534504804121284,0.4591042182441102,0.3321146908352806,0.76,29260
0,0,0.6407610076381495,-0.2896312917778125,0.0510803894426436,-0.8516609922317621,0.132484428370131,0.5715371617460968,0.0541864731373086,-0.1417806950288363,-0.4864685772839422,0.1412870890189311,-0.0009688720422725,0.4060468917952879,0.234192265004699,0.5549974019961418,0.0140576463190273,0.3547591622186937,-0.4289470243255512,0.1273973104704045,0.0152293951960787,-0.4844704194330868,0.0027958011959606,0.1321402465769226,0.0524971529590221,0.9985628949714308,0.1299663533732784,0.000840779142992,0.8886985284243151,0.0002029185103068,0.0655687867978563,0.744738069547906,0.2297179975755858,0.3392542327168591,0.5052206273191041,0.3879438869616712,0.7122999315086683,0.3384193364242871,0.4399805827743853,0.5979807061899549,0.5142012940582728,0.5506605763784594,0.1221470276265178,0.1764238571785311,0.1479051156907494,0.4534504804121284,0.4591042182441102,0.3321146908352806,0.76,29270
0,0,0.6407610076381495,-0.2896312917778125,0.0510803894426436,-0.8516609922317621,0.132484428370131,0.5715371617460968,0.0541864731373086,-0.1417806950288363,-0.4864685772839422,0.1412870890189311,-0.0009688720422725,0.4060468917952879,0.234192265004699,0.5549974019961418,0.0140576463190273,0.3547591622186937,-0.4289470243255512,0.1273973104704045,0.0152293951960787,-0.4844704194330868,0.0027958011959606,0.1321402465769226,0.0524971529590221,0.9985628949714308,0.1299663533732784,0.000840779142992,0.8886985284243151,0.0002029185103068,0.0655687867978563,0.744738069547906,0.2297179975755858,0.3392542327168591,0.5052206273191041,0.3879438869616712,0.7122999315086683,0.3384193364242871,0.4399805827743853,0.5979807061899549,0.5142012940582728,0.5506605763784594,0.1221470276265178,0.1764238571785311,0.1479051156907494,0.4534504804121284,0.4591042182441102,0.3321146908352806,0.76,29289
0,0,0.6407610076381495,-0.2896312917778125,0.0510803894426436,-0.8516609922317621,0.132484428370131,0.5715371617460968,0.0541864731373086,-0.1417806950288363,-0.4864685772839422,0.1412870890189311,-0.0009688720422725,0.4060468917952879,0.234192265004699,0.5549974019961418,0.0140576463190273,0.3547591622186937,-0.4289470243255512,0.1273973104704045,0.0152293951960787,-0.4844704194330868,0.0027958011959606,0.1321402465769226,0.0524971529590221,0.9985628949714308,0.1299663533732784,0.000840779142992,0.8886985284243151,0.0002029185103068,0.0655687867978563,0.744738069547906,0.2297179975755858,0.3392542327168591,0.5052206273191041,0.3879438869616712,0.7122999315086683,0.3384193364242871,0.4399805827743853,0.5979807061899549,0.5142012940582728,0.5506605763784594,0.1221470276265178,0.1764238571785311,0.1479051156907494,0.4534504804121284,0.4591042182441102,0.3321146908352806,0.76,29300
0,0,0.6407610076381495,-0.2896312917778125,0.0510803894426436,-0.8516609922317621,0.132484428370131,0.5715371617460968,0.0541864731373086,-0.1417806950288363,-0.4864685772839422,0.1412870890189311,-0.0009688720422725,0.4060468917952879,0.234192265004699,0.5549974019961418,0.0140576463190273,0.3547591622186937,-0.4289470243255512,0.1273973104704045,0.0152293951960787,-0.4844704194330868,0.0027958011959606,0.1321402465769226,0.0524971529590221,0.9985628949714308,0.1299663533732784,0.000840779142992,0.8886985284243151,0.0002029185103068,0.0655687867978563,0.744738069547906,0.2297179975755858,0.3392542327168591,0.5052206273191041,0.3879438869616712,0.7122999315086683,0.3384193364242871,0.4399805827743853,0.5979807061899549,0.5142012940582728,0.5506605763784594,0.1221470276265178,0.1764238571785311,0.1479051156907494,0.4534504804121284,0.4591042182441102,0.3321146908352806,0.76,29311
0,0,0.6407610076381495,-0.2896312917778125,0.0510803894426436,-0.8516609922317621,0.132484428370131,0.5715371617460968,0.0541864731373086,-0.1417806950288363,-0.4864685772839422,0.1412870890189311,-0.0009688720422725,0.4060468917952879,0.234192265004699,0.5549974019961418,0.0140576463190273,0.3547591622186937,-0.4289470243255512,0.1273973104704045,0.0152293951960787,-0.4844704194330868,0.0027958011959606,0.1321402465769226,0.0524971529590221,0.9985628949714308,0.1299663533732784,0.000840779142992,0.8886985284243151,0.0002029185103068,0.0655687867978563,0.744738069547906,0.2297179975755858,0.3392542327168591,0.5052206273191041,0.3879438869616712,0.7122999315086683,0.3384193364242871,0.4399805827743853,0.5979807061899549,0.5142012940582728,0.5506605763784594,0.1221470276265178,0.1764238571785311,0.1479051156907494,0.4534504804121284,0.4591042182441102,0.3321146908352806,0.76,29321
0,0,0.6407610076381495,-0.2896312917778125,0.0510803894426436,-0.8516609922317621,0.132484428370131,0.5715371617460968,0.0541864731373086,-0.1417806950288363,-0.4864685772839422,0.1412870890189311,-0.0009688720422725,0.4060468917952879,0.234192265004699,0.5549974019961418,0.0140576463190273,0.3547591622186937,-0.4289470243255512,0.1273973104704045,0.0152293951960787,-0.4844704194330868,0.0027958011959606,0.1321402465769226,0.0524971529590221,0.9985628949714308,0.1299663533732784,0.000840779142992,0.8886985284243151,0.0002029185103068,0.0655687867978563,0.744738069547906,0.2297179975755858,0.3392542327168591,0.5052206273191041,0.3879438869616712,0.7122999315086683,0.3384193364242871,0.4399805827743853,0.5979807061899549,0.5142012940582728,0.5506605763784594,0.1221470276265178,0.1764238571785311,0.1479051156907494,0.4534504804121284,0.4591042182441102,0.3321146908352806,0.76,29331
0,0,0.6407610076381495,-0.2896312917778125,0.0510803894426436,-0.8516609922317621,0.132484428370131,0.5715371617460968,0.0541864731373086,-0.1417806950288363,-0.4864685772839422,0.1412870890189311,-0.0009688720422725,0.4060468917952879,0.234192265004699,0.5549974019961418,0.0140576463190273,0.3547591622186937,-0.4289470243255512,0.1273973104704045,0.0152293951960787,-0.4844704194330868,0.0027958011959606,0.1321402465769226,0.0524971529590221,0.9985628949714308,0.1299663533732784,0.000840779142992,0.8886985284243151,0.0002029185103068,0.0655687867978563,0.744738069547906,0.2297179975755858,0.3392542327168591,0.5052206273191041,0.3879438869616712,0.7122999315086683,0.3384193364242871,0.4399805827743853,0.5979807061899549,0.5142012940582728,0.5506605763784594,0.1221470276265178,0.1764238571785311,0.1479051156907494,0.4534504804121284,0.4591042182441102,0.3321146908352806,0.76,29341
0,0,0.6407610076381495,-0.2896312917778125,0.0510803894426436,-0.8516609922317621,0.132484428370131,0.5715371617460968,0.0541864731373086,-0.1417806950288363,-0.4864685772839422,0.1412870890189311,-0.0009688720422725,0.4060468917952879,0.234192265004699,0.5549974019961418,0.0140576463190273,0.3547591622186937,-0.4289470243255512,0.1273973104704045,0.0152293951960787,-0.4844704194330868,0.0027958011959606,0.1321402465769226,0.0524971529590221,0.9985628949714308,0.1299663533732784,0.000840779142992,0.8886985284243151,0.0002029185103068,0.0655687867978563,0.744738069547906,0.2297179975755858,0.3392542327168591,0.5052206273191041,0.3879438869616712,0.7122999315086683,0.3384193364242871,0.4399805827743853,0.5979807061899549,0.5142012940582728,0.5506605763784594,0.1221470276265178,0.1764238571785311,0.1479051156907494,0.4534504804121284,0.4591042182441102,0.3321146908352806,0.76,29360
0,0,0.6407610076381495,-0.2896312917778125,0.0510803894426436,-0.8516609922317621,0.132484428370131,0.5715371617460968,0.0541864731373086,-0.1417806950288363,-0.4864685772839422,0.1412870890189311,-0.0009688720422725,0.4060468917952879,0.234192265004699,0.5549974019961418,0.0140576463190273,0.3547591622186937,-0.4289470243255512,0.1273973104704045,0.0152293951960787,-0.4844704194330868,0.0027958011959606,0.1321402465769226,0.0524971529590221,0.9985628949714308,0.1299663533732784,0.000840779142992,0.8886985284243151,0.0002029185103068,0.0655687867978563,0.744738069547906,0.2297179975755858,0.3392542327168591,0.5052206273191041,0.3879438869616712,0.7122999315086683,0.3384193364242871,0.4399805827743853,0.5979807061899549,0.5142012940582728,0.5506605763784594,0.1221470276265178,0.1764238571785311,0.1479051156907494,0.4534504804121284,0.4591042182441102,0.3321146908352806,0.76,29370
0,0,0.6407610076381495,-0.2896312917778125,0.0510803894426436,-0.8516609922317621,0.132484428370131,0.5715371617460968,0.0541864731373086,-0.1417806950288363,-0.4864685772839422,0.1412870890189311,-0.0009688720422725,0.4060468917952879,0.234192265004699,0.5549974019961418,0.0140576463190273,0.3547591622186937,-0.4289470243255512,0.1273973104704045,0.0152293951960787,-0.4844704194330868,0.0027958011959606,0.1321402465769226,0.0524971529590221,0.9985628949714308,0.1299663533732784,0.000840779142992,0.8886985284243151,0.0002029185103068,0.0655687867978563,0.744738069547906,0.2297179975755858,0.3392542327168591,0.5052206273191041,0.3879438869616712,0.7122999315086683,0.3384193364242871,0.4399805827743853,0.5979807061899549,0.5142012940582728,0.5506605763784594,0.1221470276265178,0.1764238571785311,0.1479051156907494,0.4534504804121284,0.4591042182441102,0.3321146908352806,0.76,29389
0,0,0.6407610076381495,-0.2896312917778125,0.0510803894426436,-0.8516609922317621,0.132484428370131,0.5715371617460968,0.0541864731373086,-0.1417806950288363,-0.4864685772839422,0.1412870890189311,-0.0009688720422725,0.4060468917952879,0.234192265004699,0.5549974019961418,0.0140576463190273,0.3547591622186937,-0.4289470243255512,0.1273973104704045,0.0152293951960787,-0.4844704194330868,0.0027958011959606,0.1321402465769226,0.0524971529590221,0.9985628949714308,0.1299663533732784,0.000840779142992,0.8886985284243151,0.0002029185103068,0.0655687867978563,0.744738069547906,0.2297179975755858,0.3392542327168591,0.5052206273191041,0.3879438869616712,0.7122999315086683,0.3384193364242871,0.4399805827743853,0.5979807061899549,0.5142012940582728,0.5506605763784594,0.1221470276265178,0.1764238571785311,0.1479051156907494,0.4534504804121284,0.4591042182441102,0.3321146908352806,0.76,29409
0,0,0.6407610076381495,-0.2896312917778125,0.0510803894426436,-0.8516609922317621,0.132484428370131,0.5715371617460968,0.0541864731373086,-0.1417806950288363,-0.4864685772839422,0.1412870890189311,-0.0009688720422725,0.4060468917952879,0.234192265004699,0.5549974019961418,0.0140576463190273,0.3547591622186937,-0.4289470243255512,0.1273973104704045,0.0152293951960787,-0.4844704194330868,0.0027958011959606,0.1321402465769226,0.0524971529590221,0.9985628949714308,0.1299663533732784,0.000840779142992,0.8886985284243151,0.0002029185103068,0.0655687867978563,0.744738069547906,0.2297179975755858,0.3392542327168591,0.5052206273191041,0.3879438869616712,0.7122999315086683,0.3384193364242871,0.4399805827743853,0.5979807061899549,0.5142012940582728,0.5506605763784594,0.1221470276265178,0.1764238571785311,0.1479051156907494,0.4534504804121284,0.4591042182441102,0.3321146908352806,0.76,29419
0,0,0.6407610076381495,-0.2896312917778125,0.0510803894426436,-0.8516609922317621,0.132484428370131,0.5715371617460968,0.0541864731373086,-0.1417806950288363,-0.4864685772839422,0.1412870890189311,-0.0009688720422725,0.4060468917952879,0.234192265004699,0.5549974019961418,0.0140576463190273,0.3547591622186937,-0.4289470243255512,0.1273973104704045,0.0152293951960787,-0.4844704194330868,0.0027958011959606,0.1321402465769226,0.0524971529590221,0.9985628949714308,0.1299663533732784,0.000840779142992,0.8886985284243151,0.0002029185103068,0.0655687867978563,0.744738069547906,0.2297179975755858,0.3392542327168591,0.5052206273191041,0.3879438869616712,0.7122999315086683,0.3384193364242871,0.4399805827743853,0.5979807061899549,0.5142012940582728,0.5506605763784594,0.1221470276265178,0.1764238571785311,0.1479051156907494,0.4534504804121284,0.4591042182441102,0.3321146908352806,0.76,29429
0,0,0.6407610076381495,-0.2896312917778125,0.0510803894426436,-0.8516609922317621,0.132484428370131,0.5715371617460968,0.0541864731373086,-0.1417806950288363,-0.4864685772839422,0.1412870890189311,-0.0009688720422725,0.4060468917952879,0.234192265004699,0.5549974019961418,0.0140576463190273,0.3547591622186937,-0.4289470243255512,0.1273973104704045,0.0152293951960787,-0.4844704194330868,0.0027958011959606,0.1321402465769226,0.0524971529590221,0.9985628949714308,0.1299663533732784,0.000840779142992,0.8886985284243151,0.0002029185103068,0.0655687867978563,0.744738069547906,0.2297179975755858,0.3392542327168591,0.5052206273191041,0.3879438869616712,0.7122999315086683,0.3384193364242871,0.4399805827743853,0.5979807061899549,0.5142012940582728,0.5506605763784594,0.1221470276265178,0.1764238571785311,0.1479051156907494,0.4534504804121284,0.4591042182441102,0.3321146908352806,0.76,29448
0,0,0.6407610076381495,-0.2896312917778125,0.0510803894426436,-0.8516609922317621,0.132484428370131,0.5715371617460968,0.0541864731373086,-0.1417806950288363,-0.4864685772839422,0.1412870890189311,-0.0009688720422725,0.4060468917952879,0.234192265004699,0.5549974019961418,0.0140576463190273,0.3547591622186937,-0.4289470243255512,0.1273973104704045,0.0152293951960787,-0.4844704194330868,0.0027958011959606,0.1321402465769226,0.0524971529590221,0.9985628949714308,0.1299663533732784,0.000840779142992,0.8886985284243151,0.0002029185103068,0.0655687867978563,0.744738069547906,0.2297179975755858,0.3392542327168591,0.5052206273191041,0.3879438869616712,0.7122999315086683,0.3384193364242871,0.4399805827743853,0.5979807061899549,0.5142012940582728,0.5506605763784594,0.1221470276265178,0.1764238571785311,0.1479051156907494,0.4534504804121284,0.4591042182441102,0.3321146908352806,0.76,29459
0,0,0.6407610076381495,-0.2896312917778125,0.0510803894426436,-0.8516609922317621,0.132484428370131,0.5715371617460968,0.0541864731373086,-0.1417806950288363,-0.4864685772839422,0.1412870890189311,-0.0009688720422725,0.4060468917952879,0.234192265004699,0.5549974019961418,0.0140576463190273,0.3547591622186937,-0.4289470243255512,0.1273973104704045,0.0152293951960787,-0.4844704194330868,0.0027958011959606,0.1321402465769226,0.0524971529590221,0.9985628949714308,0.1299663533732784,0.000840779142992,0.8886985284243151,0.0002029185103068,0.0655687867978563,0.744738069547906,0.2297179975755858,0.3392542327168591,0.5052206273191041,0.3879438869616712,0.7122999315086683,0.3384193364242871,0.4399805827743853,0.5979807061899549,0.5142012940582728,0.5506605763784594,0.1221470276265178,0.1764238571785311,0.1479051156907494,0.4534504804121284,0.4591042182441102,0.3321146908352806,0.76,29469
0,0,0.6407610076381495,-0.2896312917778125,0.0510803894426436,-0.8516609922317621,0.132484428370131,0.5715371617460968,0.0541864731373086,-0.1417806950288363,-0.4864685772839422,0.1412870890189311,-0.0009688720422725,0.4060468917952879,0.234192265004699,0.5549974019961418,0.0140576463190273,0.3547591622186937,-0.4289470243255512,0.1273973104704045,0.0152293951960787,-0.4844704194330868,0.0027958011959606,0.1321402465769226,0.0524971529590221,0.9985628949714308,0.1299663533732784,0.000840779142992,0.8886985284243151,0.0002029185103068,0.0655687867978563,0.744738069547906,0.2297179975755858,0.3392542327168591,0.5052206273191041,0.3879438869616712,0.7122999315086683,0.3384193364242871,0.4399805827743853,0.5979807061899549,0.5142012940582728,0.5506605763784594,0.1221470276265178,0.1764238571785311,0.1479051156907494,0.4534504804121284,0.4591042182441102,0.3321146908352806,0.76,29489
0,0,0.6407610076381495,-0.2896312917778125,0.0510803894426436,-0.8516609922317621,0.132484428370131,0.5715371617460968,0.0541864731373086,-0.1417806950288363,-0.4864685772839422,0.1412870890189311,-0.0009688720422725,0.4060468917952879,0.234192265004699,0.5549974019961418,0.0140576463190273,0.3547591622186937,-0.4289470243255512,0.1273973104704045,0.0152293951960787,-0.4844704194330868,0.0027958011959606,0.1321402465769226,0.0524971529590221,0.9985628949714308,0.1299663533732784,0.000840779142992,0.8886985284243151,0.0002029185103068,0.0655687867978563,0.744738069547906,0.2297179975755858,0.3392542327168591,0.5052206273191041,0.3879438869616712,0.7122999315086683,0.3384193364242871,0.4399805827743853,0.5979807061899549,0.5142012940582728,0.5506605763784594,0.1221470276265178,0.1764238571785311,0.1479051156907494,0.4534504804121284,0.4591042182441102,0.3321146908352806,0.76,29499
0,0,0.6407610076381495,-0.2896312917778125,0.0510803894426436,-0.8516609922317621,0.132484428370131,0.5715371617460968,0.0541864731373086,-0.1417806950288363,-0.4864685772839422,0.1412870890189311,-0.0009688720422725,0.4060468917952879,0.234192265004699,0.5549974019961418,0.0140576463190273,0.3547591622186937,-0.4289470243255512,0.1273973104704045,0.0152293951960787,-0.4844704194330868,0.0027958011959606,0.1321402465769226,0.0524971529590221,0.9985628949714308,0.1299663533732784,0.000840779142992,0.8886985284243151,0.0002029185103068,0.0655687867978563,0.744738069547906,0.2297179975755858,0.3392542327168591,0.5052206273191041,0.3879438869616712,0.7122999315086683,0.3384193364242871,0.4399805827743853,0.5979807061899549,0.5142012940582728,0.5506605763784594,0.1221470276265178,0.1764238571785311,0.1479051156907494,0.4534504804121284,0.4591042182441102,0.3321146908352806,0.76,29509
0,0,0.6407610076381495,-0.2896312917778125,0.0510803894426436,-0.8516609922317621,0.132484428370131,0.5715371617460968,0.0541864731373086,-0.1417806950288363,-0.4864685772839422,0.1412870890189311,-0.0009688720422725,0.4060468917952879,0.234192265004699,0.5549974019961418,0.0140576463190273,0.3547591622186937,-0.4289470243255512,0.1273973104704045,0.0152293951960787,-0.4844704194330868,0.0027958011959606,0.1321402465769226,0.0524971529590221,0.9985628949714308,0.1299663533732784,0.000840779142992,0.8886985284243151,0.0002029185103068,0.0655687867978563,0.744738069547906,0.2297179975755858,0.3392542327168591,0.5052206273191041,0.3879438869616712,0.7122999315086683,0.3384193364242871,0.4399805827743853,0.5979807061899549,0.5142012940582728,0.5506605763784594,0.1221470276265178,0.1764238571785311,0.1479051156907494,0.4534504804121284,0.4591042182441102,0.3321146908352806,0.76,29519
0,0,0.6407610076381495,-0.2896312917778125,0.0510803894426436,-0.8516609922317621,0.132484428370131,0.5715371617460968,0.0541864731373086,-0.1417806950288363,-0.4864685772839422,0.1412870890189311,-0.0009688720422725,0.4060468917952879,0.234192265004699,0.5549974019961418,0.0140576463190273,0.3547591622186937,-0.4289470243255512,0.1273973104704045,0.0152293951960787,-0.4844704194330868,0.0027958011959606,0.1321402465769226,0.0524971529590221,0.9985628949714308,0.1299663533732784,0.000840779142992,0.8886985284243151,0.0002029185103068,0.0655687867978563,0.744738069547906,0.2297179975755858,0.3392542327168591,0.5052206273191041,0.3879438869616712,0.7122999315086683,0.3384193364242871,0.4399805827743853,0.5979807061899549,0.5142012940582728,0.5506605763784594,0.1221470276265178,0.1764238571785311,0.1479051156907494,0.4534504804121284,0.4591042182441102,0.3321146908352806,0.76,29530
0,0,0.6407610076381495,-0.2896312917778125,0.0510803894426436,-0.8516609922317621,0.132484428370131,0.5715371617460968,0.0541864731373086,-0.1417806950288363,-0.4864685772839422,0.1412870890189311,-0.0009688720422725,0.4060468917952879,0.234192265004699,0.5549974019961418,0.0140576463190273,0.3547591622186937,-0.4289470243255512,0.1273973104704045,0.0152293951960787,-0.4844704194330868,0.0027958011959606,0.1321402465769226,0.0524971529590221,0.9985628949714308,0.1299663533732784,0.000840779142992,0.8886985284243151,0.0002029185103068,0.0655687867978563,0.744738069547906,0.2297179975755858,0.3392542327168591,0.5052206273191041,0.3879438869616712,0.7122999315086683,0.3384193364242871,0.4399805827743853,0.5979807061899549,0.5142012940582728,0.5506605763784594,0.1221470276265178,0.1764238571785311,0.1479051156907494,0.4534504804121284,0.4591042182441102,0.3321146908352806,0.76,29540
0,0,0.6407610076381495,-0.2896312917778125,0.0510803894426436,-0.8516609922317621,0.132484428370131,0.5715371617460968,0.0541864731373086,-0.1417806950288363,-0.4864685772839422,0.1412870890189311,-0.0009688720422725,0.4060468917952879,0.234192265004699,0.5549974019961418,0.0140576463190273,0.3547591622186937,-0.4289470243255512,0.1273973104704045,0.0152293951960787,-0.4844704194330868,0.0027958011959606,0.1321402465769226,0.0524971529590221,0.9985628949714308,0.1299663533732784,0.000840779142992,0.8886985284243151,0.0002029185103068,0.0655687867978563,0.744738069547906,0.2297179975755858,0.3392542327168591,0.5052206273191041,0.3879438869616712,0.7122999315086683,0.3384193364242871,0.4399805827743853,0.5979807061899549,0.5142012940582728,0.5506605763784594,0.1221470276265178,0.1764238571785311,0.1479051156907494,0.4534504804121284,0.4591042182441102,0.3321146908352806,0.76,29559
0,0,0.6407610076381495,-0.2896312917778125,0.0510803894426436,-0.8516609922317621,0.132484428370131,0.5715371617460968,0.0541864731373086,-0.1417806950288363,-0.4864685772839422,0.1412870890189311,-0.0009688720422725,0.4060468917952879,0.234192265004699,0.5549974019961418,0.0140576463190273,0.3547591622186937,-0.4289470243255512,0.1273973104704045,0.0152293951960787,-0.4844704194330868,0.0027958011959606,0.1321402465769226,0.0524971529590221,0.9985628949714308,0.1299663533732784,0.000840779142992,0.8886985284243151,0.0002029185103068,0.0655687867978563,0.744738069547906,0.2297179975755858,0.3392542327168591,0.5052206273191041,0.3879438869616712,0.7122999315086683,0.3384193364242871,0.4399805827743853,0.5979807061899549,0.5142012940582728,0.5506605763784594,0.1221470276265178,0.1764238571785311,0.1479051156907494,0.4534504804121284,0.4591042182441102,0.3321146908352806,0.76,29570
0,0,0.6407610076381495,-0.2896312917778125,0.0510803894426436,-0.8516609922317621,0.132484428370131,0.5715371617460968,0.0541864731373086,-0.1417806950288363,-0.4864685772839422,0.1412870890189311,-0.0009688720422725,0.4060468917952879,0.234192265004699,0.5549974019961418,0.0140576463190273,0.3547591622186937,-0.4289470243255512,0.1273973104704045,0.0152293951960787,-0.4844704194330868,0.0027958011959606,0.1321402465769226,0.0524971529590221,0.9985628949714308,0.1299663533732784,0.000840779142992,0.8886985284243151,0.0002029185103068,0.0655687867978563,0.744738069547906,0.2297179975755858,0.3392542327168591,0.5052206273191041,0.3879438869616712,0.7122999315086683,0.3384193364242871,0.4399805827743853,0.5979807061899549,0.5142012940582728,0.5506605763784594,0.1221470276265178,0.1764238571785311,0.1479051156907494,0.4534504804121284,0.4591042182441102,0.3321146908352806,0.76,29580
0,0,0.6407610076381495,-0.2896312917778125,0.0510803894426436,-0.8516609922317621,0.132484428370131,0.5715371617460968,0.0541864731373086,-0.1417806950288363,-0.4864685772839422,0.1412870890189311,-0.0009688720422725,0.4060468917952879,0.234192265004699,0.5549974019961418,0.0140576463190273,0.3547591622186937,-0.4289470243255512,0.1273973104704045,0.0152293951960787,-0.4844704194330868,0.0027958011959606,0.1321402465769226,0.0524971529590221,0.9985628949714308,0.1299663533732784,0.000840779142992,0.8886985284243151,0.0002029185103068,0.0655687867978563,0.744738069547906,0.2297179975755858,0.3392542327168591,0.5052206273191041,0.3879438869616712,0.7122999315086683,0.3384193364242871,0.4399805827743853,0.5979807061899549,0.5142012940582728,0.5506605763784594,0.1221470276265178,0.1764238571785311,0.1479051156907494,0.4534504804121284,0.4591042182441102,0.3321146908352806,0.76,29590
0,0,0.6407610076381495,-0.2896312917778125,0.0510803894426436,-0.8516609922317621,0.132484428370131,0.5715371617460968,0.0541864731373086,-0.1417806950288363,-0.4864685772839422,0.1412870890189311,-0.0009688720422725,0.4060468917952879,0.234192265004699,0.5549974019961418,0.0140576463190273,0.3547591622186937,-0.4289470243255512,0.1273973104704045,0.0152293951960787,-0.4844704194330868,0.0027958011959606,0.1321402465769226,0.0524971529590221,0.9985628949714308,0.1299663533732784,0.000840779142992,0.8886985284243151,0.0002029185103068,0.0655687867978563,0.744738069547906,0.2297179975755858,0.3392542327168591,0.5052206273191041,0.3879438869616712,0.7122999315086683,0.3384193364242871,0.4399805827743853,0.5979807061899549,0.5142012940582728,0.5506605763784594,0.1221470276265178,0.1764238571785311,0.1479051156907494,0.4534504804121284,0.4591042182441102,0.3321146908352806,0.76,29608
0,0,0.6407610076381495,-0.2896312917778125,0.0510803894426436,-0.8516609922317621,0.132484428370131,0.5715371617460968,0.0541864731373086,-0.1417806950288363,-0.4864685772839422,0.1412870890189311,-0.0009688720422725,0.4060468917952879,0.234192265004699,0.5549974019961418,0.0140576463190273,0.3547591622186937,-0.4289470243255512,0.1273973104704045,0.0152293951960787,-0.4844704194330868,0.0027958011959606,0.1321402465769226,0.0524971529590221,0.9985628949714308,0.1299663533732784,0.000840779142992,0.8886985284243151,0.0002029185103068,0.0655687867978563,0.744738069547906,0.2297179975755858,0.3392542327168591,0.5052206273191041,0.3879438869616712,0.7122999315086683,0.3384193364242871,0.4399805827743853,0.5979807061899549,0.5142012940582728,0.5506605763784594,0.1221470276265178,0.1764238571785311,0.1479051156907494,0.4534504804121284,0.4591042182441102,0.3321146908352806,0.76,29619
0,0,0.6407610076381495,-0.2896312917778125,0.0510803894426436,-0.8516609922317621,0.132484428370131,0.5715371617460968,0.0541864731373086,-0.1417806950288363,-0.4864685772839422,0.1412870890189311,-0.0009688720422725,0.4060468917952879,0.234192265004699,0.5549974019961418,0.0140576463190273,0.3547591622186937,-0.4289470243255512,0.1273973104704045,0.0152293951960787,-0.4844704194330868,0.0027958011959606,0.1321402465769226,0.0524971529590221,0.9985628949714308,0.1299663533732784,0.000840779142992,0.8886985284243151,0.0002029185103068,0.0655687867978563,0.744738069547906,0.2297179975755858,0.3392542327168591,0.5052206273191041,0.3879438869616712,0.7122999315086683,0.3384193364242871,0.4399805827743853,0.5979807061899549,0.5142012940582728,0.5506605763784594,0.1221470276265178,0.1764238571785311,0.1479051156907494,0.4534504804121284,0.4591042182441102,0.3321146908352806,0.76,29635
0,0,0.6407610076381495,-0.2896312917778125,0.0510803894426436,-0.8516609922317621,0.132484428370131,0.5715371617460968,0.0541864731373086,-0.1417806950288363,-0.4864685772839422,0.1412870890189311,-0.0009688720422725,0.4060468917952879,0.234192265004699,0.5549974019961418,0.0140576463190273,0.3547591622186937,-0.4289470243255512,0.1273973104704045,0.0152293951960787,-0.4844704194330868,0.0027958011959606,0.1321402465769226,0.0524971529590221,0.9985628949714308,0.1299663533732784,0.000840779142992,0.8886985284243151,0.0002029185103068,0.0655687867978563,0.744738069547906,0.2297179975755858,0.3392542327168591,0.5052206273191041,0.3879438869616712,0.7122999315086683,0.3384193364242871,0.4399805827743853,0.5979807061899549,0.5142012940582728,0.5506605763784594,0.1221470276265178,0.1764238571785311,0.1479051156907494,0.4534504804121284,0.4591042182441102,0.3321146908352806,0.76,29646
0,0,0.6407610076381495,-0.2896312917778125,0.0510803894426436,-0.8516609922317621,0.132484428370131,0.5715371617460968,0.0541864731373086,-0.1417806950288363,-0.4864685772839422,0.1412870890189311,-0.0009688720422725,0.4060468917952879,0.234192265004699,0.5549974019961418,0.0140576463190273,0.3547591622186937,-0.4289470243255512,0.1273973104704045,0.0152293951960787,-0.4844704194330868,0.0027958011959606,0.1321402465769226,0.0524971529590221,0.9985628949714308,0.1299663533732784,0.000840779142992,0.8886985284243151,0.0002029185103068,0.0655687867978563,0.744738069547906,0.2297179975755858,0.3392542327168591,0.5052206273191041,0.3879438869616712,0.7122999315086683,0.3384193364242871,0.4399805827743853,0.5979807061899549,0.5142012940582728,0.5506605763784594,0.1221470276265178,0.1764238571785311,0.1479051156907494,0.4534504804121284,0.4591042182441102,0.3321146908352806,0.76,29657
0,0,0.6407610076381495,-0.2896312917778125,0.0510803894426436,-0.8516609922317621,0.132484428370131,0.5715371617460968,0.0541864731373086,-0.1417806950288363,-0.4864685772839422,0.1412870890189311,-0.0009688720422725,0.4060468917952879,0.234192265004699,0.5549974019961418,0.0140576463190273,0.3547591622186937,-0.4289470243255512,0.1273973104704045,0.0152293951960787,-0.4844704194330868,0.0027958011959606,0.1321402465769226,0.0524971529590221,0.9985628949714308,0.1299663533732784,0.000840779142992,0.8886985284243151,0.0002029185103068,0.0655687867978563,0.744738069547906,0.2297179975755858,0.3392542327168591,0.5052206273191041,0.3879438869616712,0.7122999315086683,0.3384193364242871,0.4399805827743853,0.5979807061899549,0.5142012940582728,0.5506605763784594,0.1221470276265178,0.1764238571785311,0.1479051156907494,0.4534504804121284,0.4591042182441102,0.3321146908352806,0.76,29668
0,0,0.6407610076381495,-0.2896312917778125,0.0510803894426436,-0.8516609922317621,0.132484428370131,0.5715371617460968,0.0541864731373086,-0.1417806950288363,-0.4864685772839422,0.1412870890189311,-0.0009688720422725,0.4060468917952879,0.234192265004699,0.5549974019961418,0.0140576463190273,0.3547591622186937,-0.4289470243255512,0.1273973104704045,0.0152293951960787,-0.4844704194330868,0.0027958011959606,0.1321402465769226,0.0524971529590221,0.9985628949714308,0.1299663533732784,0.000840779142992,0.8886985284243151,0.0002029185103068,0.0655687867978563,0.744738069547906,0.2297179975755858,0.3392542327168591,0.5052206273191041,0.3879438869616712,0.7122999315086683,0.3384193364242871,0.4399805827743853,0.5979807061899549,0.5142012940582728,0.5506605763784594,0.1221470276265178,0.1764238571785311,0.1479051156907494,0.4534504804121284,0.4591042182441102,0.3321146908352806,0.76,29678
0,0,0.6407610076381495,-0.2896312917778125,0.0510803894426436,-0.8516609922317621,0.132484428370131,0.5715371617460968,0.0541864731373086,-0.1417806950288363,-0.4864685772839422,0.1412870890189311,-0.0009688720422725,0.4060468917952879,0.234192265004699,0.5549974019961418,0.0140576463190273,0.3547591622186937,-0.4289470243255512,0.1273973104704045,0.0152293951960787,-0.4844704194330868,0.0027958011959606,0.1321402465769226,0.0524971529590221,0.9985628949714308,0.1299663533732784,0.000840779142992,0.8886985284243151,0.0002029185103068,0.0655687867978563,0.744738069547906,0.2297179975755858,0.3392542327168591,0.5052206273191041,0.3879438869616712,0.7122999315086683,0.3384193364242871,0.4399805827743853,0.5979807061899549,0.5142012940582728,0.5506605763784594,0.1221470276265178,0.1764238571785311,0.1479051156907494,0.4534504804121284,0.4591042182441102,0.3321146908352806,0.76,29688
0,0,0.6407610076381495,-0.2896312917778125,0.0510803894426436,-0.8516609922317621,0.132484428370131,0.5715371617460968,0.0541864731373086,-0.1417806950288363,-0.4864685772839422,0.1412870890189311,-0.0009688720422725,0.4060468917952879,0.234192265004699,0.5549974019961418,0.0140576463190273,0.3547591622186937,-0.4289470243255512,0.1273973104704045,0.0152293951960787,-0.4844704194330868,0.0027958011959606,0.1321402465769226,0.0524971529590221,0.9985628949714308,0.1299663533732784,0.000840779142992,0.8886985284243151,0.0002029185103068,0.0655687867978563,0.744738069547906,0.2297179975755858,0.3392542327168591,0.5052206273191041,0.3879438869616712,0.7122999315086683,0.3384193364242871,0.4399805827743853,0.5979807061899549,0.5142012940582728,0.5506605763784594,0.1221470276265178,0.1764238571785311,0.1479051156907494,0.4534504804121284,0.4591042182441102,0.3321146908352806,0.76,29698
0,0,0.6407610076381495,-0.2896312917778125,0.0510803894426436,-0.8516609922317621,0.132484428370131,0.5715371617460968,0.0541864731373086,-0.1417806950288363,-0.4864685772839422,0.1412870890189311,-0.0009688720422725,0.4060468917952879,0.234192265004699,0.5549974019961418,0.0140576463190273,0.3547591622186937,-0.4289470243255512,0.1273973104704045,0.0152293951960787,-0.4844704194330868,0.0027958011959606,0.1321402465769226,0.0524971529590221,0.9985628949714308,0.1299663533732784,0.000840779142992,0.8886985284243151,0.0002029185103068,0.0655687867978563,0.744738069547906,0.2297179975755858,0.3392542327168591,0.5052206273191041,0.3879438869616712,0.7122999315086683,0.3384193364242871,0.4399805827743853,0.5979807061899549,0.5142012940582728,0.5506605763784594,0.1221470276265178,0.1764238571785311,0.1479051156907494,0.4534504804121284,0.4591042182441102,0.3321146908352806,0.76,29708
0,0,0.6407610076381495,-0.2896312917778125,0.0510803894426436,-0.8516609922317621,0.132484428370131,0.5715371617460968,0.0541864731373086,-0.1417806950288363,-0.4864685772839422,0.1412870890189311,-0.0009688720422725,0.4060468917952879,0.234192265004699,0.5549974019961418,0.0140576463190273,0.3547591622186937,-0.4289470243255512,0.1273973104704045,0.0152293951960787,-0.4844704194330868,0.0027958011959606,0.1321402465769226,0.0524971529590221,0.9985628949714308,0.1299663533732784,0.000840779142992,0.8886985284243151,0.0002029185103068,0.0655687867978563,0.744738069547906,0.2297179975755858,0.3392542327168591,0.5052206273191041,0.3879438869616712,0.7122999315086683,0.3384193364242871,0.4399805827743853,0.5979807061899549,0.5142012940582728,0.5506605763784594,0.1221470276265178,0.1764238571785311,0.1479051156907494,0.4534504804121284,0.4591042182441102,0.3321146908352806,0.76,29727
0,0,0.6407610076381495,-0.2896312917778125,0.0510803894426436,-0.8516609922317621,0.132484428370131,0.5715371617460968,0.0541864731373086,-0.1417806950288363,-0.4864685772839422,0.1412870890189311,-0.0009688720422725,0.4060468917952879,0.234192265004699,0.5549974019961418,0.0140576463190273,0.3547591622186937,-0.4289470243255512,0.1273973104704045,0.0152293951960787,-0.4844704194330868,0.0027958011959606,0.1321402465769226,0.0524971529590221,0.9985628949714308,0.1299663533732784,0.000840779142992,0.8886985284243151,0.0002029185103068,0.0655687867978563,0.744738069547906,0.2297179975755858,0.3392542327168591,0.5052206273191041,0.3879438869616712,0.7122999315086683,0.3384193364242871,0.4399805827743853,0.5979807061899549,0.5142012940582728,0.5506605763784594,0.1221470276265178,0.1764238571785311,0.1479051156907494,0.4534504804121284,0.4591042182441102,0.3321146908352806,0.76,29738
0,0,0.6407610076381495,-0.2896312917778125,0.0510803894426436,-0.8516609922317621,0.132484428370131,0.5715371617460968,0.0541864731373086,-0.1417806950288363,-0.4864685772839422,0.1412870890189311,-0.0009688720422725,0.4060468917952879,0.234192265004699,0.5549974019961418,0.0140576463190273,0.3547591622186937,-0.4289470243255512,0.1273973104704045,0.0152293951960787,-0.4844704194330868,0.0027958011959606,0.1321402465769226,0.0524971529590221,0.9985628949714308,0.1299663533732784,0.000840779142992,0.8886985284243151,0.0002029185103068,0.0655687867978563,0.744738069547906,0.2297179975755858,0.3392542327168591,0.5052206273191041,0.3879438869616712,0.7122999315086683,0.3384193364242871,0.4399805827743853,0.5979807061899549,0.5142012940582728,0.5506605763784594,0.1221470276265178,0.1764238571785311,0.1479051156907494,0.4534504804121284,0.4591042182441102,0.3321146908352806,0.76,29748
0,0,0.6407610076381495,-0.2896312917778125,0.0510803894426436,-0.8516609922317621,0.132484428370131,0.5715371617460968,0.0541864731373086,-0.1417806950288363,-0.4864685772839422,0.1412870890189311,-0.0009688720422725,0.4060468917952879,0.234192265004699,0.5549974019961418,0.0140576463190273,0.3547591622186937,-0.4289470243255512,0.1273973104704045,0.0152293951960787,-0.4844704194330868,0.0027958011959606,0.1321402465769226,0.0524971529590221,0.9985628949714308,0.1299663533732784,0.000840779142992,0.8886985284243151,0.0002029185103068,0.0655687867978563,0.744738069547906,0.2297179975755858,0.3392542327168591,0.5052206273191041,0.3879438869616712,0.7122999315086683,0.3384193364242871,0.4399805827743853,0.5979807061899549,0.5142012940582728,0.5506605763784594,0.1221470276265178,0.1764238571785311,0.1479051156907494,0.4534504804121284,0.4591042182441102,0.3321146908352806,0.76,29767
0,0,0.6407610076381495,-0.2896312917778125,0.0510803894426436,-0.8516609922317621,0.132484428370131,0.5715371617460968,0.0541864731373086,-0.1417806950288363,-0.4864685772839422,0.1412870890189311,-0.0009688720422725,0.4060468917952879,0.234192265004699,0.5549974019961418,0.0140576463190273,0.3547591622186937,-0.4289470243255512,0.1273973104704045,0.0152293951960787,-0.4844704194330868,0.0027958011959606,0.1321402465769226,0.0524971529590221,0.9985628949714308,0.1299663533732784,0.000840779142992,0.8886985284243151,0.0002029185103068,0.0655687867978563,0.744738069547906,0.2297179975755858,0.3392542327168591,0.5052206273191041,0.3879438869616712,0.7122999315086683,0.3384193364242871,0.4399805827743853,0.5979807061899549,0.5142012940582728,0.5506605763784594,0.1221470276265178,0.1764238571785311,0.1479051156907494,0.4534504804121284,0.4591042182441102,0.3321146908352806,0.76,29777
0,0,0.6407610076381495,-0.2896312917778125,0.0510803894426436,-0.8516609922317621,0.132484428370131,0.5715371617460968,0.0541864731373086,-0.1417806950288363,-0.4864685772839422,0.1412870890189311,-0.0009688720422725,0.4060468917952879,0.234192265004699,0.5549974019961418,0.0140576463190273,0.3547591622186937,-0.4289470243255512,0.1273973104704045,0.0152293951960787,-0.4844704194330868,0.0027958011959606,0.1321402465769226,0.0524971529590221,0.9985628949714308,0.1299663533732784,0.000840779142992,0.8886985284243151,0.0002029185103068,0.0655687867978563,0.744738069547906,0.2297179975755858,0.3392542327168591,0.5052206273191041,0.3879438869616712,0.7122999315086683,0.3384193364242871,0.4399805827743853,0.5979807061899549,0.5142012940582728,0.5506605763784594,0.1221470276265178,0.1764238571785311,0.1479051156907494,0.4534504804121284,0.4591042182441102,0.3321146908352806,0.76,29788
0,0,0.6407610076381495,-0.2896312917778125,0.0510803894426436,-0.8516609922317621,0.132484428370131,0.5715371617460968,0.0541864731373086,-0.1417806950288363,-0.4864685772839422,0.1412870890189311,-0.0009688720422725,0.4060468917952879,0.234192265004699,0.5549974019961418,0.0140576463190273,0.3547591622186937,-0.4289470243255512,0.1273973104704045,0.0152293951960787,-0.4844704194330868,0.0027958011959606,0.1321402465769226,0.0524971529590221,0.9985628949714308,0.1299663533732784,0.000840779142992,0.8886985284243151,0.0002029185103068,0.0655687867978563,0.744738069547906,0.2297179975755858,0.3392542327168591,0.5052206273191041,0.3879438869616712,0.7122999315086683,0.3384193364242871,0.4399805827743853,0.5979807061899549,0.5142012940582728,0.5506605763784594,0.1221470276265178,0.1764238571785311,0.1479051156907494,0.4534504804121284,0.4591042182441102,0.3321146908352806,0.76,29798
0,0,0.6407610076381495,-0.2896312917778125,0.0510803894426436,-0.8516609922317621,0.132484428370131,0.5715371617460968,0.0541864731373086,-0.1417806950288363,-0.4864685772839422,0.1412870890189311,-0.0009688720422725,0.4060468917952879,0.234192265004699,0.5549974019961418,0.0140576463190273,0.3547591622186937,-0.4289470243255512,0.1273973104704045,0.0152293951960787,-0.4844704194330868,0.0027958011959606,0.1321402465769226,0.0524971529590221,0.9985628949714308,0.1299663533732784,0.000840779142992,0.8886985284243151,0.0002029185103068,0.0655687867978563,0.744738069547906,0.2297179975755858,0.3392542327168591,0.5052206273191041,0.3879438869616712,0.7122999315086683,0.3384193364242871,0.4399805827743853,0.5979807061899549,0.5142012940582728,0.5506605763784594,0.1221470276265178,0.1764238571785311,0.1479051156907494,0.4534504804121284,0.4591042182441102,0.3321146908352806,0.76,29809
0,0,0.6407610076381495,-0.2896312917778125,0.0510803894426436,-0.8516609922317621,0.132484428370131,0.5715371617460968,0.0541864731373086,-0.1417806950288363,-0.4864685772839422,0.1412870890189311,-0.0009688720422725,0.4060468917952879,0.234192265004699,0.5549974019961418,0.0140576463190273,0.3547591622186937,-0.4289470243255512,0.1273973104704045,0.0152293951960787,-0.4844704194330868,0.0027958011959606,0.1321402465769226,0.0524971529590221,0.9985628949714308,0.1299663533732784,0.000840779142992,0.8886985284243151,0.0002029185103068,0.0655687867978563,0.744738069547906,0.2297179975755858,0.3392542327168591,0.5052206273191041,0.3879438869616712,0.7122999315086683,0.3384193364242871,0.4399805827743853,0.5979807061899549,0.5142012940582728,0.5506605763784594,0.1221470276265178,0.1764238571785311,0.1479051156907494,0.4534504804121284,0.4591042182441102,0.3321146908352806,0.76,29828
0,0,0.6407610076381495,-0.2896312917778125,0.0510803894426436,-0.8516609922317621,0.132484428370131,0.5715371617460968,0.0541864731373086,-0.1417806950288363,-0.4864685772839422,0.1412870890189311,-0.0009688720422725,0.4060468917952879,0.234192265004699,0.5549974019961418,0.0140576463190273,0.3547591622186937,-0.4289470243255512,0.1273973104704045,0.0152293951960787,-0.4844704194330868,0.0027958011959606,0.1321402465769226,0.0524971529590221,0.9985628949714308,0.1299663533732784,0.000840779142992,0.8886985284243151,0.0002029185103068,0.0655687867978563,0.744738069547906,0.2297179975755858,0.3392542327168591,0.5052206273191041,0.3879438869616712,0.7122999315086683,0.3384193364242871,0.4399805827743853,0.5979807061899549,0.5142012940582728,0.5506605763784594,0.1221470276265178,0.1764238571785311,0.1479051156907494,0.4534504804121284,0.4591042182441102,0.3321146908352806,0.76,29838
0,0,0.6407610076381495,-0.2896312917778125,0.0510803894426436,-0.8516609922317621,0.132484428370131,0.5715371617460968,0.0541864731373086,-0.1417806950288363,-0.4864685772839422,0.1412870890189311,-0.0009688720422725,0.4060468917952879,0.234192265004699,0.5549974019961418,0.0140576463190273,0.3547591622186937,-0.4289470243255512,0.1273973104704045,0.0152293951960787,-0.4844704194330868,0.0027958011959606,0.1321402465769226,0.0524971529590221,0.9985628949714308,0.1299663533732784,0.000840779142992,0.8886985284243151,0.0002029185103068,0.0655687867978563,0.744738069547906,0.2297179975755858,0.3392542327168591,0.5052206273191041,0.3879438869616712,0.7122999315086683,0.3384193364242871,0.4399805827743853,0.5979807061899549,0.5142012940582728,0.5506605763784594,0.1221470276265178,0.1764238571785311,0.1479051156907494,0.4534504804121284,0.4591042182441102,0.3321146908352806,0.76,29849
0,0,0.6407610076381495,-0.2896312917778125,0.0510803894426436,-0.8516609922317621,0.132484428370131,0.5715371617460968,0.0541864731373086,-0.1417806950288363,-0.4864685772839422,0.1412870890189311,-0.0009688720422725,0.4060468917952879,0.234192265004699,0.5549974019961418,0.0140576463190273,0.3547591622186937,-0.4289470243255512,0.1273973104704045,0.0152293951960787,-0.4844704194330868,0.0027958011959606,0.1321402465769226,0.0524971529590221,0.9985628949714308,0.1299663533732784,0.000840779142992,0.8886985284243151,0.0002029185103068,0.0655687867978563,0.744738069547906,0.2297179975755858,0.3392542327168591,0.5052206273191041,0.3879438869616712,0.7122999315086683,0.3384193364242871,0.4399805827743853,0.5979807061899549,0.5142012940582728,0.5506605763784594,0.1221470276265178,0.1764238571785311,0.1479051156907494,0.4534504804121284,0.4591042182441102,0.3321146908352806,0.76,29860
0,0,0.6407610076381495,-0.2896312917778125,0.0510803894426436,-0.8516609922317621,0.132484428370131,0.5715371617460968,0.0541864731373086,-0.1417806950288363,-0.4864685772839422,0.1412870890189311,-0.0009688720422725,0.4060468917952879,0.234192265004699,0.5549974019961418,0.0140576463190273,0.3547591622186937,-0.4289470243255512,0.1273973104704045,0.0152293951960787,-0.4844704194330868,0.0027958011959606,0.1321402465769226,0.0524971529590221,0.9985628949714308,0.1299663533732784,0.000840779142992,0.8886985284243151,0.0002029185103068,0.0655687867978563,0.744738069547906,0.2297179975755858,0.3392542327168591,0.5052206273191041,0.3879438869616712,0.7122999315086683,0.3384193364242871,0.4399805827743853,0.5979807061899549,0.5142012940582728,0.5506605763784594,0.1221470276265178,0.1764238571785311,0.1479051156907494,0.4534504804121284,0.4591042182441102,0.3321146908352806,0.76,29870
0,0,0.6407610076381495,-0.2896312917778125,0.0510803894426436,-0.8516609922317621,0.132484428370131,0.5715371617460968,0.0541864731373086,-0.1417806950288363,-0.4864685772839422,0.1412870890189311,-0.0009688720422725,0.4060468917952879,0.234192265004699,0.5549974019961418,0.0140576463190273,0.3547591622186937,-0.4289470243255512,0.1273973104704045,0.0152293951960787,-0.4844704194330868,0.0027958011959606,0.1321402465769226,0.0524971529590221,0.9985628949714308,0.1299663533732784,0.000840779142992,0.8886985284243151,0.0002029185103068,0.0655687867978563,0.744738069547906,0.2297179975755858,0.3392542327168591,0.5052206273191041,0.3879438869616712,0.7122999315086683,0.3384193364242871,0.4399805827743853,0.5979807061899549,0.5142012940582728,0.5506605763784594,0.1221470276265178,0.1764238571785311,0.1479051156907494,0.4534504804121284,0.4591042182441102,0.3321146908352806,0.76,29880
0,0,0.6407610076381495,-0.2896312917778125,0.0510803894426436,-0.8516609922317621,0.132484428370131,0.5715371617460968,0.0541864731373086,-0.1417806950288363,-0.4864685772839422,0.1412870890189311,-0.0009688720422725,0.4060468917952879,0.234192265004699,0.5549974019961418,0.0140576463190273,0.3547591622186937,-0.4289470243255512,0.1273973104704045,0.0152293951960787,-0.4844704194330868,0.0027958011959606,0.1321402465769226,0.0524971529590221,0.9985628949714308,0.1299663533732784,0.000840779142992,0.8886985284243151,0.0002029185103068,0.0655687867978563,0.744738069547906,0.2297179975755858,0.3392542327168591,0.5052206273191041,0.3879438869616712,0.7122999315086683,0.3384193364242871,0.4399805827743853,0.5979807061899549,0.5142012940582728,0.5506605763784594,0.1221470276265178,0.1764238571785311,0.1479051156907494,0.4534504804121284,0.4591042182441102,0.3321146908352806,0.76,29899
0,0,0.6407610076381495,-0.2896312917778125,0.0510803894426436,-0.8516609922317621,0.132484428370131,0.5715371617460968,0.0541864731373086,-0.1417806950288363,-0.4864685772839422,0.1412870890189311,-0.0009688720422725,0.4060468917952879,0.234192265004699,0.5549974019961418,0.0140576463190273,0.3547591622186937,-0.4289470243255512,0.1273973104704045,0.0152293951960787,-0.4844704194330868,0.0027958011959606,0.1321402465769226,0.0524971529590221,0.9985628949714308,0.1299663533732784,0.000840779142992,0.8886985284243151,0.0002029185103068,0.0655687867978563,0.744738069547906,0.2297179975755858,0.3392542327168591,0.5052206273191041,0.3879438869616712,0.7122999315086683,0.3384193364242871,0.4399805827743853,0.5979807061899549,0.5142012940582728,0.5506605763784594,0.1221470276265178,0.1764238571785311,0.1479051156907494,0.4534504804121284,0.4591042182441102,0.3321146908352806,0.76,29909
0,0,0.6407610076381495,-0.2896312917778125,0.0510803894426436,-0.8516609922317621,0.132484428370131,0.5715371617460968,0.0541864731373086,-0.1417806950288363,-0.4864685772839422,0.1412870890189311,-0.0009688720422725,0.4060468917952879,0.234192265004699,0.5549974019961418,0.0140576463190273,0.3547591622186937,-0.4289470243255512,0.1273973104704045,0.0152293951960787,-0.4844704194330868,0.0027958011959606,0.1321402465769226,0.0524971529590221,0.9985628949714308,0.1299663533732784,0.000840779142992,0.8886985284243151,0.0002029185103068,0.0655687867978563,0.744738069547906,0.2297179975755858,0.3392542327168591,0.5052206273191041,0.3879438869616712,0.7122999315086683,0.3384193364242871,0.4399805827743853,0.5979807061899549,0.5142012940582728,0.5506605763784594,0.1221470276265178,0.1764238571785311,0.1479051156907494,0.4534504804121284,0.4591042182441102,0.3321146908352806,0.76,29919
0,0,0.6407610076381495,-0.2896312917778125,0.0510803894426436,-0.8516609922317621,0.132484428370131,0.5715371617460968,0.0541864731373086,-0.1417806950288363,-0.4864685772839422,0.1412870890189311,-0.0009688720422725,0.4060468917952879,0.234192265004699,0.5549974019961418,0.0140576463190273,0.3547591622186937,-0.4289470243255512,0.1273973104704045,0.0152293951960787,-0.4844704194330868,0.0027958011959606,0.1321402465769226,0.0524971529590221,0.9985628949714308,0.1299663533732784,0.000840779142992,0.8886985284243151,0.0002029185103068,0.0655687867978563,0.744738069547906,0.2297179975755858,0.3392542327168591,0.5052206273191041,0.3879438869616712,0.7122999315086683,0.3384193364242871,0.4399805827743853,0.5979807061899549,0.5142012940582728,0.5506605763784594,0.1221470276265178,0.1764238571785311,0.1479051156907494,0.4534504804121284,0.4591042182441102,0.3321146908352806,0.76,29929
0,0,0.6407610076381495,-0.2896312917778125,0.0510803894426436,-0.8516609922317621,0.132484428370131,0.5715371617460968,0.0541864731373086,-0.1417806950288363,-0.4864685772839422,0.1412870890189311,-0.0009688720422725,0.4060468917952879,0.234192265004699,0.5549974019961418,0.0140576463190273,0.3547591622186937,-0.4289470243255512,0.1273973104704045,0.0152293951960787,-0.4844704194330868,0.0027958011959606,0.1321402465769226,0.0524971529590221,0.9985628949714308,0.1299663533732784,0.000840779142992,0.8886985284243151,0.0002029185103068,0.0655687867978563,0.744738069547906,0.2297179975755858,0.3392542327168591,0.5052206273191041,0.3879438869616712,0.7122999315086683,0.3384193364242871,0.4399805827743853,0.5979807061899549,0.5142012940582728,0.5506605763784594,0.1221470276265178,0.1764238571785311,0.1479051156907494,0.4534504804121284,0.4591042182441102,0.3321146908352806,0.76,29939
0,0,0.6407610076381495,-0.2896312917778125,0.0510803894426436,-0.8516609922317621,0.132484428370131,0.5715371617460968,0.0541864731373086,-0.1417806950288363,-0.4864685772839422,0.1412870890189311,-0.0009688720422725,0.4060468917952879,0.234192265004699,0.5549974019961418,0.0140576463190273,0.3547591622186937,-0.4289470243255512,0.1273973104704045,0.0152293951960787,-0.4844704194330868,0.0027958011959606,0.1321402465769226,0.0524971529590221,0.9985628949714308,0.1299663533732784,0.000840779142992,0.8886985284243151,0.0002029185103068,0.0655687867978563,0.744738069547906,0.2297179975755858,0.3392542327168591,0.5052206273191041,0.3879438869616712,0.7122999315086683,0.3384193364242871,0.4399805827743853,0.5979807061899549,0.5142012940582728,0.5506605763784594,0.1221470276265178,0.1764238571785311,0.1479051156907494,0.4534504804121284,0.4591042182441102,0.3321146908352806,0.76,29949
0,0,0.6407610076381495,-0.2896312917778125,0.0510803894426436,-0.8516609922317621,0.132484428370131,0.5715371617460968,0.0541864731373086,-0.1417806950288363,-0.4864685772839422,0.1412870890189311,-0.0009688720422725,0.4060468917952879,0.234192265004699,0.5549974019961418,0.0140576463190273,0.3547591622186937,-0.4289470243255512,0.1273973104704045,0.0152293951960787,-0.4844704194330868,0.0027958011959606,0.1321402465769226,0.0524971529590221,0.9985628949714308,0.1299663533732784,0.000840779142992,0.8886985284243151,0.0002029185103068,0.0655687867978563,0.744738069547906,0.2297179975755858,0.3392542327168591,0.5052206273191041,0.3879438869616712,0.7122999315086683,0.3384193364242871,0.4399805827743853,0.5979807061899549,0.5142012940582728,0.5506605763784594,0.1221470276265178,0.1764238571785311,0.1479051156907494,0.4534504804121284,0.4591042182441102,0.3321146908352806,0.76,29960
0,0,0.6407610076381495,-0.2896312917778125,0.0510803894426436,-0.8516609922317621,0.132484428370131,0.5715371617460968,0.0541864731373086,-0.1417806950288363,-0.4864685772839422,0.1412870890189311,-0.0009688720422725,0.4060468917952879,0.234192265004699,0.5549974019961418,0.0140576463190273,0.3547591622186937,-0.4289470243255512,0.1273973104704045,0.0152293951960787,-0.4844704194330868,0.0027958011959606,0.1321402465769226,0.0524971529590221,0.9985628949714308,0.1299663533732784,0.000840779142992,0.8886985284243151,0.0002029185103068,0.0655687867978563,0.744738069547906,0.2297179975755858,0.3392542327168591,0.5052206273191041,0.3879438869616712,0.7122999315086683,0.3384193364242871,0.4399805827743853,0.5979807061899549,0.5142012940582728,0.5506605763784594,0.1221470276265178,0.1764238571785311,0.1479051156907494,0.4534504804121284,0.4591042182441102,0.3321146908352806,0.76,29971
0,0,0.6407610076381495,-0.2896312917778125,0.0510803894426436,-0.8516609922317621,0.132484428370131,0.5715371617460968,0.0541864731373086,-0.1417806950288363,-0.4864685772839422,0.1412870890189311,-0.0009688720422725,0.4060468917952879,0.234192265004699,0.5549974019961418,0.0140576463190273,0.3547591622186937,-0.4289470243255512,0.1273973104704045,0.0152293951960787,-0.4844704194330868,0.0027958011959606,0.1321402465769226,0.0524971529590221,0.9985628949714308,0.1299663533732784,0.000840779142992,0.8886985284243151,0.0002029185103068,0.0655687867978563,0.744738069547906,0.2297179975755858,0.3392542327168591,0.5052206273191041,0.3879438869616712,0.7122999315086683,0.3384193364242871,0.4399805827743853,0.5979807061899549,0.5142012940582728,0.5506605763784594,0.1221470276265178,0.1764238571785311,0.1479051156907494,0.4534504804121284,0.4591042182441102,0.3321146908352806,0.76,29981
0,0,-0.0978806877359132,-0.3013859223014541,0.2086132180438428,-0.8463875860853045,0.7500445094065121,-0.0982342338287963,0.8390859252007954,-0.1412008811453211,-0.6629151051166029,0.3284704955755311,-0.4675320889689742,0.7517933690125616,0.9249136536078226,0.6261280300544007,-0.7211074761277978,0.5563648721866564,-0.7308488195386746,0.1311717886424468,-0.0870750289407801,-0.6126775822009805,0.0056185665869662,0.1319055131859341,0.0525341359966351,1.0,0.130210735634781,0.0010130678682312,0.8856925418067718,0.0001,0.0650218656396882,0.7424253270761692,0.1478448908396523,0.081999845424318,0.5207953795148571,0.2539445268658656,0.1812840957277661,0.1940161360526736,0.7404755413986934,0.614945526276796,0.621163114331636,0.0013086916004138,0.1471393960730716,0.1769684684566314,0.4192187041532451,0.453699623466587,0.4613888726389517,0.1374791843564899,0.86,2999
0,0,0.6407610076381495,-0.2896312917778125,0.0510803894426436,-0.8516609922317621,0.132484428370131,0.5715371617460968,0.0541864731373086,-0.1417806950288363,-0.4864685772839422,0.1412870890189311,-0.0009688720422725,0.4060468917952879,0.234192265004699,0.5549974019961418,0.0140576463190273,0.3547591622186937,-0.4289470243255512,0.1273973104704045,0.0152293951960787,-0.4844704194330868,0.0027958011959606,0.1321402465769226,0.0524971529590221,0.9985628949714308,0.1299663533732784,0.000840779142992,0.8886985284243151,0.0002029185103068,0.0655687867978563,0.744738069547906,0.2297179975755858,0.3392542327168591,0.5052206273191041,0.3879438869616712,0.7122999315086683,0.3384193364242871,0.4399805827743853,0.5979807061899549,0.5142012940582728,0.5506605763784594,0.1221470276265178,0.1764238571785311,0.1479051156907494,0.4534504804121284,0.4591042182441102,0.3321146908352806,0.76,29992
0,0,0.6407610076381495,-0.2896312917778125,0.0510803894426436,-0.8516609922317621,0.132484428370131,0.5715371617460968,0.0541864731373086,-0.1417806950288363,-0.4864685772839422,0.1412870890189311,-0.0009688720422725,0.4060468917952879,0.234192265004699,0.5549974019961418,0.0140576463190273,0.3547591622186937,-0.4289470243255512,0.1273973104704045,0.0152293951960787,-0.4844704194330868,0.0027958011959606,0.1321402465769226,0.0524971529590221,0.9985628949714308,0.1299663533732784,0.000840779142992,0.8886985284243151,0.0002029185103068,0.0655687867978563,0.744738069547906,0.2297179975755858,0.3392542327168591,0.5052206273191041,0.3879438869616712,0.7122999315086683,0.3384193364242871,0.4399805827743853,0.5979807061899549,0.5142012940582728,0.5506605763784594,0.1221470276265178,0.1764238571785311,0.1479051156907494,0.4534504804121284,0.4591042182441102,0.3321146908352806,0.76,30003
0,0,0.6407610076381495,-0.2896312917778125,0.0510803894426436,-0.8516609922317621,0.132484428370131,0.5715371617460968,0.0541864731373086,-0.1417806950288363,-0.4864685772839422,0.1412870890189311,-0.0009688720422725,0.4060468917952879,0.234192265004699,0.5549974019961418,0.0140576463190273,0.3547591622186937,-0.4289470243255512,0.1273973104704045,0.0152293951960787,-0.4844704194330868,0.0027958011959606,0.1321402465769226,0.0524971529590221,0.9985628949714308,0.1299663533732784,0.000840779142992,0.8886985284243151,0.0002029185103068,0.0655687867978563,0.744738069547906,0.2297179975755858,0.3392542327168591,0.5052206273191041,0.3879438869616712,0.7122999315086683,0.3384193364242871,0.4399805827743853,0.5979807061899549,0.5142012940582728,0.5506605763784594,0.1221470276265178,0.1764238571785311,0.1479051156907494,0.4534504804121284,0.4591042182441102,0.3321146908352806,0.76,30022
0,0,0.6407610076381495,-0.2896312917778125,0.0510803894426436,-0.8516609922317621,0.132484428370131,0.5715371617460968,0.0541864731373086,-0.1417806950288363,-0.4864685772839422,0.1412870890189311,-0.0009688720422725,0.4060468917952879,0.234192265004699,0.5549974019961418,0.0140576463190273,0.3547591622186937,-0.4289470243255512,0.1273973104704045,0.0152293951960787,-0.4844704194330868,0.0027958011959606,0.1321402465769226,0.0524971529590221,0.9985628949714308,0.1299663533732784,0.000840779142992,0.8886985284243151,0.0002029185103068,0.0655687867978563,0.744738069547906,0.2297179975755858,0.3392542327168591,0.5052206273191041,0.3879438869616712,0.7122999315086683,0.3384193364242871,0.4399805827743853,0.5979807061899549,0.5142012940582728,0.5506605763784594,0.1221470276265178,0.1764238571785311,0.1479051156907494,0.4534504804121284,0.4591042182441102,0.3321146908352806,0.76,30032
0,0,0.6407610076381495,-0.2896312917778125,0.0510803894426436,-0.8516609922317621,0.132484428370131,0.5715371617460968,0.0541864731373086,-0.1417806950288363,-0.4864685772839422,0.1412870890189311,-0.0009688720422725,0.4060468917952879,0.234192265004699,0.5549974019961418,0.0140576463190273,0.3547591622186937,-0.4289470243255512,0.1273973104704045,0.0152293951960787,-0.4844704194330868,0.0027958011959606,0.1321402465769226,0.0524971529590221,0.9985628949714308,0.1299663533732784,0.000840779142992,0.8886985284243151,0.0002029185103068,0.0655687867978563,0.744738069547906,0.2297179975755858,0.3392542327168591,0.5052206273191041,0.3879438869616712,0.7122999315086683,0.3384193364242871,0.4399805827743853,0.5979807061899549,0.5142012940582728,0.5506605763784594,0.1221470276265178,0.1764238571785311,0.1479051156907494,0.4534504804121284,0.4591042182441102,0.3321146908352806,0.76,30051
0,0,0.6407610076381495,-0.2896312917778125,0.0510803894426436,-0.8516609922317621,0.132484428370131,0.5715371617460968,0.0541864731373086,-0.1417806950288363,-0.4864685772839422,0.1412870890189311,-0.0009688720422725,0.4060468917952879,0.234192265004699,0.5549974019961418,0.0140576463190273,0.3547591622186937,-0.4289470243255512,0.1273973104704045,0.0152293951960787,-0.4844704194330868,0.0027958011959606,0.1321402465769226,0.0524971529590221,0.9985628949714308,0.1299663533732784,0.000840779142992,0.8886985284243151,0.0002029185103068,0.0655687867978563,0.744738069547906,0.2297179975755858,0.3392542327168591,0.5052206273191041,0.3879438869616712,0.7122999315086683,0.3384193364242871,0.4399805827743853,0.5979807061899549,0.5142012940582728,0.5506605763784594,0.1221470276265178,0.1764238571785311,0.1479051156907494,0.4534504804121284,0.4591042182441102,0.3321146908352806,0.76,30061
0,0,0.6407610076381495,-0.2896312917778125,0.0510803894426436,-0.8516609922317621,0.132484428370131,0.5715371617460968,0.0541864731373086,-0.1417806950288363,-0.4864685772839422,0.1412870890189311,-0.0009688720422725,0.4060468917952879,0.234192265004699,0.5549974019961418,0.0140576463190273,0.3547591622186937,-0.4289470243255512,0.1273973104704045,0.0152293951960787,-0.4844704194330868,0.0027958011959606,0.1321402465769226,0.0524971529590221,0.9985628949714308,0.1299663533732784,0.000840779142992,0.8886985284243151,0.0002029185103068,0.0655687867978563,0.744738069547906,0.2297179975755858,0.3392542327168591,0.5052206273191041,0.3879438869616712,0.7122999315086683,0.3384193364242871,0.4399805827743853,0.5979807061899549,0.5142012940582728,0.5506605763784594,0.1221470276265178,0.1764238571785311,0.1479051156907494,0.4534504804121284,0.4591042182441102,0.3321146908352806,0.76,30072
0,0,0.6407610076381495,-0.2896312917778125,0.0510803894426436,-0.8516609922317621,0.132484428370131,0.5715371617460968,0.0541864731373086,-0.1417806950288363,-0.4864685772839422,0.1412870890189311,-0.0009688720422725,0.4060468917952879,0.234192265004699,0.5549974019961418,0.0140576463190273,0.3547591622186937,-0.4289470243255512,0.1273973104704045,0.0152293951960787,-0.4844704194330868,0.0027958011959606,0.1321402465769226,0.0524971529590221,0.9985628949714308,0.1299663533732784,0.000840779142992,0.8886985284243151,0.0002029185103068,0.0655687867978563,0.744738069547906,0.2297179975755858,0.3392542327168591,0.5052206273191041,0.3879438869616712,0.7122999315086683,0.3384193364242871,0.4399805827743853,0.5979807061899549,0.5142012940582728,0.5506605763784594,0.1221470276265178,0.1764238571785311,0.1479051156907494,0.4534504804121284,0.4591042182441102,0.3321146908352806,0.76,30083
0,0,0.6407610076381495,-0.2896312917778125,0.0510803894426436,-0.8516609922317621,0.132484428370131,0.5715371617460968,0.0541864731373086,-0.1417806950288363,-0.4864685772839422,0.1412870890189311,-0.0009688720422725,0.4060468917952879,0.234192265004699,0.5549974019961418,0.0140576463190273,0.3547591622186937,-0.4289470243255512,0.1273973104704045,0.0152293951960787,-0.4844704194330868,0.0027958011959606,0.1321402465769226,0.0524971529590221,0.9985628949714308,0.1299663533732784,0.000840779142992,0.8886985284243151,0.0002029185103068,0.0655687867978563,0.744738069547906,0.2297179975755858,0.3392542327168591,0.5052206273191041,0.3879438869616712,0.7122999315086683,0.3384193364242871,0.4399805827743853,0.5979807061899549,0.5142012940582728,0.5506605763784594,0.1221470276265178,0.1764238571785311,0.1479051156907494,0.4534504804121284,0.4591042182441102,0.3321146908352806,0.76,30093
0,0,0.6407610076381495,-0.2896312917778125,0.0510803894426436,-0.8516609922317621,0.132484428370131,0.5715371617460968,0.0541864731373086,-0.1417806950288363,-0.4864685772839422,0.1412870890189311,-0.0009688720422725,0.4060468917952879,0.234192265004699,0.5549974019961418,0.0140576463190273,0.3547591622186937,-0.4289470243255512,0.1273973104704045,0.0152293951960787,-0.4844704194330868,0.0027958011959606,0.1321402465769226,0.0524971529590221,0.9985628949714308,0.1299663533732784,0.000840779142992,0.8886985284243151,0.0002029185103068,0.0655687867978563,0.744738069547906,0.2297179975755858,0.3392542327168591,0.5052206273191041,0.3879438869616712,0.7122999315086683,0.3384193364242871,0.4399805827743853,0.5979807061899549,0.5142012940582728,0.5506605763784594,0.1221470276265178,0.1764238571785311,0.1479051156907494,0.4534504804121284,0.4591042182441102,0.3321146908352806,0.76,30103
0,0,0.6407610076381495,-0.2896312917778125,0.0510803894426436,-0.8516609922317621,0.132484428370131,0.5715371617460968,0.0541864731373086,-0.1417806950288363,-0.4864685772839422,0.1412870890189311,-0.0009688720422725,0.4060468917952879,0.234192265004699,0.5549974019961418,0.0140576463190273,0.3547591622186937,-0.4289470243255512,0.1273973104704045,0.0152293951960787,-0.4844704194330868,0.0027958011959606,0.1321402465769226,0.0524971529590221,0.9985628949714308,0.1299663533732784,0.000840779142992,0.8886985284243151,0.0002029185103068,0.0655687867978563,0.744738069547906,0.2297179975755858,0.3392542327168591,0.5052206273191041,0.3879438869616712,0.7122999315086683,0.3384193364242871,0.4399805827743853,0.5979807061899549,0.5142012940582728,0.5506605763784594,0.1221470276265178,0.1764238571785311,0.1479051156907494,0.4534504804121284,0.4591042182441102,0.3321146908352806,0.76,30114
0,0,0.6407610076381495,-0.2896312917778125,0.0510803894426436,-0.8516609922317621,0.132484428370131,0.5715371617460968,0.0541864731373086,-0.1417806950288363,-0.4864685772839422,0.1412870890189311,-0.0009688720422725,0.4060468917952879,0.234192265004699,0.5549974019961418,0.0140576463190273,0.3547591622186937,-0.4289470243255512,0.1273973104704045,0.0152293951960787,-0.4844704194330868,0.0027958011959606,0.1321402465769226,0.0524971529590221,0.9985628949714308,0.1299663533732784,0.000840779142992,0.8886985284243151,0.0002029185103068,0.0655687867978563,0.744738069547906,0.2297179975755858,0.3392542327168591,0.5052206273191041,0.3879438869616712,0.7122999315086683,0.3384193364242871,0.4399805827743853,0.5979807061899549,0.5142012940582728,0.5506605763784594,0.1221470276265178,0.1764238571785311,0.1479051156907494,0.4534504804121284,0.4591042182441102,0.3321146908352806,0.76,30124
0,0,0.6407610076381495,-0.2896312917778125,0.0510803894426436,-0.8516609922317621,0.132484428370131,0.5715371617460968,0.0541864731373086,-0.1417806950288363,-0.4864685772839422,0.1412870890189311,-0.0009688720422725,0.4060468917952879,0.234192265004699,0.5549974019961418,0.0140576463190273,0.3547591622186937,-0.4289470243255512,0.1273973104704045,0.0152293951960787,-0.4844704194330868,0.0027958011959606,0.1321402465769226,0.0524971529590221,0.9985628949714308,0.1299663533732784,0.000840779142992,0.8886985284243151,0.0002029185103068,0.0655687867978563,0.744738069547906,0.2297179975755858,0.3392542327168591,0.5052206273191041,0.3879438869616712,0.7122999315086683,0.3384193364242871,0.4399805827743853,0.5979807061899549,0.5142012940582728,0.5506605763784594,0.1221470276265178,0.1764238571785311,0.1479051156907494,0.4534504804121284,0.4591042182441102,0.3321146908352806,0.76,30135
0,0,0.6407610076381495,-0.2896312917778125,0.0510803894426436,-0.8516609922317621,0.132484428370131,0.5715371617460968,0.0541864731373086,-0.1417806950288363,-0.4864685772839422,0.1412870890189311,-0.0009688720422725,0.4060468917952879,0.234192265004699,0.5549974019961418,0.0140576463190273,0.3547591622186937,-0.4289470243255512,0.1273973104704045,0.0152293951960787,-0.4844704194330868,0.0027958011959606,0.1321402465769226,0.0524971529590221,0.9985628949714308,0.1299663533732784,0.000840779142992,0.8886985284243151,0.0002029185103068,0.0655687867978563,0.744738069547906,0.2297179975755858,0.3392542327168591,0.5052206273191041,0.3879438869616712,0.7122999315086683,0.3384193364242871,0.4399805827743853,0.5979807061899549,0.5142012940582728,0.5506605763784594,0.1221470276265178,0.1764238571785311,0.1479051156907494,0.4534504804121284,0.4591042182441102,0.3321146908352806,0.76,30145
0,0,0.6407610076381495,-0.2896312917778125,0.0510803894426436,-0.8516609922317621,0.132484428370131,0.5715371617460968,0.0541864731373086,-0.1417806950288363,-0.4864685772839422,0.1412870890189311,-0.0009688720422725,0.4060468917952879,0.234192265004699,0.5549974019961418,0.0140576463190273,0.3547591622186937,-0.4289470243255512,0.1273973104704045,0.0152293951960787,-0.4844704194330868,0.0027958011959606,0.1321402465769226,0.0524971529590221,0.9985628949714308,0.1299663533732784,0.000840779142992,0.8886985284243151,0.0002029185103068,0.0655687867978563,0.744738069547906,0.2297179975755858,0.3392542327168591,0.5052206273191041,0.3879438869616712,0.7122999315086683,0.3384193364242871,0.4399805827743853,0.5979807061899549,0.5142012940582728,0.5506605763784594,0.1221470276265178,0.1764238571785311,0.1479051156907494,0.4534504804121284,0.4591042182441102,0.3321146908352806,0.76,30155
0,0,0.6407610076381495,-0.2896312917778125,0.0510803894426436,-0.8516609922317621,0.132484428370131,0.5715371617460968,0.0541864731373086,-0.1417806950288363,-0.4864685772839422,0.1412870890189311,-0.0009688720422725,0.4060468917952879,0.234192265004699,0.5549974019961418,0.0140576463190273,0.3547591622186937,-0.4289470243255512,0.1273973104704045,0.0152293951960787,-0.4844704194330868,0.0027958011959606,0.1321402465769226,0.0524971529590221,0.9985628949714308,0.1299663533732784,0.000840779142992,0.8886985284243151,0.0002029185103068,0.0655687867978563,0.744738069547906,0.2297179975755858,0.3392542327168591,0.5052206273191041,0.3879438869616712,0.7122999315086683,0.3384193364242871,0.4399805827743853,0.5979807061899549,0.5142012940582728,0.5506605763784594,0.1221470276265178,0.1764238571785311,0.1479051156907494,0.4534504804121284,0.4591042182441102,0.3321146908352806,0.76,30166
0,0,0.6407610076381495,-0.2896312917778125,0.0510803894426436,-0.8516609922317621,0.132484428370131,0.5715371617460968,0.0541864731373086,-0.1417806950288363,-0.4864685772839422,0.1412870890189311,-0.0009688720422725,0.4060468917952879,0.234192265004699,0.5549974019961418,0.0140576463190273,0.3547591622186937,-0.4289470243255512,0.1273973104704045,0.0152293951960787,-0.4844704194330868,0.0027958011959606,0.1321402465769226,0.0524971529590221,0.9985628949714308,0.1299663533732784,0.000840779142992,0.8886985284243151,0.0002029185103068,0.0655687867978563,0.744738069547906,0.2297179975755858,0.3392542327168591,0.5052206273191041,0.3879438869616712,0.7122999315086683,0.3384193364242871,0.4399805827743853,0.5979807061899549,0.5142012940582728,0.5506605763784594,0.1221470276265178,0.1764238571785311,0.1479051156907494,0.4534504804121284,0.4591042182441102,0.3321146908352806,0.76,30176
0,0,0.6407610076381495,-0.2896312917778125,0.0510803894426436,-0.8516609922317621,0.132484428370131,0.5715371617460968,0.0541864731373086,-0.1417806950288363,-0.4864685772839422,0.1412870890189311,-0.0009688720422725,0.4060468917952879,0.234192265004699,0.5549974019961418,0.0140576463190273,0.3547591622186937,-0.4289470243255512,0.1273973104704045,0.0152293951960787,-0.4844704194330868,0.0027958011959606,0.1321402465769226,0.0524971529590221,0.9985628949714308,0.1299663533732784,0.000840779142992,0.8886985284243151,0.0002029185103068,0.0655687867978563,0.744738069547906,0.2297179975755858,0.3392542327168591,0.5052206273191041,0.3879438869616712,0.7122999315086683,0.3384193364242871,0.4399805827743853,0.5979807061899549,0.5142012940582728,0.5506605763784594,0.1221470276265178,0.1764238571785311,0.1479051156907494,0.4534504804121284,0.4591042182441102,0.3321146908352806,0.76,30187
0,0,0.6407610076381495,-0.2896312917778125,0.0510803894426436,-0.8516609922317621,0.132484428370131,0.5715371617460968,0.0541864731373086,-0.1417806950288363,-0.4864685772839422,0.1412870890189311,-0.0009688720422725,0.4060468917952879,0.234192265004699,0.5549974019961418,0.0140576463190273,0.3547591622186937,-0.4289470243255512,0.1273973104704045,0.0152293951960787,-0.4844704194330868,0.0027958011959606,0.1321402465769226,0.0524971529590221,0.9985628949714308,0.1299663533732784,0.000840779142992,0.8886985284243151,0.0002029185103068,0.0655687867978563,0.744738069547906,0.2297179975755858,0.3392542327168591,0.5052206273191041,0.3879438869616712,0.7122999315086683,0.3384193364242871,0.4399805827743853,0.5979807061899549,0.5142012940582728,0.5506605763784594,0.1221470276265178,0.1764238571785311,0.1479051156907494,0.4534504804121284,0.4591042182441102,0.3321146908352806,0.76,30198
0,0,0.6407610076381495,-0.2896312917778125,0.0510803894426436,-0.8516609922317621,0.132484428370131,0.5715371617460968,0.0541864731373086,-0.1417806950288363,-0.4864685772839422,0.1412870890189311,-0.0009688720422725,0.4060468917952879,0.234192265004699,0.5549974019961418,0.0140576463190273,0.3547591622186937,-0.4289470243255512,0.1273973104704045,0.0152293951960787,-0.4844704194330868,0.0027958011959606,0.1321402465769226,0.0524971529590221,0.9985628949714308,0.1299663533732784,0.000840779142992,0.8886985284243151,0.0002029185103068,0.0655687867978563,0.744738069547906,0.2297179975755858,0.3392542327168591,0.5052206273191041,0.3879438869616712,0.7122999315086683,0.3384193364242871,0.4399805827743853,0.5979807061899549,0.5142012940582728,0.5506605763784594,0.1221470276265178,0.1764238571785311,0.1479051156907494,0.4534504804121284,0.4591042182441102,0.3321146908352806,0.76,30208
0,0,0.6407610076381495,-0.2896312917778125,0.0510803894426436,-0.8516609922317621,0.132484428370131,0.5715371617460968,0.0541864731373086,-0.1417806950288363,-0.4864685772839422,0.1412870890189311,-0.0009688720422725,0.4060468917952879,0.234192265004699,0.5549974019961418,0.0140576463190273,0.3547591622186937,-0.4289470243255512,0.1273973104704045,0.0152293951960787,-0.4844704194330868,0.0027958011959606,0.1321402465769226,0.0524971529590221,0.9985628949714308,0.1299663533732784,0.000840779142992,0.8886985284243151,0.0002029185103068,0.0655687867978563,0.744738069547906,0.2297179975755858,0.3392542327168591,0.5052206273191041,0.3879438869616712,0.7122999315086683,0.3384193364242871,0.4399805827743853,0.5979807061899549,0.5142012940582728,0.5506605763784594,0.1221470276265178,0.1764238571785311,0.1479051156907494,0.4534504804121284,0.4591042182441102,0.3321146908352806,0.76,30219
0,0,0.6407610076381495,-0.2896312917778125,0.0510803894426436,-0.8516609922317621,0.132484428370131,0.5715371617460968,0.0541864731373086,-0.1417806950288363,-0.4864685772839422,0.1412870890189311,-0.0009688720422725,0.4060468917952879,0.234192265004699,0.5549974019961418,0.0140576463190273,0.3547591622186937,-0.4289470243255512,0.1273973104704045,0.0152293951960787,-0.4844704194330868,0.0027958011959606,0.1321402465769226,0.0524971529590221,0.9985628949714308,0.1299663533732784,0.000840779142992,0.8886985284243151,0.0002029185103068,0.0655687867978563,0.744738069547906,0.2297179975755858,0.3392542327168591,0.5052206273191041,0.3879438869616712,0.7122999315086683,0.3384193364242871,0.4399805827743853,0.5979807061899549,0.5142012940582728,0.5506605763784594,0.1221470276265178,0.1764238571785311,0.1479051156907494,0.4534504804121284,0.4591042182441102,0.3321146908352806,0.76,30229
0,0,0.6407610076381495,-0.2896312917778125,0.0510803894426436,-0.8516609922317621,0.132484428370131,0.5715371617460968,0.0541864731373086,-0.1417806950288363,-0.4864685772839422,0.1412870890189311,-0.0009688720422725,0.4060468917952879,0.234192265004699,0.5549974019961418,0.0140576463190273,0.3547591622186937,-0.4289470243255512,0.1273973104704045,0.0152293951960787,-0.4844704194330868,0.0027958011959606,0.1321402465769226,0.0524971529590221,0.9985628949714308,0.1299663533732784,0.000840779142992,0.8886985284243151,0.0002029185103068,0.0655687867978563,0.744738069547906,0.2297179975755858,0.3392542327168591,0.5052206273191041,0.3879438869616712,0.7122999315086683,0.3384193364242871,0.4399805827743853,0.5979807061899549,0.5142012940582728,0.5506605763784594,0.1221470276265178,0.1764238571785311,0.1479051156907494,0.4534504804121284,0.4591042182441102,0.3321146908352806,0.76,30240
0,0,0.6407610076381495,-0.2896312917778125,0.0510803894426436,-0.8516609922317621,0.132484428370131,0.5715371617460968,0.0541864731373086,-0.1417806950288363,-0.4864685772839422,0.1412870890189311,-0.0009688720422725,0.4060468917952879,0.234192265004699,0.5549974019961418,0.0140576463190273,0.3547591622186937,-0.4289470243255512,0.1273973104704045,0.0152293951960787,-0.4844704194330868,0.0027958011959606,0.1321402465769226,0.0524971529590221,0.9985628949714308,0.1299663533732784,0.000840779142992,0.8886985284243151,0.0002029185103068,0.0655687867978563,0.744738069547906,0.2297179975755858,0.3392542327168591,0.5052206273191041,0.3879438869616712,0.7122999315086683,0.3384193364242871,0.4399805827743853,0.5979807061899549,0.5142012940582728,0.5506605763784594,0.1221470276265178,0.1764238571785311,0.1479051156907494,0.4534504804121284,0.4591042182441102,0.3321146908352806,0.76,30259
0,0,0.6407610076381495,-0.2896312917778125,0.0510803894426436,-0.8516609922317621,0.132484428370131,0.5715371617460968,0.0541864731373086,-0.1417806950288363,-0.4864685772839422,0.1412870890189311,-0.0009688720422725,0.4060468917952879,0.234192265004699,0.5549974019961418,0.0140576463190273,0.3547591622186937,-0.4289470243255512,0.1273973104704045,0.0152293951960787,-0.4844704194330868,0.0027958011959606,0.1321402465769226,0.0524971529590221,0.9985628949714308,0.1299663533732784,0.000840779142992,0.8886985284243151,0.0002029185103068,0.0655687867978563,0.744738069547906,0.2297179975755858,0.3392542327168591,0.5052206273191041,0.3879438869616712,0.7122999315086683,0.3384193364242871,0.4399805827743853,0.5979807061899549,0.5142012940582728,0.5506605763784594,0.1221470276265178,0.1764238571785311,0.1479051156907494,0.4534504804121284,0.4591042182441102,0.3321146908352806,0.76,30269
0,0,0.6407610076381495,-0.2896312917778125,0.0510803894426436,-0.8516609922317621,0.132484428370131,0.5715371617460968,0.0541864731373086,-0.1417806950288363,-0.4864685772839422,0.1412870890189311,-0.0009688720422725,0.4060468917952879,0.234192265004699,0.5549974019961418,0.0140576463190273,0.3547591622186937,-0.4289470243255512,0.1273973104704045,0.0152293951960787,-0.4844704194330868,0.0027958011959606,0.1321402465769226,0.0524971529590221,0.9985628949714308,0.1299663533732784,0.000840779142992,0.8886985284243151,0.0002029185103068,0.0655687867978563,0.744738069547906,0.2297179975755858,0.3392542327168591,0.5052206273191041,0.3879438869616712,0.7122999315086683,0.3384193364242871,0.4399805827743853,0.5979807061899549,0.5142012940582728,0.5506605763784594,0.1221470276265178,0.1764238571785311,0.1479051156907494,0.4534504804121284,0.4591042182441102,0.3321146908352806,0.76,30279
0,0,0.6407610076381495,-0.2896312917778125,0.0510803894426436,-0.8516609922317621,0.132484428370131,0.5715371617460968,0.0541864731373086,-0.1417806950288363,-0.4864685772839422,0.1412870890189311,-0.0009688720422725,0.4060468917952879,0.234192265004699,0.5549974019961418,0.0140576463190273,0.3547591622186937,-0.4289470243255512,0.1273973104704045,0.0152293951960787,-0.4844704194330868,0.0027958011959606,0.1321402465769226,0.0524971529590221,0.9985628949714308,0.1299663533732784,0.000840779142992,0.8886985284243151,0.0002029185103068,0.0655687867978563,0.744738069547906,0.2297179975755858,0.3392542327168591,0.5052206273191041,0.3879438869616712,0.7122999315086683,0.3384193364242871,0.4399805827743853,0.5979807061899549,0.5142012940582728,0.5506605763784594,0.1221470276265178,0.1764238571785311,0.1479051156907494,0.4534504804121284,0.4591042182441102,0.3321146908352806,0.76,30290
0,0,0.6407610076381495,-0.2896312917778125,0.0510803894426436,-0.8516609922317621,0.132484428370131,0.5715371617460968,0.0541864731373086,-0.1417806950288363,-0.4864685772839422,0.1412870890189311,-0.0009688720422725,0.4060468917952879,0.234192265004699,0.5549974019961418,0.0140576463190273,0.3547591622186937,-0.4289470243255512,0.1273973104704045,0.0152293951960787,-0.4844704194330868,0.0027958011959606,0.1321402465769226,0.0524971529590221,0.9985628949714308,0.1299663533732784,0.000840779142992,0.8886985284243151,0.0002029185103068,0.0655687867978563,0.744738069547906,0.2297179975755858,0.3392542327168591,0.5052206273191041,0.3879438869616712,0.7122999315086683,0.3384193364242871,0.4399805827743853,0.5979807061899549,0.5142012940582728,0.5506605763784594,0.1221470276265178,0.1764238571785311,0.1479051156907494,0.4534504804121284,0.4591042182441102,0.3321146908352806,0.76,30300
0,0,0.6407610076381495,-0.2896312917778125,0.0510803894426436,-0.8516609922317621,0.132484428370131,0.5715371617460968,0.0541864731373086,-0.1417806950288363,-0.4864685772839422,0.1412870890189311,-0.0009688720422725,0.4060468917952879,0.234192265004699,0.5549974019961418,0.0140576463190273,0.3547591622186937,-0.4289470243255512,0.1273973104704045,0.0152293951960787,-0.4844704194330868,0.0027958011959606,0.1321402465769226,0.0524971529590221,0.9985628949714308,0.1299663533732784,0.000840779142992,0.8886985284243151,0.0002029185103068,0.0655687867978563,0.744738069547906,0.2297179975755858,0.3392542327168591,0.5052206273191041,0.3879438869616712,0.7122999315086683,0.3384193364242871,0.4399805827743853,0.5979807061899549,0.5142012940582728,0.5506605763784594,0.1221470276265178,0.1764238571785311,0.1479051156907494,0.4534504804121284,0.4591042182441102,0.3321146908352806,0.76,30310
0,0,0.6407610076381495,-0.2896312917778125,0.0510803894426436,-0.8516609922317621,0.132484428370131,0.5715371617460968,0.0541864731373086,-0.1417806950288363,-0.4864685772839422,0.1412870890189311,-0.0009688720422725,0.4060468917952879,0.234192265004699,0.5549974019961418,0.0140576463190273,0.3547591622186937,-0.4289470243255512,0.1273973104704045,0.0152293951960787,-0.4844704194330868,0.0027958011959606,0.1321402465769226,0.0524971529590221,0.9985628949714308,0.1299663533732784,0.000840779142992,0.8886985284243151,0.0002029185103068,0.0655687867978563,0.744738069547906,0.2297179975755858,0.3392542327168591,0.5052206273191041,0.3879438869616712,0.7122999315086683,0.3384193364242871,0.4399805827743853,0.5979807061899549,0.5142012940582728,0.5506605763784594,0.1221470276265178,0.1764238571785311,0.1479051156907494,0.4534504804121284,0.4591042182441102,0.3321146908352806,0.76,30320
0,0,0.6407610076381495,-0.2896312917778125,0.0510803894426436,-0.8516609922317621,0.132484428370131,0.5715371617460968,0.0541864731373086,-0.1417806950288363,-0.4864685772839422,0.1412870890189311,-0.0009688720422725,0.4060468917952879,0.234192265004699,0.5549974019961418,0.0140576463190273,0.3547591622186937,-0.4289470243255512,0.1273973104704045,0.0152293951960787,-0.4844704194330868,0.0027958011959606,0.1321402465769226,0.0524971529590221,0.9985628949714308,0.1299663533732784,0.000840779142992,0.8886985284243151,0.0002029185103068,0.0655687867978563,0.744738069547906,0.2297179975755858,0.3392542327168591,0.5052206273191041,0.3879438869616712,0.7122999315086683,0.3384193364242871,0.4399805827743853,0.5979807061899549,0.5142012940582728,0.5506605763784594,0.1221470276265178,0.1764238571785311,0.1479051156907494,0.4534504804121284,0.4591042182441102,0.3321146908352806,0.76,30339
0,0,0.6407610076381495,-0.2896312917778125,0.0510803894426436,-0.8516609922317621,0.132484428370131,0.5715371617460968,0.0541864731373086,-0.1417806950288363,-0.4864685772839422,0.1412870890189311,-0.0009688720422725,0.4060468917952879,0.234192265004699,0.5549974019961418,0.0140576463190273,0.3547591622186937,-0.4289470243255512,0.1273973104704045,0.0152293951960787,-0.4844704194330868,0.0027958011959606,0.1321402465769226,0.0524971529590221,0.9985628949714308,0.1299663533732784,0.000840779142992,0.8886985284243151,0.0002029185103068,0.0655687867978563,0.744738069547906,0.2297179975755858,0.3392542327168591,0.5052206273191041,0.3879438869616712,0.7122999315086683,0.3384193364242871,0.4399805827743853,0.5979807061899549,0.5142012940582728,0.5506605763784594,0.1221470276265178,0.1764238571785311,0.1479051156907494,0.4534504804121284,0.4591042182441102,0.3321146908352806,0.76,30349
0,0,0.6407610076381495,-0.2896312917778125,0.0510803894426436,-0.8516609922317621,0.132484428370131,0.5715371617460968,0.0541864731373086,-0.1417806950288363,-0.4864685772839422,0.1412870890189311,-0.0009688720422725,0.4060468917952879,0.234192265004699,0.5549974019961418,0.0140576463190273,0.3547591622186937,-0.4289470243255512,0.1273973104704045,0.0152293951960787,-0.4844704194330868,0.0027958011959606,0.1321402465769226,0.0524971529590221,0.9985628949714308,0.1299663533732784,0.000840779142992,0.8886985284243151,0.0002029185103068,0.0655687867978563,0.744738069547906,0.2297179975755858,0.3392542327168591,0.5052206273191041,0.3879438869616712,0.7122999315086683,0.3384193364242871,0.4399805827743853,0.5979807061899549,0.5142012940582728,0.5506605763784594,0.1221470276265178,0.1764238571785311,0.1479051156907494,0.4534504804121284,0.4591042182441102,0.3321146908352806,0.76,30360
0,0,0.6407610076381495,-0.2896312917778125,0.0510803894426436,-0.8516609922317621,0.132484428370131,0.5715371617460968,0.0541864731373086,-0.1417806950288363,-0.4864685772839422,0.1412870890189311,-0.0009688720422725,0.4060468917952879,0.234192265004699,0.5549974019961418,0.0140576463190273,0.3547591622186937,-0.4289470243255512,0.1273973104704045,0.0152293951960787,-0.4844704194330868,0.0027958011959606,0.1321402465769226,0.0524971529590221,0.9985628949714308,0.1299663533732784,0.000840779142992,0.8886985284243151,0.0002029185103068,0.0655687867978563,0.744738069547906,0.2297179975755858,0.3392542327168591,0.5052206273191041,0.3879438869616712,0.7122999315086683,0.3384193364242871,0.4399805827743853,0.5979807061899549,0.5142012940582728,0.5506605763784594,0.1221470276265178,0.1764238571785311,0.1479051156907494,0.4534504804121284,0.4591042182441102,0.3321146908352806,0.76,30370
0,0,0.6407610076381495,-0.2896312917778125,0.0510803894426436,-0.8516609922317621,0.132484428370131,0.5715371617460968,0.0541864731373086,-0.1417806950288363,-0.4864685772839422,0.1412870890189311,-0.0009688720422725,0.4060468917952879,0.234192265004699,0.5549974019961418,0.0140576463190273,0.3547591622186937,-0.4289470243255512,0.1273973104704045,0.0152293951960787,-0.4844704194330868,0.0027958011959606,0.1321402465769226,0.0524971529590221,0.9985628949714308,0.1299663533732784,0.000840779142992,0.8886985284243151,0.0002029185103068,0.0655687867978563,0.744738069547906,0.2297179975755858,0.3392542327168591,0.5052206273191041,0.3879438869616712,0.7122999315086683,0.3384193364242871,0.4399805827743853,0.5979807061899549,0.5142012940582728,0.5506605763784594,0.1221470276265178,0.1764238571785311,0.1479051156907494,0.4534504804121284,0.4591042182441102,0.3321146908352806,0.76,30387
0,0,0.6407610076381495,-0.2896312917778125,0.0510803894426436,-0.8516609922317621,0.132484428370131,0.5715371617460968,0.0541864731373086,-0.1417806950288363,-0.4864685772839422,0.1412870890189311,-0.0009688720422725,0.4060468917952879,0.234192265004699,0.5549974019961418,0.0140576463190273,0.3547591622186937,-0.4289470243255512,0.1273973104704045,0.0152293951960787,-0.4844704194330868,0.0027958011959606,0.1321402465769226,0.0524971529590221,0.9985628949714308,0.1299663533732784,0.000840779142992,0.8886985284243151,0.0002029185103068,0.0655687867978563,0.744738069547906,0.2297179975755858,0.3392542327168591,0.5052206273191041,0.3879438869616712,0.7122999315086683,0.3384193364242871,0.4399805827743853,0.5979807061899549,0.5142012940582728,0.5506605763784594,0.1221470276265178,0.1764238571785311,0.1479051156907494,0.4534504804121284,0.4591042182441102,0.3321146908352806,0.76,30397
0,0,0.6407610076381495,-0.2896312917778125,0.0510803894426436,-0.8516609922317621,0.132484428370131,0.5715371617460968,0.0541864731373086,-0.1417806950288363,-0.4864685772839422,0.1412870890189311,-0.0009688720422725,0.4060468917952879,0.234192265004699,0.5549974019961418,0.0140576463190273,0.3547591622186937,-0.4289470243255512,0.1273973104704045,0.0152293951960787,-0.4844704194330868,0.0027958011959606,0.1321402465769226,0.0524971529590221,0.9985628949714308,0.1299663533732784,0.000840779142992,0.8886985284243151,0.0002029185103068,0.0655687867978563,0.744738069547906,0.2297179975755858,0.3392542327168591,0.5052206273191041,0.3879438869616712,0.7122999315086683,0.3384193364242871,0.4399805827743853,0.5979807061899549,0.5142012940582728,0.5506605763784594,0.1221470276265178,0.1764238571785311,0.1479051156907494,0.4534504804121284,0.4591042182441102,0.3321146908352806,0.76,30407
0,0,0.6407610076381495,-0.2896312917778125,0.0510803894426436,-0.8516609922317621,0.132484428370131,0.5715371617460968,0.0541864731373086,-0.1417806950288363,-0.4864685772839422,0.1412870890189311,-0.0009688720422725,0.4060468917952879,0.234192265004699,0.5549974019961418,0.0140576463190273,0.3547591622186937,-0.4289470243255512,0.1273973104704045,0.0152293951960787,-0.4844704194330868,0.0027958011959606,0.1321402465769226,0.0524971529590221,0.9985628949714308,0.1299663533732784,0.000840779142992,0.8886985284243151,0.0002029185103068,0.0655687867978563,0.744738069547906,0.2297179975755858,0.3392542327168591,0.5052206273191041,0.3879438869616712,0.7122999315086683,0.3384193364242871,0.4399805827743853,0.5979807061899549,0.5142012940582728,0.5506605763784594,0.1221470276265178,0.1764238571785311,0.1479051156907494,0.4534504804121284,0.4591042182441102,0.3321146908352806,0.76,30418
0,0,0.6407610076381495,-0.2896312917778125,0.0510803894426436,-0.8516609922317621,0.132484428370131,0.5715371617460968,0.0541864731373086,-0.1417806950288363,-0.4864685772839422,0.1412870890189311,-0.0009688720422725,0.4060468917952879,0.234192265004699,0.5549974019961418,0.0140576463190273,0.3547591622186937,-0.4289470243255512,0.1273973104704045,0.0152293951960787,-0.4844704194330868,0.0027958011959606,0.1321402465769226,0.0524971529590221,0.9985628949714308,0.1299663533732784,0.000840779142992,0.8886985284243151,0.0002029185103068,0.0655687867978563,0.744738069547906,0.2297179975755858,0.3392542327168591,0.5052206273191041,0.3879438869616712,0.7122999315086683,0.3384193364242871,0.4399805827743853,0.5979807061899549,0.5142012940582728,0.5506605763784594,0.1221470276265178,0.1764238571785311,0.1479051156907494,0.4534504804121284,0.4591042182441102,0.3321146908352806,0.76,30428
0,0,0.6407610076381495,-0.2896312917778125,0.0510803894426436,-0.8516609922317621,0.132484428370131,0.5715371617460968,0.0541864731373086,-0.1417806950288363,-0.4864685772839422,0.1412870890189311,-0.0009688720422725,0.4060468917952879,0.234192265004699,0.5549974019961418,0.0140576463190273,0.3547591622186937,-0.4289470243255512,0.1273973104704045,0.0152293951960787,-0.4844704194330868,0.0027958011959606,0.1321402465769226,0.0524971529590221,0.9985628949714308,0.1299663533732784,0.000840779142992,0.8886985284243151,0.0002029185103068,0.0655687867978563,0.744738069547906,0.2297179975755858,0.3392542327168591,0.5052206273191041,0.3879438869616712,0.7122999315086683,0.3384193364242871,0.4399805827743853,0.5979807061899549,0.5142012940582728,0.5506605763784594,0.1221470276265178,0.1764238571785311,0.1479051156907494,0.4534504804121284,0.4591042182441102,0.3321146908352806,0.76,30438
0,0,0.6407610076381495,-0.2896312917778125,0.0510803894426436,-0.8516609922317621,0.132484428370131,0.5715371617460968,0.0541864731373086,-0.1417806950288363,-0.4864685772839422,0.1412870890189311,-0.0009688720422725,0.4060468917952879,0.234192265004699,0.5549974019961418,0.0140576463190273,0.3547591622186937,-0.4289470243255512,0.1273973104704045,0.0152293951960787,-0.4844704194330868,0.0027958011959606,0.1321402465769226,0.0524971529590221,0.9985628949714308,0.1299663533732784,0.000840779142992,0.8886985284243151,0.0002029185103068,0.0655687867978563,0.744738069547906,0.2297179975755858,0.3392542327168591,0.5052206273191041,0.3879438869616712,0.7122999315086683,0.3384193364242871,0.4399805827743853,0.5979807061899549,0.5142012940582728,0.5506605763784594,0.1221470276265178,0.1764238571785311,0.1479051156907494,0.4534504804121284,0.4591042182441102,0.3321146908352806,0.76,30449
0,0,0.6407610076381495,-0.2896312917778125,0.0510803894426436,-0.8516609922317621,0.132484428370131,0.5715371617460968,0.0541864731373086,-0.1417806950288363,-0.4864685772839422,0.1412870890189311,-0.0009688720422725,0.4060468917952879,0.234192265004699,0.5549974019961418,0.0140576463190273,0.3547591622186937,-0.4289470243255512,0.1273973104704045,0.0152293951960787,-0.4844704194330868,0.0027958011959606,0.1321402465769226,0.0524971529590221,0.9985628949714308,0.1299663533732784,0.000840779142992,0.8886985284243151,0.0002029185103068,0.0655687867978563,0.744738069547906,0.2297179975755858,0.3392542327168591,0.5052206273191041,0.3879438869616712,0.7122999315086683,0.3384193364242871,0.4399805827743853,0.5979807061899549,0.5142012940582728,0.5506605763784594,0.1221470276265178,0.1764238571785311,0.1479051156907494,0.4534504804121284,0.4591042182441102,0.3321146908352806,0.76,30459
0,0,0.6407610076381495,-0.2896312917778125,0.0510803894426436,-0.8516609922317621,0.132484428370131,0.5715371617460968,0.0541864731373086,-0.1417806950288363,-0.4864685772839422,0.1412870890189311,-0.0009688720422725,0.4060468917952879,0.234192265004699,0.5549974019961418,0.0140576463190273,0.3547591622186937,-0.4289470243255512,0.1273973104704045,0.0152293951960787,-0.4844704194330868,0.0027958011959606,0.1321402465769226,0.0524971529590221,0.9985628949714308,0.1299663533732784,0.000840779142992,0.8886985284243151,0.0002029185103068,0.0655687867978563,0.744738069547906,0.2297179975755858,0.3392542327168591,0.5052206273191041,0.3879438869616712,0.7122999315086683,0.3384193364242871,0.4399805827743853,0.5979807061899549,0.5142012940582728,0.5506605763784594,0.1221470276265178,0.1764238571785311,0.1479051156907494,0.4534504804121284,0.4591042182441102,0.3321146908352806,0.76,30470
0,0,0.6407610076381495,-0.2896312917778125,0.0510803894426436,-0.8516609922317621,0.132484428370131,0.5715371617460968,0.0541864731373086,-0.1417806950288363,-0.4864685772839422,0.1412870890189311,-0.0009688720422725,0.4060468917952879,0.234192265004699,0.5549974019961418,0.0140576463190273,0.3547591622186937,-0.4289470243255512,0.1273973104704045,0.0152293951960787,-0.4844704194330868,0.0027958011959606,0.1321402465769226,0.0524971529590221,0.9985628949714308,0.1299663533732784,0.000840779142992,0.8886985284243151,0.0002029185103068,0.0655687867978563,0.744738069547906,0.2297179975755858,0.3392542327168591,0.5052206273191041,0.3879438869616712,0.7122999315086683,0.3384193364242871,0.4399805827743853,0.5979807061899549,0.5142012940582728,0.5506605763784594,0.1221470276265178,0.1764238571785311,0.1479051156907494,0.4534504804121284,0.4591042182441102,0.3321146908352806,0.76,30480
0,0,0.6407610076381495,-0.2896312917778125,0.0510803894426436,-0.8516609922317621,0.132484428370131,0.5715371617460968,0.0541864731373086,-0.1417806950288363,-0.4864685772839422,0.1412870890189311,-0.0009688720422725,0.4060468917952879,0.234192265004699,0.5549974019961418,0.0140576463190273,0.3547591622186937,-0.4289470243255512,0.1273973104704045,0.0152293951960787,-0.4844704194330868,0.0027958011959606,0.1321402465769226,0.0524971529590221,0.9985628949714308,0.1299663533732784,0.000840779142992,0.8886985284243151,0.0002029185103068,0.0655687867978563,0.744738069547906,0.2297179975755858,0.3392542327168591,0.5052206273191041,0.3879438869616712,0.7122999315086683,0.3384193364242871,0.4399805827743853,0.5979807061899549,0.5142012940582728,0.5506605763784594,0.1221470276265178,0.1764238571785311,0.1479051156907494,0.4534504804121284,0.4591042182441102,0.3321146908352806,0.76,30490
0,0,0.6407610076381495,-0.2896312917778125,0.0510803894426436,-0.8516609922317621,0.132484428370131,0.5715371617460968,0.0541864731373086,-0.1417806950288363,-0.4864685772839422,0.1412870890189311,-0.0009688720422725,0.4060468917952879,0.234192265004699,0.5549974019961418,0.0140576463190273,0.3547591622186937,-0.4289470243255512,0.1273973104704045,0.0152293951960787,-0.4844704194330868,0.0027958011959606,0.1321402465769226,0.0524971529590221,0.9985628949714308,0.1299663533732784,0.000840779142992,0.8886985284243151,0.0002029185103068,0.0655687867978563,0.744738069547906,0.2297179975755858,0.3392542327168591,0.5052206273191041,0.3879438869616712,0.7122999315086683,0.3384193364242871,0.4399805827743853,0.5979807061899549,0.5142012940582728,0.5506605763784594,0.1221470276265178,0.1764238571785311,0.1479051156907494,0.4534504804121284,0.4591042182441102,0.3321146908352806,0.76,30500
0,0,0.6407610076381495,-0.2896312917778125,0.0510803894426436,-0.8516609922317621,0.132484428370131,0.5715371617460968,0.0541864731373086,-0.1417806950288363,-0.4864685772839422,0.1412870890189311,-0.0009688720422725,0.4060468917952879,0.234192265004699,0.5549974019961418,0.0140576463190273,0.3547591622186937,-0.4289470243255512,0.1273973104704045,0.0152293951960787,-0.4844704194330868,0.0027958011959606,0.1321402465769226,0.0524971529590221,0.9985628949714308,0.1299663533732784,0.000840779142992,0.8886985284243151,0.0002029185103068,0.0655687867978563,0.744738069547906,0.2297179975755858,0.3392542327168591,0.5052206273191041,0.3879438869616712,0.7122999315086683,0.3384193364242871,0.4399805827743853,0.5979807061899549,0.5142012940582728,0.5506605763784594,0.1221470276265178,0.1764238571785311,0.1479051156907494,0.4534504804121284,0.4591042182441102,0.3321146908352806,0.76,30510
0,0,0.6407610076381495,-0.2896312917778125,0.0510803894426436,-0.8516609922317621,0.132484428370131,0.5715371617460968,0.0541864731373086,-0.1417806950288363,-0.4864685772839422,0.1412870890189311,-0.0009688720422725,0.4060468917952879,0.234192265004699,0.5549974019961418,0.0140576463190273,0.3547591622186937,-0.4289470243255512,0.1273973104704045,0.0152293951960787,-0.4844704194330868,0.0027958011959606,0.1321402465769226,0.0524971529590221,0.9985628949714308,0.1299663533732784,0.000840779142992,0.8886985284243151,0.0002029185103068,0.0655687867978563,0.744738069547906,0.2297179975755858,0.3392542327168591,0.5052206273191041,0.3879438869616712,0.7122999315086683,0.3384193364242871,0.4399805827743853,0.5979807061899549,0.5142012940582728,0.5506605763784594,0.1221470276265178,0.1764238571785311,0.1479051156907494,0.4534504804121284,0.4591042182441102,0.3321146908352806,0.76,30520
0,0,0.6407610076381495,-0.2896312917778125,0.0510803894426436,-0.8516609922317621,0.132484428370131,0.5715371617460968,0.0541864731373086,-0.1417806950288363,-0.4864685772839422,0.1412870890189311,-0.0009688720422725,0.4060468917952879,0.234192265004699,0.5549974019961418,0.0140576463190273,0.3547591622186937,-0.4289470243255512,0.1273973104704045,0.0152293951960787,-0.4844704194330868,0.0027958011959606,0.1321402465769226,0.0524971529590221,0.9985628949714308,0.1299663533732784,0.000840779142992,0.8886985284243151,0.0002029185103068,0.0655687867978563,0.744738069547906,0.2297179975755858,0.3392542327168591,0.5052206273191041,0.3879438869616712,0.7122999315086683,0.3384193364242871,0.4399805827743853,0.5979807061899549,0.5142012940582728,0.5506605763784594,0.1221470276265178,0.1764238571785311,0.1479051156907494,0.4534504804121284,0.4591042182441102,0.3321146908352806,0.76,30531
0,0,0.6407610076381495,-0.2896312917778125,0.0510803894426436,-0.8516609922317621,0.132484428370131,0.5715371617460968,0.0541864731373086,-0.1417806950288363,-0.4864685772839422,0.1412870890189311,-0.0009688720422725,0.4060468917952879,0.234192265004699,0.5549974019961418,0.0140576463190273,0.3547591622186937,-0.4289470243255512,0.1273973104704045,0.0152293951960787,-0.4844704194330868,0.0027958011959606,0.1321402465769226,0.0524971529590221,0.9985628949714308,0.1299663533732784,0.000840779142992,0.8886985284243151,0.0002029185103068,0.0655687867978563,0.744738069547906,0.2297179975755858,0.3392542327168591,0.5052206273191041,0.3879438869616712,0.7122999315086683,0.3384193364242871,0.4399805827743853,0.5979807061899549,0.5142012940582728,0.5506605763784594,0.1221470276265178,0.1764238571785311,0.1479051156907494,0.4534504804121284,0.4591042182441102,0.3321146908352806,0.76,30542
0,0,0.6407610076381495,-0.2896312917778125,0.0510803894426436,-0.8516609922317621,0.132484428370131,0.5715371617460968,0.0541864731373086,-0.1417806950288363,-0.4864685772839422,0.1412870890189311,-0.0009688720422725,0.4060468917952879,0.234192265004699,0.5549974019961418,0.0140576463190273,0.3547591622186937,-0.4289470243255512,0.1273973104704045,0.0152293951960787,-0.4844704194330868,0.0027958011959606,0.1321402465769226,0.0524971529590221,0.9985628949714308,0.1299663533732784,0.000840779142992,0.8886985284243151,0.0002029185103068,0.0655687867978563,0.744738069547906,0.2297179975755858,0.3392542327168591,0.5052206273191041,0.3879438869616712,0.7122999315086683,0.3384193364242871,0.4399805827743853,0.5979807061899549,0.5142012940582728,0.5506605763784594,0.1221470276265178,0.1764238571785311,0.1479051156907494,0.4534504804121284,0.4591042182441102,0.3321146908352806,0.76,30553
0,0,0.6407610076381495,-0.2896312917778125,0.0510803894426436,-0.8516609922317621,0.132484428370131,0.5715371617460968,0.0541864731373086,-0.1417806950288363,-0.4864685772839422,0.1412870890189311,-0.0009688720422725,0.4060468917952879,0.234192265004699,0.5549974019961418,0.0140576463190273,0.3547591622186937,-0.4289470243255512,0.1273973104704045,0.0152293951960787,-0.4844704194330868,0.0027958011959606,0.1321402465769226,0.0524971529590221,0.9985628949714308,0.1299663533732784,0.000840779142992,0.8886985284243151,0.0002029185103068,0.0655687867978563,0.744738069547906,0.2297179975755858,0.3392542327168591,0.5052206273191041,0.3879438869616712,0.7122999315086683,0.3384193364242871,0.4399805827743853,0.5979807061899549,0.5142012940582728,0.5506605763784594,0.1221470276265178,0.1764238571785311,0.1479051156907494,0.4534504804121284,0.4591042182441102,0.3321146908352806,0.76,30563
0,0,0.6407610076381495,-0.2896312917778125,0.0510803894426436,-0.8516609922317621,0.132484428370131,0.5715371617460968,0.0541864731373086,-0.1417806950288363,-0.4864685772839422,0.1412870890189311,-0.0009688720422725,0.4060468917952879,0.234192265004699,0.5549974019961418,0.0140576463190273,0.3547591622186937,-0.4289470243255512,0.1273973104704045,0.0152293951960787,-0.4844704194330868,0.0027958011959606,0.1321402465769226,0.0524971529590221,0.9985628949714308,0.1299663533732784,0.000840779142992,0.8886985284243151,0.0002029185103068,0.0655687867978563,0.744738069547906,0.2297179975755858,0.3392542327168591,0.5052206273191041,0.3879438869616712,0.7122999315086683,0.3384193364242871,0.4399805827743853,0.5979807061899549,0.5142012940582728,0.5506605763784594,0.1221470276265178,0.1764238571785311,0.1479051156907494,0.4534504804121284,0.4591042182441102,0.3321146908352806,0.76,30582
0,0,0.6407610076381495,-0.2896312917778125,0.0510803894426436,-0.8516609922317621,0.132484428370131,0.5715371617460968,0.0541864731373086,-0.1417806950288363,-0.4864685772839422,0.1412870890189311,-0.0009688720422725,0.4060468917952879,0.234192265004699,0.5549974019961418,0.0140576463190273,0.3547591622186937,-0.4289470243255512,0.1273973104704045,0.0152293951960787,-0.4844704194330868,0.0027958011959606,0.1321402465769226,0.0524971529590221,0.9985628949714308,0.1299663533732784,0.000840779142992,0.8886985284243151,0.0002029185103068,0.0655687867978563,0.744738069547906,0.2297179975755858,0.3392542327168591,0.5052206273191041,0.3879438869616712,0.7122999315086683,0.3384193364242871,0.4399805827743853,0.5979807061899549,0.5142012940582728,0.5506605763784594,0.1221470276265178,0.1764238571785311,0.1479051156907494,0.4534504804121284,0.4591042182441102,0.3321146908352806,0.76,30592
0,0,0.6407610076381495,-0.2896312917778125,0.0510803894426436,-0.8516609922317621,0.132484428370131,0.5715371617460968,0.0541864731373086,-0.1417806950288363,-0.4864685772839422,0.1412870890189311,-0.0009688720422725,0.4060468917952879,0.234192265004699,0.5549974019961418,0.0140576463190273,0.3547591622186937,-0.4289470243255512,0.1273973104704045,0.0152293951960787,-0.4844704194330868,0.0027958011959606,0.1321402465769226,0.0524971529590221,0.9985628949714308,0.1299663533732784,0.000840779142992,0.8886985284243151,0.0002029185103068,0.0655687867978563,0.744738069547906,0.2297179975755858,0.3392542327168591,0.5052206273191041,0.3879438869616712,0.7122999315086683,0.3384193364242871,0.4399805827743853,0.5979807061899549,0.5142012940582728,0.5506605763784594,0.1221470276265178,0.1764238571785311,0.1479051156907494,0.4534504804121284,0.4591042182441102,0.3321146908352806,0.76,30603
0,0,0.6407610076381495,-0.2896312917778125,0.0510803894426436,-0.8516609922317621,0.132484428370131,0.5715371617460968,0.0541864731373086,-0.1417806950288363,-0.4864685772839422,0.1412870890189311,-0.0009688720422725,0.4060468917952879,0.234192265004699,0.5549974019961418,0.0140576463190273,0.3547591622186937,-0.4289470243255512,0.1273973104704045,0.0152293951960787,-0.4844704194330868,0.0027958011959606,0.1321402465769226,0.0524971529590221,0.9985628949714308,0.1299663533732784,0.000840779142992,0.8886985284243151,0.0002029185103068,0.0655687867978563,0.744738069547906,0.2297179975755858,0.3392542327168591,0.5052206273191041,0.3879438869616712,0.7122999315086683,0.3384193364242871,0.4399805827743853,0.5979807061899549,0.5142012940582728,0.5506605763784594,0.1221470276265178,0.1764238571785311,0.1479051156907494,0.4534504804121284,0.4591042182441102,0.3321146908352806,0.76,30614
0,0,0.6407610076381495,-0.2896312917778125,0.0510803894426436,-0.8516609922317621,0.132484428370131,0.5715371617460968,0.0541864731373086,-0.1417806950288363,-0.4864685772839422,0.1412870890189311,-0.0009688720422725,0.4060468917952879,0.234192265004699,0.5549974019961418,0.0140576463190273,0.3547591622186937,-0.4289470243255512,0.1273973104704045,0.0152293951960787,-0.4844704194330868,0.0027958011959606,0.1321402465769226,0.0524971529590221,0.9985628949714308,0.1299663533732784,0.000840779142992,0.8886985284243151,0.0002029185103068,0.0655687867978563,0.744738069547906,0.2297179975755858,0.3392542327168591,0.5052206273191041,0.3879438869616712,0.7122999315086683,0.3384193364242871,0.4399805827743853,0.5979807061899549,0.5142012940582728,0.5506605763784594,0.1221470276265178,0.1764238571785311,0.1479051156907494,0.4534504804121284,0.4591042182441102,0.3321146908352806,0.76,30624
0,0,0.6407610076381495,-0.2896312917778125,0.0510803894426436,-0.8516609922317621,0.132484428370131,0.5715371617460968,0.0541864731373086,-0.1417806950288363,-0.4864685772839422,0.1412870890189311,-0.0009688720422725,0.4060468917952879,0.234192265004699,0.5549974019961418,0.0140576463190273,0.3547591622186937,-0.4289470243255512,0.1273973104704045,0.0152293951960787,-0.4844704194330868,0.0027958011959606,0.1321402465769226,0.0524971529590221,0.9985628949714308,0.1299663533732784,0.000840779142992,0.8886985284243151,0.0002029185103068,0.0655687867978563,0.744738069547906,0.2297179975755858,0.3392542327168591,0.5052206273191041,0.3879438869616712,0.7122999315086683,0.3384193364242871,0.4399805827743853,0.5979807061899549,0.5142012940582728,0.5506605763784594,0.1221470276265178,0.1764238571785311,0.1479051156907494,0.4534504804121284,0.4591042182441102,0.3321146908352806,0.76,30641
0,0,0.6407610076381495,-0.2896312917778125,0.0510803894426436,-0.8516609922317621,0.132484428370131,0.5715371617460968,0.0541864731373086,-0.1417806950288363,-0.4864685772839422,0.1412870890189311,-0.0009688720422725,0.4060468917952879,0.234192265004699,0.5549974019961418,0.0140576463190273,0.3547591622186937,-0.4289470243255512,0.1273973104704045,0.0152293951960787,-0.4844704194330868,0.0027958011959606,0.1321402465769226,0.0524971529590221,0.9985628949714308,0.1299663533732784,0.000840779142992,0.8886985284243151,0.0002029185103068,0.0655687867978563,0.744738069547906,0.2297179975755858,0.3392542327168591,0.5052206273191041,0.3879438869616712,0.7122999315086683,0.3384193364242871,0.4399805827743853,0.5979807061899549,0.5142012940582728,0.5506605763784594,0.1221470276265178,0.1764238571785311,0.1479051156907494,0.4534504804121284,0.4591042182441102,0.3321146908352806,0.76,30660
0,0,0.6407610076381495,-0.2896312917778125,0.0510803894426436,-0.8516609922317621,0.132484428370131,0.5715371617460968,0.0541864731373086,-0.1417806950288363,-0.4864685772839422,0.1412870890189311,-0.0009688720422725,0.4060468917952879,0.234192265004699,0.5549974019961418,0.0140576463190273,0.3547591622186937,-0.4289470243255512,0.1273973104704045,0.0152293951960787,-0.4844704194330868,0.0027958011959606,0.1321402465769226,0.0524971529590221,0.9985628949714308,0.1299663533732784,0.000840779142992,0.8886985284243151,0.0002029185103068,0.0655687867978563,0.744738069547906,0.2297179975755858,0.3392542327168591,0.5052206273191041,0.3879438869616712,0.7122999315086683,0.3384193364242871,0.4399805827743853,0.5979807061899549,0.5142012940582728,0.5506605763784594,0.1221470276265178,0.1764238571785311,0.1479051156907494,0.4534504804121284,0.4591042182441102,0.3321146908352806,0.76,30671
0,0,0.6407610076381495,-0.2896312917778125,0.0510803894426436,-0.8516609922317621,0.132484428370131,0.5715371617460968,0.0541864731373086,-0.1417806950288363,-0.4864685772839422,0.1412870890189311,-0.0009688720422725,0.4060468917952879,0.234192265004699,0.5549974019961418,0.0140576463190273,0.3547591622186937,-0.4289470243255512,0.1273973104704045,0.0152293951960787,-0.4844704194330868,0.0027958011959606,0.1321402465769226,0.0524971529590221,0.9985628949714308,0.1299663533732784,0.000840779142992,0.8886985284243151,0.0002029185103068,0.0655687867978563,0.744738069547906,0.2297179975755858,0.3392542327168591,0.5052206273191041,0.3879438869616712,0.7122999315086683,0.3384193364242871,0.4399805827743853,0.5979807061899549,0.5142012940582728,0.5506605763784594,0.1221470276265178,0.1764238571785311,0.1479051156907494,0.4534504804121284,0.4591042182441102,0.3321146908352806,0.76,30682
0,0,0.6407610076381495,-0.2896312917778125,0.0510803894426436,-0.8516609922317621,0.132484428370131,0.5715371617460968,0.0541864731373086,-0.1417806950288363,-0.4864685772839422,0.1412870890189311,-0.0009688720422725,0.4060468917952879,0.234192265004699,0.5549974019961418,0.0140576463190273,0.3547591622186937,-0.4289470243255512,0.1273973104704045,0.0152293951960787,-0.4844704194330868,0.0027958011959606,0.1321402465769226,0.0524971529590221,0.9985628949714308,0.1299663533732784,0.000840779142992,0.8886985284243151,0.0002029185103068,0.0655687867978563,0.744738069547906,0.2297179975755858,0.3392542327168591,0.5052206273191041,0.3879438869616712,0.7122999315086683,0.3384193364242871,0.4399805827743853,0.5979807061899549,0.5142012940582728,0.5506605763784594,0.1221470276265178,0.1764238571785311,0.1479051156907494,0.4534504804121284,0.4591042182441102,0.3321146908352806,0.76,30693
0,0,0.6407610076381495,-0.2896312917778125,0.0510803894426436,-0.8516609922317621,0.132484428370131,0.5715371617460968,0.0541864731373086,-0.1417806950288363,-0.4864685772839422,0.1412870890189311,-0.0009688720422725,0.4060468917952879,0.234192265004699,0.5549974019961418,0.0140576463190273,0.3547591622186937,-0.4289470243255512,0.1273973104704045,0.0152293951960787,-0.4844704194330868,0.0027958011959606,0.1321402465769226,0.0524971529590221,0.9985628949714308,0.1299663533732784,0.000840779142992,0.8886985284243151,0.0002029185103068,0.0655687867978563,0.744738069547906,0.2297179975755858,0.3392542327168591,0.5052206273191041,0.3879438869616712,0.7122999315086683,0.3384193364242871,0.4399805827743853,0.5979807061899549,0.5142012940582728,0.5506605763784594,0.1221470276265178,0.1764238571785311,0.1479051156907494,0.4534504804121284,0.4591042182441102,0.3321146908352806,0.76,30704
0,0,0.6407610076381495,-0.2896312917778125,0.0510803894426436,-0.8516609922317621,0.132484428370131,0.5715371617460968,0.0541864731373086,-0.1417806950288363,-0.4864685772839422,0.1412870890189311,-0.0009688720422725,0.4060468917952879,0.234192265004699,0.5549974019961418,0.0140576463190273,0.3547591622186937,-0.4289470243255512,0.1273973104704045,0.0152293951960787,-0.4844704194330868,0.0027958011959606,0.1321402465769226,0.0524971529590221,0.9985628949714308,0.1299663533732784,0.000840779142992,0.8886985284243151,0.0002029185103068,0.0655687867978563,0.744738069547906,0.2297179975755858,0.3392542327168591,0.5052206273191041,0.3879438869616712,0.7122999315086683,0.3384193364242871,0.4399805827743853,0.5979807061899549,0.5142012940582728,0.5506605763784594,0.1221470276265178,0.1764238571785311,0.1479051156907494,0.4534504804121284,0.4591042182441102,0.3321146908352806,0.76,30714
0,0,0.6407610076381495,-0.2896312917778125,0.0510803894426436,-0.8516609922317621,0.132484428370131,0.5715371617460968,0.0541864731373086,-0.1417806950288363,-0.4864685772839422,0.1412870890189311,-0.0009688720422725,0.4060468917952879,0.234192265004699,0.5549974019961418,0.0140576463190273,0.3547591622186937,-0.4289470243255512,0.1273973104704045,0.0152293951960787,-0.4844704194330868,0.0027958011959606,0.1321402465769226,0.0524971529590221,0.9985628949714308,0.1299663533732784,0.000840779142992,0.8886985284243151,0.0002029185103068,0.0655687867978563,0.744738069547906,0.2297179975755858,0.3392542327168591,0.5052206273191041,0.3879438869616712,0.7122999315086683,0.3384193364242871,0.4399805827743853,0.5979807061899549,0.5142012940582728,0.5506605763784594,0.1221470276265178,0.1764238571785311,0.1479051156907494,0.4534504804121284,0.4591042182441102,0.3321146908352806,0.76,30733
0,0,0.6407610076381495,-0.2896312917778125,0.0510803894426436,-0.8516609922317621,0.132484428370131,0.5715371617460968,0.0541864731373086,-0.1417806950288363,-0.4864685772839422,0.1412870890189311,-0.0009688720422725,0.4060468917952879,0.234192265004699,0.5549974019961418,0.0140576463190273,0.3547591622186937,-0.4289470243255512,0.1273973104704045,0.0152293951960787,-0.4844704194330868,0.0027958011959606,0.1321402465769226,0.0524971529590221,0.9985628949714308,0.1299663533732784,0.000840779142992,0.8886985284243151,0.0002029185103068,0.0655687867978563,0.744738069547906,0.2297179975755858,0.3392542327168591,0.5052206273191041,0.3879438869616712,0.7122999315086683,0.3384193364242871,0.4399805827743853,0.5979807061899549,0.5142012940582728,0.5506605763784594,0.1221470276265178,0.1764238571785311,0.1479051156907494,0.4534504804121284,0.4591042182441102,0.3321146908352806,0.76,30752
0,0,0.6407610076381495,-0.2896312917778125,0.0510803894426436,-0.8516609922317621,0.132484428370131,0.5715371617460968,0.0541864731373086,-0.1417806950288363,-0.4864685772839422,0.1412870890189311,-0.0009688720422725,0.4060468917952879,0.234192265004699,0.5549974019961418,0.0140576463190273,0.3547591622186937,-0.4289470243255512,0.1273973104704045,0.0152293951960787,-0.4844704194330868,0.0027958011959606,0.1321402465769226,0.0524971529590221,0.9985628949714308,0.1299663533732784,0.000840779142992,0.8886985284243151,0.0002029185103068,0.0655687867978563,0.744738069547906,0.2297179975755858,0.3392542327168591,0.5052206273191041,0.3879438869616712,0.7122999315086683,0.3384193364242871,0.4399805827743853,0.5979807061899549,0.5142012940582728,0.5506605763784594,0.1221470276265178,0.1764238571785311,0.1479051156907494,0.4534504804121284,0.4591042182441102,0.3321146908352806,0.76,30762
0,0,0.6407610076381495,-0.2896312917778125,0.0510803894426436,-0.8516609922317621,0.132484428370131,0.5715371617460968,0.0541864731373086,-0.1417806950288363,-0.4864685772839422,0.1412870890189311,-0.0009688720422725,0.4060468917952879,0.234192265004699,0.5549974019961418,0.0140576463190273,0.3547591622186937,-0.4289470243255512,0.1273973104704045,0.0152293951960787,-0.4844704194330868,0.0027958011959606,0.1321402465769226,0.0524971529590221,0.9985628949714308,0.1299663533732784,0.000840779142992,0.8886985284243151,0.0002029185103068,0.0655687867978563,0.744738069547906,0.2297179975755858,0.3392542327168591,0.5052206273191041,0.3879438869616712,0.7122999315086683,0.3384193364242871,0.4399805827743853,0.5979807061899549,0.5142012940582728,0.5506605763784594,0.1221470276265178,0.1764238571785311,0.1479051156907494,0.4534504804121284,0.4591042182441102,0.3321146908352806,0.76,30772
0,0,0.6407610076381495,-0.2896312917778125,0.0510803894426436,-0.8516609922317621,0.132484428370131,0.5715371617460968,0.0541864731373086,-0.1417806950288363,-0.4864685772839422,0.1412870890189311,-0.0009688720422725,0.4060468917952879,0.234192265004699,0.5549974019961418,0.0140576463190273,0.3547591622186937,-0.4289470243255512,0.1273973104704045,0.0152293951960787,-0.4844704194330868,0.0027958011959606,0.1321402465769226,0.0524971529590221,0.9985628949714308,0.1299663533732784,0.000840779142992,0.8886985284243151,0.0002029185103068,0.0655687867978563,0.744738069547906,0.2297179975755858,0.3392542327168591,0.5052206273191041,0.3879438869616712,0.7122999315086683,0.3384193364242871,0.4399805827743853,0.5979807061899549,0.5142012940582728,0.5506605763784594,0.1221470276265178,0.1764238571785311,0.1479051156907494,0.4534504804121284,0.4591042182441102,0.3321146908352806,0.76,30782
0,0,0.6407610076381495,-0.2896312917778125,0.0510803894426436,-0.8516609922317621,0.132484428370131,0.5715371617460968,0.0541864731373086,-0.1417806950288363,-0.4864685772839422,0.1412870890189311,-0.0009688720422725,0.4060468917952879,0.234192265004699,0.5549974019961418,0.0140576463190273,0.3547591622186937,-0.4289470243255512,0.1273973104704045,0.0152293951960787,-0.4844704194330868,0.0027958011959606,0.1321402465769226,0.0524971529590221,0.9985628949714308,0.1299663533732784,0.000840779142992,0.8886985284243151,0.0002029185103068,0.0655687867978563,0.744738069547906,0.2297179975755858,0.3392542327168591,0.5052206273191041,0.3879438869616712,0.7122999315086683,0.3384193364242871,0.4399805827743853,0.5979807061899549,0.5142012940582728,0.5506605763784594,0.1221470276265178,0.1764238571785311,0.1479051156907494,0.4534504804121284,0.4591042182441102,0.3321146908352806,0.76,30792
0,0,0.6407610076381495,-0.2896312917778125,0.0510803894426436,-0.8516609922317621,0.132484428370131,0.5715371617460968,0.0541864731373086,-0.1417806950288363,-0.4864685772839422,0.1412870890189311,-0.0009688720422725,0.4060468917952879,0.234192265004699,0.5549974019961418,0.0140576463190273,0.3547591622186937,-0.4289470243255512,0.1273973104704045,0.0152293951960787,-0.4844704194330868,0.0027958011959606,0.1321402465769226,0.0524971529590221,0.9985628949714308,0.1299663533732784,0.000840779142992,0.8886985284243151,0.0002029185103068,0.0655687867978563,0.744738069547906,0.2297179975755858,0.3392542327168591,0.5052206273191041,0.3879438869616712,0.7122999315086683,0.3384193364242871,0.4399805827743853,0.5979807061899549,0.5142012940582728,0.5506605763784594,0.1221470276265178,0.1764238571785311,0.1479051156907494,0.4534504804121284,0.4591042182441102,0.3321146908352806,0.76,30803
0,0,0.6407610076381495,-0.2896312917778125,0.0510803894426436,-0.8516609922317621,0.132484428370131,0.5715371617460968,0.0541864731373086,-0.1417806950288363,-0.4864685772839422,0.1412870890189311,-0.0009688720422725,0.4060468917952879,0.234192265004699,0.5549974019961418,0.0140576463190273,0.3547591622186937,-0.4289470243255512,0.1273973104704045,0.0152293951960787,-0.4844704194330868,0.0027958011959606,0.1321402465769226,0.0524971529590221,0.9985628949714308,0.1299663533732784,0.000840779142992,0.8886985284243151,0.0002029185103068,0.0655687867978563,0.744738069547906,0.2297179975755858,0.3392542327168591,0.5052206273191041,0.3879438869616712,0.7122999315086683,0.3384193364242871,0.4399805827743853,0.5979807061899549,0.5142012940582728,0.5506605763784594,0.1221470276265178,0.1764238571785311,0.1479051156907494,0.4534504804121284,0.4591042182441102,0.3321146908352806,0.76,30813
0,0,0.6407610076381495,-0.2896312917778125,0.0510803894426436,-0.8516609922317621,0.132484428370131,0.5715371617460968,0.0541864731373086,-0.1417806950288363,-0.4864685772839422,0.1412870890189311,-0.0009688720422725,0.4060468917952879,0.234192265004699,0.5549974019961418,0.0140576463190273,0.3547591622186937,-0.4289470243255512,0.1273973104704045,0.0152293951960787,-0.4844704194330868,0.0027958011959606,0.1321402465769226,0.0524971529590221,0.9985628949714308,0.1299663533732784,0.000840779142992,0.8886985284243151,0.0002029185103068,0.0655687867978563,0.744738069547906,0.2297179975755858,0.3392542327168591,0.5052206273191041,0.3879438869616712,0.7122999315086683,0.3384193364242871,0.4399805827743853,0.5979807061899549,0.5142012940582728,0.5506605763784594,0.1221470276265178,0.1764238571785311,0.1479051156907494,0.4534504804121284,0.4591042182441102,0.3321146908352806,0.76,30823
0,0,0.6407610076381495,-0.2896312917778125,0.0510803894426436,-0.8516609922317621,0.132484428370131,0.5715371617460968,0.0541864731373086,-0.1417806950288363,-0.4864685772839422,0.1412870890189311,-0.0009688720422725,0.4060468917952879,0.234192265004699,0.5549974019961418,0.0140576463190273,0.3547591622186937,-0.4289470243255512,0.1273973104704045,0.0152293951960787,-0.4844704194330868,0.0027958011959606,0.1321402465769226,0.0524971529590221,0.9985628949714308,0.1299663533732784,0.000840779142992,0.8886985284243151,0.0002029185103068,0.0655687867978563,0.744738069547906,0.2297179975755858,0.3392542327168591,0.5052206273191041,0.3879438869616712,0.7122999315086683,0.3384193364242871,0.4399805827743853,0.5979807061899549,0.5142012940582728,0.5506605763784594,0.1221470276265178,0.1764238571785311,0.1479051156907494,0.4534504804121284,0.4591042182441102,0.3321146908352806,0.76,30833
0,0,0.6407610076381495,-0.2896312917778125,0.0510803894426436,-0.8516609922317621,0.132484428370131,0.5715371617460968,0.0541864731373086,-0.1417806950288363,-0.4864685772839422,0.1412870890189311,-0.0009688720422725,0.4060468917952879,0.234192265004699,0.5549974019961418,0.0140576463190273,0.3547591622186937,-0.4289470243255512,0.1273973104704045,0.0152293951960787,-0.4844704194330868,0.0027958011959606,0.1321402465769226,0.0524971529590221,0.9985628949714308,0.1299663533732784,0.000840779142992,0.8886985284243151,0.0002029185103068,0.0655687867978563,0.744738069547906,0.2297179975755858,0.3392542327168591,0.5052206273191041,0.3879438869616712,0.7122999315086683,0.3384193364242871,0.4399805827743853,0.5979807061899549,0.5142012940582728,0.5506605763784594,0.1221470276265178,0.1764238571785311,0.1479051156907494,0.4534504804121284,0.4591042182441102,0.3321146908352806,0.76,30851
0,0,0.6407610076381495,-0.2896312917778125,0.0510803894426436,-0.8516609922317621,0.132484428370131,0.5715371617460968,0.0541864731373086,-0.1417806950288363,-0.4864685772839422,0.1412870890189311,-0.0009688720422725,0.4060468917952879,0.234192265004699,0.5549974019961418,0.0140576463190273,0.3547591622186937,-0.4289470243255512,0.1273973104704045,0.0152293951960787,-0.4844704194330868,0.0027958011959606,0.1321402465769226,0.0524971529590221,0.9985628949714308,0.1299663533732784,0.000840779142992,0.8886985284243151,0.0002029185103068,0.0655687867978563,0.744738069547906,0.2297179975755858,0.3392542327168591,0.5052206273191041,0.3879438869616712,0.7122999315086683,0.3384193364242871,0.4399805827743853,0.5979807061899549,0.5142012940582728,0.5506605763784594,0.1221470276265178,0.1764238571785311,0.1479051156907494,0.4534504804121284,0.4591042182441102,0.3321146908352806,0.76,30862
0,0,0.6407610076381495,-0.2896312917778125,0.0510803894426436,-0.8516609922317621,0.132484428370131,0.5715371617460968,0.0541864731373086,-0.1417806950288363,-0.4864685772839422,0.1412870890189311,-0.0009688720422725,0.4060468917952879,0.234192265004699,0.5549974019961418,0.0140576463190273,0.3547591622186937,-0.4289470243255512,0.1273973104704045,0.0152293951960787,-0.4844704194330868,0.0027958011959606,0.1321402465769226,0.0524971529590221,0.9985628949714308,0.1299663533732784,0.000840779142992,0.8886985284243151,0.0002029185103068,0.0655687867978563,0.744738069547906,0.2297179975755858,0.3392542327168591,0.5052206273191041,0.3879438869616712,0.7122999315086683,0.3384193364242871,0.4399805827743853,0.5979807061899549,0.5142012940582728,0.5506605763784594,0.1221470276265178,0.1764238571785311,0.1479051156907494,0.4534504804121284,0.4591042182441102,0.3321146908352806,0.76,30872
0,0,0.6407610076381495,-0.2896312917778125,0.0510803894426436,-0.8516609922317621,0.132484428370131,0.5715371617460968,0.0541864731373086,-0.1417806950288363,-0.4864685772839422,0.1412870890189311,-0.0009688720422725,0.4060468917952879,0.234192265004699,0.5549974019961418,0.0140576463190273,0.3547591622186937,-0.4289470243255512,0.1273973104704045,0.0152293951960787,-0.4844704194330868,0.0027958011959606,0.1321402465769226,0.0524971529590221,0.9985628949714308,0.1299663533732784,0.000840779142992,0.8886985284243151,0.0002029185103068,0.0655687867978563,0.744738069547906,0.2297179975755858,0.3392542327168591,0.5052206273191041,0.3879438869616712,0.7122999315086683,0.3384193364242871,0.4399805827743853,0.5979807061899549,0.5142012940582728,0.5506605763784594,0.1221470276265178,0.1764238571785311,0.1479051156907494,0.4534504804121284,0.4591042182441102,0.3321146908352806,0.76,30882
0,0,0.6407610076381495,-0.2896312917778125,0.0510803894426436,-0.8516609922317621,0.132484428370131,0.5715371617460968,0.0541864731373086,-0.1417806950288363,-0.4864685772839422,0.1412870890189311,-0.0009688720422725,0.4060468917952879,0.234192265004699,0.5549974019961418,0.0140576463190273,0.3547591622186937,-0.4289470243255512,0.1273973104704045,0.0152293951960787,-0.4844704194330868,0.0027958011959606,0.1321402465769226,0.0524971529590221,0.9985628949714308,0.1299663533732784,0.000840779142992,0.8886985284243151,0.0002029185103068,0.0655687867978563,0.744738069547906,0.2297179975755858,0.3392542327168591,0.5052206273191041,0.3879438869616712,0.7122999315086683,0.3384193364242871,0.4399805827743853,0.5979807061899549,0.5142012940582728,0.5506605763784594,0.1221470276265178,0.1764238571785311,0.1479051156907494,0.4534504804121284,0.4591042182441102,0.3321146908352806,0.76,30892
0,0,0.6407610076381495,-0.2896312917778125,0.0510803894426436,-0.8516609922317621,0.132484428370131,0.5715371617460968,0.0541864731373086,-0.1417806950288363,-0.4864685772839422,0.1412870890189311,-0.0009688720422725,0.4060468917952879,0.234192265004699,0.5549974019961418,0.0140576463190273,0.3547591622186937,-0.4289470243255512,0.1273973104704045,0.0152293951960787,-0.4844704194330868,0.0027958011959606,0.1321402465769226,0.0524971529590221,0.9985628949714308,0.1299663533732784,0.000840779142992,0.8886985284243151,0.0002029185103068,0.0655687867978563,0.744738069547906,0.2297179975755858,0.3392542327168591,0.5052206273191041,0.3879438869616712,0.7122999315086683,0.3384193364242871,0.4399805827743853,0.5979807061899549,0.5142012940582728,0.5506605763784594,0.1221470276265178,0.1764238571785311,0.1479051156907494,0.4534504804121284,0.4591042182441102,0.3321146908352806,0.76,30911
0,0,0.6407610076381495,-0.2896312917778125,0.0510803894426436,-0.8516609922317621,0.132484428370131,0.5715371617460968,0.0541864731373086,-0.1417806950288363,-0.4864685772839422,0.1412870890189311,-0.0009688720422725,0.4060468917952879,0.234192265004699,0.5549974019961418,0.0140576463190273,0.3547591622186937,-0.4289470243255512,0.1273973104704045,0.0152293951960787,-0.4844704194330868,0.0027958011959606,0.1321402465769226,0.0524971529590221,0.9985628949714308,0.1299663533732784,0.000840779142992,0.8886985284243151,0.0002029185103068,0.0655687867978563,0.744738069547906,0.2297179975755858,0.3392542327168591,0.5052206273191041,0.3879438869616712,0.7122999315086683,0.3384193364242871,0.4399805827743853,0.5979807061899549,0.5142012940582728,0.5506605763784594,0.1221470276265178,0.1764238571785311,0.1479051156907494,0.4534504804121284,0.4591042182441102,0.3321146908352806,0.76,30921
0,0,0.6407610076381495,-0.2896312917778125,0.0510803894426436,-0.8516609922317621,0.132484428370131,0.5715371617460968,0.0541864731373086,-0.1417806950288363,-0.4864685772839422,0.1412870890189311,-0.0009688720422725,0.4060468917952879,0.234192265004699,0.5549974019961418,0.0140576463190273,0.3547591622186937,-0.4289470243255512,0.1273973104704045,0.0152293951960787,-0.4844704194330868,0.0027958011959606,0.1321402465769226,0.0524971529590221,0.9985628949714308,0.1299663533732784,0.000840779142992,0.8886985284243151,0.0002029185103068,0.0655687867978563,0.744738069547906,0.2297179975755858,0.3392542327168591,0.5052206273191041,0.3879438869616712,0.7122999315086683,0.3384193364242871,0.4399805827743853,0.5979807061899549,0.5142012940582728,0.5506605763784594,0.1221470276265178,0.1764238571785311,0.1479051156907494,0.4534504804121284,0.4591042182441102,0.3321146908352806,0.76,30940
0,0,0.6407610076381495,-0.2896312917778125,0.0510803894426436,-0.8516609922317621,0.132484428370131,0.5715371617460968,0.0541864731373086,-0.1417806950288363,-0.4864685772839422,0.1412870890189311,-0.0009688720422725,0.4060468917952879,0.234192265004699,0.5549974019961418,0.0140576463190273,0.3547591622186937,-0.4289470243255512,0.1273973104704045,0.0152293951960787,-0.4844704194330868,0.0027958011959606,0.1321402465769226,0.0524971529590221,0.9985628949714308,0.1299663533732784,0.000840779142992,0.8886985284243151,0.0002029185103068,0.0655687867978563,0.744738069547906,0.2297179975755858,0.3392542327168591,0.5052206273191041,0.3879438869616712,0.7122999315086683,0.3384193364242871,0.4399805827743853,0.5979807061899549,0.5142012940582728,0.5506605763784594,0.1221470276265178,0.1764238571785311,0.1479051156907494,0.4534504804121284,0.4591042182441102,0.3321146908352806,0.76,30951
0,0,-0.0976570696712949,-0.303445822275788,0.209233169238088,-0.8458416987549137,0.7234433133558472,-0.089313931531811,0.8472601410846784,-0.4708006294981575,0.0374032651754032,0.324445194392836,-0.4628981922133907,0.6434600851856822,0.1073997979753935,0.635329835353113,-0.7226059432698653,0.5505577881588465,-0.7282115449352902,-0.8667151757942182,-0.0808951040765371,-0.6143292066182173,0.0056177929309577,0.1323671002735115,0.0524723563733249,0.9986710552534168,0.1312477853329777,0.0010049369521102,0.883467083976676,0.0001,0.0662591936653835,0.7427017352116702,0.1557515119199026,0.0820792614383577,0.0001116847053189,0.2211245710257516,0.181502900706033,0.186699950451062,0.7582810671655017,0.5408754305132508,0.5620981523100528,0.0279247391516672,0.1467392210682328,0.1652119951905586,0.2103584302544819,0.454546075361101,0.4469489779939055,0.142638722993584,0.85,3096
0,0,0.6407610076381495,-0.2896312917778125,0.0510803894426436,-0.8516609922317621,0.132484428370131,0.5715371617460968,0.0541864731373086,-0.1417806950288363,-0.4864685772839422,0.1412870890189311,-0.0009688720422725,0.4060468917952879,0.234192265004699,0.5549974019961418,0.0140576463190273,0.3547591622186937,-0.4289470243255512,0.1273973104704045,0.0152293951960787,-0.4844704194330868,0.0027958011959606,0.1321402465769226,0.0524971529590221,0.9985628949714308,0.1299663533732784,0.000840779142992,0.8886985284243151,0.0002029185103068,0.0655687867978563,0.744738069547906,0.2297179975755858,0.3392542327168591,0.5052206273191041,0.3879438869616712,0.7122999315086683,0.3384193364242871,0.4399805827743853,0.5979807061899549,0.5142012940582728,0.5506605763784594,0.1221470276265178,0.1764238571785311,0.1479051156907494,0.4534504804121284,0.4591042182441102,0.3321146908352806,0.76,30961
0,0,0.6407610076381495,-0.2896312917778125,0.0510803894426436,-0.8516609922317621,0.132484428370131,0.5715371617460968,0.0541864731373086,-0.1417806950288363,-0.4864685772839422,0.1412870890189311,-0.0009688720422725,0.4060468917952879,0.234192265004699,0.5549974019961418,0.0140576463190273,0.3547591622186937,-0.4289470243255512,0.1273973104704045,0.0152293951960787,-0.4844704194330868,0.0027958011959606,0.1321402465769226,0.0524971529590221,0.9985628949714308,0.1299663533732784,0.000840779142992,0.8886985284243151,0.0002029185103068,0.0655687867978563,0.744738069547906,0.2297179975755858,0.3392542327168591,0.5052206273191041,0.3879438869616712,0.7122999315086683,0.3384193364242871,0.4399805827743853,0.5979807061899549,0.5142012940582728,0.5506605763784594,0.1221470276265178,0.1764238571785311,0.1479051156907494,0.4534504804121284,0.4591042182441102,0.3321146908352806,0.76,30971
0,0,0.6407610076381495,-0.2896312917778125,0.0510803894426436,-0.8516609922317621,0.132484428370131,0.5715371617460968,0.0541864731373086,-0.1417806950288363,-0.4864685772839422,0.1412870890189311,-0.0009688720422725,0.4060468917952879,0.234192265004699,0.5549974019961418,0.0140576463190273,0.3547591622186937,-0.4289470243255512,0.1273973104704045,0.0152293951960787,-0.4844704194330868,0.0027958011959606,0.1321402465769226,0.0524971529590221,0.9985628949714308,0.1299663533732784,0.000840779142992,0.8886985284243151,0.0002029185103068,0.0655687867978563,0.744738069547906,0.2297179975755858,0.3392542327168591,0.5052206273191041,0.3879438869616712,0.7122999315086683,0.3384193364242871,0.4399805827743853,0.5979807061899549,0.5142012940582728,0.5506605763784594,0.1221470276265178,0.1764238571785311,0.1479051156907494,0.4534504804121284,0.4591042182441102,0.3321146908352806,0.76,30982
0,0,0.6407610076381495,-0.2896312917778125,0.0510803894426436,-0.8516609922317621,0.132484428370131,0.5715371617460968,0.0541864731373086,-0.1417806950288363,-0.4864685772839422,0.1412870890189311,-0.0009688720422725,0.4060468917952879,0.234192265004699,0.5549974019961418,0.0140576463190273,0.3547591622186937,-0.4289470243255512,0.1273973104704045,0.0152293951960787,-0.4844704194330868,0.0027958011959606,0.1321402465769226,0.0524971529590221,0.9985628949714308,0.1299663533732784,0.000840779142992,0.8886985284243151,0.0002029185103068,0.0655687867978563,0.744738069547906,0.2297179975755858,0.3392542327168591,0.5052206273191041,0.3879438869616712,0.7122999315086683,0.3384193364242871,0.4399805827743853,0.5979807061899549,0.5142012940582728,0.5506605763784594,0.1221470276265178,0.1764238571785311,0.1479051156907494,0.4534504804121284,0.4591042182441102,0.3321146908352806,0.76,30992
0,0,0.6407610076381495,-0.2896312917778125,0.0510803894426436,-0.8516609922317621,0.132484428370131,0.5715371617460968,0.0541864731373086,-0.1417806950288363,-0.4864685772839422,0.1412870890189311,-0.0009688720422725,0.4060468917952879,0.234192265004699,0.5549974019961418,0.0140576463190273,0.3547591622186937,-0.4289470243255512,0.1273973104704045,0.0152293951960787,-0.4844704194330868,0.0027958011959606,0.1321402465769226,0.0524971529590221,0.9985628949714308,0.1299663533732784,0.000840779142992,0.8886985284243151,0.0002029185103068,0.0655687867978563,0.744738069547906,0.2297179975755858,0.3392542327168591,0.5052206273191041,0.3879438869616712,0.7122999315086683,0.3384193364242871,0.4399805827743853,0.5979807061899549,0.5142012940582728,0.5506605763784594,0.1221470276265178,0.1764238571785311,0.1479051156907494,0.4534504804121284,0.4591042182441102,0.3321146908352806,0.76,31002
0,0,0.6407610076381495,-0.2896312917778125,0.0510803894426436,-0.8516609922317621,0.132484428370131,0.5715371617460968,0.0541864731373086,-0.1417806950288363,-0.4864685772839422,0.1412870890189311,-0.0009688720422725,0.4060468917952879,0.234192265004699,0.5549974019961418,0.0140576463190273,0.3547591622186937,-0.4289470243255512,0.1273973104704045,0.0152293951960787,-0.4844704194330868,0.0027958011959606,0.1321402465769226,0.0524971529590221,0.9985628949714308,0.1299663533732784,0.000840779142992,0.8886985284243151,0.0002029185103068,0.0655687867978563,0.744738069547906,0.2297179975755858,0.3392542327168591,0.5052206273191041,0.3879438869616712,0.7122999315086683,0.3384193364242871,0.4399805827743853,0.5979807061899549,0.5142012940582728,0.5506605763784594,0.1221470276265178,0.1764238571785311,0.1479051156907494,0.4534504804121284,0.4591042182441102,0.3321146908352806,0.76,31012
0,0,0.6407610076381495,-0.2896312917778125,0.0510803894426436,-0.8516609922317621,0.132484428370131,0.5715371617460968,0.0541864731373086,-0.1417806950288363,-0.4864685772839422,0.1412870890189311,-0.0009688720422725,0.4060468917952879,0.234192265004699,0.5549974019961418,0.0140576463190273,0.3547591622186937,-0.4289470243255512,0.1273973104704045,0.0152293951960787,-0.4844704194330868,0.0027958011959606,0.1321402465769226,0.0524971529590221,0.9985628949714308,0.1299663533732784,0.000840779142992,0.8886985284243151,0.0002029185103068,0.0655687867978563,0.744738069547906,0.2297179975755858,0.3392542327168591,0.5052206273191041,0.3879438869616712,0.7122999315086683,0.3384193364242871,0.4399805827743853,0.5979807061899549,0.5142012940582728,0.5506605763784594,0.1221470276265178,0.1764238571785311,0.1479051156907494,0.4534504804121284,0.4591042182441102,0.3321146908352806,0.76,31022
0,0,0.6407610076381495,-0.2896312917778125,0.0510803894426436,-0.8516609922317621,0.132484428370131,0.5715371617460968,0.0541864731373086,-0.1417806950288363,-0.4864685772839422,0.1412870890189311,-0.0009688720422725,0.4060468917952879,0.234192265004699,0.5549974019961418,0.0140576463190273,0.3547591622186937,-0.4289470243255512,0.1273973104704045,0.0152293951960787,-0.4844704194330868,0.0027958011959606,0.1321402465769226,0.0524971529590221,0.9985628949714308,0.1299663533732784,0.000840779142992,0.8886985284243151,0.0002029185103068,0.0655687867978563,0.744738069547906,0.2297179975755858,0.3392542327168591,0.5052206273191041,0.3879438869616712,0.7122999315086683,0.3384193364242871,0.4399805827743853,0.5979807061899549,0.5142012940582728,0.5506605763784594,0.1221470276265178,0.1764238571785311,0.1479051156907494,0.4534504804121284,0.4591042182441102,0.3321146908352806,0.76,31033
0,0,0.6407610076381495,-0.2896312917778125,0.0510803894426436,-0.8516609922317621,0.132484428370131,0.5715371617460968,0.0541864731373086,-0.1417806950288363,-0.4864685772839422,0.1412870890189311,-0.0009688720422725,0.4060468917952879,0.234192265004699,0.5549974019961418,0.0140576463190273,0.3547591622186937,-0.4289470243255512,0.1273973104704045,0.0152293951960787,-0.4844704194330868,0.0027958011959606,0.1321402465769226,0.0524971529590221,0.9985628949714308,0.1299663533732784,0.000840779142992,0.8886985284243151,0.0002029185103068,0.0655687867978563,0.744738069547906,0.2297179975755858,0.3392542327168591,0.5052206273191041,0.3879438869616712,0.7122999315086683,0.3384193364242871,0.4399805827743853,0.5979807061899549,0.5142012940582728,0.5506605763784594,0.1221470276265178,0.1764238571785311,0.1479051156907494,0.4534504804121284,0.4591042182441102,0.3321146908352806,0.76,31043
0,0,0.6407610076381495,-0.2896312917778125,0.0510803894426436,-0.8516609922317621,0.132484428370131,0.5715371617460968,0.0541864731373086,-0.1417806950288363,-0.4864685772839422,0.1412870890189311,-0.0009688720422725,0.4060468917952879,0.234192265004699,0.5549974019961418,0.0140576463190273,0.3547591622186937,-0.4289470243255512,0.1273973104704045,0.0152293951960787,-0.4844704194330868,0.0027958011959606,0.1321402465769226,0.0524971529590221,0.9985628949714308,0.1299663533732784,0.000840779142992,0.8886985284243151,0.0002029185103068,0.0655687867978563,0.744738069547906,0.2297179975755858,0.3392542327168591,0.5052206273191041,0.3879438869616712,0.7122999315086683,0.3384193364242871,0.4399805827743853,0.5979807061899549,0.5142012940582728,0.5506605763784594,0.1221470276265178,0.1764238571785311,0.1479051156907494,0.4534504804121284,0.4591042182441102,0.3321146908352806,0.76,31061
0,0,0.6407610076381495,-0.2896312917778125,0.0510803894426436,-0.8516609922317621,0.132484428370131,0.5715371617460968,0.0541864731373086,-0.1417806950288363,-0.4864685772839422,0.1412870890189311,-0.0009688720422725,0.4060468917952879,0.234192265004699,0.5549974019961418,0.0140576463190273,0.3547591622186937,-0.4289470243255512,0.1273973104704045,0.0152293951960787,-0.4844704194330868,0.0027958011959606,0.1321402465769226,0.0524971529590221,0.9985628949714308,0.1299663533732784,0.000840779142992,0.8886985284243151,0.0002029185103068,0.0655687867978563,0.744738069547906,0.2297179975755858,0.3392542327168591,0.5052206273191041,0.3879438869616712,0.7122999315086683,0.3384193364242871,0.4399805827743853,0.5979807061899549,0.5142012940582728,0.5506605763784594,0.1221470276265178,0.1764238571785311,0.1479051156907494,0.4534504804121284,0.4591042182441102,0.3321146908352806,0.76,31072
0,0,0.6407610076381495,-0.2896312917778125,0.0510803894426436,-0.8516609922317621,0.132484428370131,0.5715371617460968,0.0541864731373086,-0.1417806950288363,-0.4864685772839422,0.1412870890189311,-0.0009688720422725,0.4060468917952879,0.234192265004699,0.5549974019961418,0.0140576463190273,0.3547591622186937,-0.4289470243255512,0.1273973104704045,0.0152293951960787,-0.4844704194330868,0.0027958011959606,0.1321402465769226,0.0524971529590221,0.9985628949714308,0.1299663533732784,0.000840779142992,0.8886985284243151,0.0002029185103068,0.0655687867978563,0.744738069547906,0.2297179975755858,0.3392542327168591,0.5052206273191041,0.3879438869616712,0.7122999315086683,0.3384193364242871,0.4399805827743853,0.5979807061899549,0.5142012940582728,0.5506605763784594,0.1221470276265178,0.1764238571785311,0.1479051156907494,0.4534504804121284,0.4591042182441102,0.3321146908352806,0.76,31083
0,0,0.6407610076381495,-0.2896312917778125,0.0510803894426436,-0.8516609922317621,0.132484428370131,0.5715371617460968,0.0541864731373086,-0.1417806950288363,-0.4864685772839422,0.1412870890189311,-0.0009688720422725,0.4060468917952879,0.234192265004699,0.5549974019961418,0.0140576463190273,0.3547591622186937,-0.4289470243255512,0.1273973104704045,0.0152293951960787,-0.4844704194330868,0.0027958011959606,0.1321402465769226,0.0524971529590221,0.9985628949714308,0.1299663533732784,0.000840779142992,0.8886985284243151,0.0002029185103068,0.0655687867978563,0.744738069547906,0.2297179975755858,0.3392542327168591,0.5052206273191041,0.3879438869616712,0.7122999315086683,0.3384193364242871,0.4399805827743853,0.5979807061899549,0.5142012940582728,0.5506605763784594,0.1221470276265178,0.1764238571785311,0.1479051156907494,0.4534504804121284,0.4591042182441102,0.3321146908352806,0.76,31093
0,0,0.6407610076381495,-0.2896312917778125,0.0510803894426436,-0.8516609922317621,0.132484428370131,0.5715371617460968,0.0541864731373086,-0.1417806950288363,-0.4864685772839422,0.1412870890189311,-0.0009688720422725,0.4060468917952879,0.234192265004699,0.5549974019961418,0.0140576463190273,0.3547591622186937,-0.4289470243255512,0.1273973104704045,0.0152293951960787,-0.4844704194330868,0.0027958011959606,0.1321402465769226,0.0524971529590221,0.9985628949714308,0.1299663533732784,0.000840779142992,0.8886985284243151,0.0002029185103068,0.0655687867978563,0.744738069547906,0.2297179975755858,0.3392542327168591,0.5052206273191041,0.3879438869616712,0.7122999315086683,0.3384193364242871,0.4399805827743853,0.5979807061899549,0.5142012940582728,0.5506605763784594,0.1221470276265178,0.1764238571785311,0.1479051156907494,0.4534504804121284,0.4591042182441102,0.3321146908352806,0.76,31103
0,0,0.6407610076381495,-0.2896312917778125,0.0510803894426436,-0.8516609922317621,0.132484428370131,0.5715371617460968,0.0541864731373086,-0.1417806950288363,-0.4864685772839422,0.1412870890189311,-0.0009688720422725,0.4060468917952879,0.234192265004699,0.5549974019961418,0.0140576463190273,0.3547591622186937,-0.4289470243255512,0.1273973104704045,0.0152293951960787,-0.4844704194330868,0.0027958011959606,0.1321402465769226,0.0524971529590221,0.9985628949714308,0.1299663533732784,0.000840779142992,0.8886985284243151,0.0002029185103068,0.0655687867978563,0.744738069547906,0.2297179975755858,0.3392542327168591,0.5052206273191041,0.3879438869616712,0.7122999315086683,0.3384193364242871,0.4399805827743853,0.5979807061899549,0.5142012940582728,0.5506605763784594,0.1221470276265178,0.1764238571785311,0.1479051156907494,0.4534504804121284,0.4591042182441102,0.3321146908352806,0.76,31120
0,0,0.6407610076381495,-0.2896312917778125,0.0510803894426436,-0.8516609922317621,0.132484428370131,0.5715371617460968,0.0541864731373086,-0.1417806950288363,-0.4864685772839422,0.1412870890189311,-0.0009688720422725,0.4060468917952879,0.234192265004699,0.5549974019961418,0.0140576463190273,0.3547591622186937,-0.4289470243255512,0.1273973104704045,0.0152293951960787,-0.4844704194330868,0.0027958011959606,0.1321402465769226,0.0524971529590221,0.9985628949714308,0.1299663533732784,0.000840779142992,0.8886985284243151,0.0002029185103068,0.0655687867978563,0.744738069547906,0.2297179975755858,0.3392542327168591,0.5052206273191041,0.3879438869616712,0.7122999315086683,0.3384193364242871,0.4399805827743853,0.5979807061899549,0.5142012940582728,0.5506605763784594,0.1221470276265178,0.1764238571785311,0.1479051156907494,0.4534504804121284,0.4591042182441102,0.3321146908352806,0.76,31130
0,0,0.6407610076381495,-0.2896312917778125,0.0510803894426436,-0.8516609922317621,0.132484428370131,0.5715371617460968,0.0541864731373086,-0.1417806950288363,-0.4864685772839422,0.1412870890189311,-0.0009688720422725,0.4060468917952879,0.234192265004699,0.5549974019961418,0.0140576463190273,0.3547591622186937,-0.4289470243255512,0.1273973104704045,0.0152293951960787,-0.4844704194330868,0.0027958011959606,0.1321402465769226,0.0524971529590221,0.9985628949714308,0.1299663533732784,0.000840779142992,0.8886985284243151,0.0002029185103068,0.0655687867978563,0.744738069547906,0.2297179975755858,0.3392542327168591,0.5052206273191041,0.3879438869616712,0.7122999315086683,0.3384193364242871,0.4399805827743853,0.5979807061899549,0.5142012940582728,0.5506605763784594,0.1221470276265178,0.1764238571785311,0.1479051156907494,0.4534504804121284,0.4591042182441102,0.3321146908352806,0.76,31147
0,0,0.6407610076381495,-0.2896312917778125,0.0510803894426436,-0.8516609922317621,0.132484428370131,0.5715371617460968,0.0541864731373086,-0.1417806950288363,-0.4864685772839422,0.1412870890189311,-0.0009688720422725,0.4060468917952879,0.234192265004699,0.5549974019961418,0.0140576463190273,0.3547591622186937,-0.4289470243255512,0.1273973104704045,0.0152293951960787,-0.4844704194330868,0.0027958011959606,0.1321402465769226,0.0524971529590221,0.9985628949714308,0.1299663533732784,0.000840779142992,0.8886985284243151,0.0002029185103068,0.0655687867978563,0.744738069547906,0.2297179975755858,0.3392542327168591,0.5052206273191041,0.3879438869616712,0.7122999315086683,0.3384193364242871,0.4399805827743853,0.5979807061899549,0.5142012940582728,0.5506605763784594,0.1221470276265178,0.1764238571785311,0.1479051156907494,0.4534504804121284,0.4591042182441102,0.3321146908352806,0.76,31167
0,0,0.6407610076381495,-0.2896312917778125,0.0510803894426436,-0.8516609922317621,0.132484428370131,0.5715371617460968,0.0541864731373086,-0.1417806950288363,-0.4864685772839422,0.1412870890189311,-0.0009688720422725,0.4060468917952879,0.234192265004699,0.5549974019961418,0.0140576463190273,0.3547591622186937,-0.4289470243255512,0.1273973104704045,0.0152293951960787,-0.4844704194330868,0.0027958011959606,0.1321402465769226,0.0524971529590221,0.9985628949714308,0.1299663533732784,0.000840779142992,0.8886985284243151,0.0002029185103068,0.0655687867978563,0.744738069547906,0.2297179975755858,0.3392542327168591,0.5052206273191041,0.3879438869616712,0.7122999315086683,0.3384193364242871,0.4399805827743853,0.5979807061899549,0.5142012940582728,0.5506605763784594,0.1221470276265178,0.1764238571785311,0.1479051156907494,0.4534504804121284,0.4591042182441102,0.3321146908352806,0.76,31177
0,0,0.6407610076381495,-0.2896312917778125,0.0510803894426436,-0.8516609922317621,0.132484428370131,0.5715371617460968,0.0541864731373086,-0.1417806950288363,-0.4864685772839422,0.1412870890189311,-0.0009688720422725,0.4060468917952879,0.234192265004699,0.5549974019961418,0.0140576463190273,0.3547591622186937,-0.4289470243255512,0.1273973104704045,0.0152293951960787,-0.4844704194330868,0.0027958011959606,0.1321402465769226,0.0524971529590221,0.9985628949714308,0.1299663533732784,0.000840779142992,0.8886985284243151,0.0002029185103068,0.0655687867978563,0.744738069547906,0.2297179975755858,0.3392542327168591,0.5052206273191041,0.3879438869616712,0.7122999315086683,0.3384193364242871,0.4399805827743853,0.5979807061899549,0.5142012940582728,0.5506605763784594,0.1221470276265178,0.1764238571785311,0.1479051156907494,0.4534504804121284,0.4591042182441102,0.3321146908352806,0.76,31196
0,0,0.6407610076381495,-0.2896312917778125,0.0510803894426436,-0.8516609922317621,0.132484428370131,0.5715371617460968,0.0541864731373086,-0.1417806950288363,-0.4864685772839422,0.1412870890189311,-0.0009688720422725,0.4060468917952879,0.234192265004699,0.5549974019961418,0.0140576463190273,0.3547591622186937,-0.4289470243255512,0.1273973104704045,0.0152293951960787,-0.4844704194330868,0.0027958011959606,0.1321402465769226,0.0524971529590221,0.9985628949714308,0.1299663533732784,0.000840779142992,0.8886985284243151,0.0002029185103068,0.0655687867978563,0.744738069547906,0.2297179975755858,0.3392542327168591,0.5052206273191041,0.3879438869616712,0.7122999315086683,0.3384193364242871,0.4399805827743853,0.5979807061899549,0.5142012940582728,0.5506605763784594,0.1221470276265178,0.1764238571785311,0.1479051156907494,0.4534504804121284,0.4591042182441102,0.3321146908352806,0.76,31207
0,0,0.6407610076381495,-0.2896312917778125,0.0510803894426436,-0.8516609922317621,0.132484428370131,0.5715371617460968,0.0541864731373086,-0.1417806950288363,-0.4864685772839422,0.1412870890189311,-0.0009688720422725,0.4060468917952879,0.234192265004699,0.5549974019961418,0.0140576463190273,0.3547591622186937,-0.4289470243255512,0.1273973104704045,0.0152293951960787,-0.4844704194330868,0.0027958011959606,0.1321402465769226,0.0524971529590221,0.9985628949714308,0.1299663533732784,0.000840779142992,0.8886985284243151,0.0002029185103068,0.0655687867978563,0.744738069547906,0.2297179975755858,0.3392542327168591,0.5052206273191041,0.3879438869616712,0.7122999315086683,0.3384193364242871,0.4399805827743853,0.5979807061899549,0.5142012940582728,0.5506605763784594,0.1221470276265178,0.1764238571785311,0.1479051156907494,0.4534504804121284,0.4591042182441102,0.3321146908352806,0.76,31217
0,0,0.6407610076381495,-0.2896312917778125,0.0510803894426436,-0.8516609922317621,0.132484428370131,0.5715371617460968,0.0541864731373086,-0.1417806950288363,-0.4864685772839422,0.1412870890189311,-0.0009688720422725,0.4060468917952879,0.234192265004699,0.5549974019961418,0.0140576463190273,0.3547591622186937,-0.4289470243255512,0.1273973104704045,0.0152293951960787,-0.4844704194330868,0.0027958011959606,0.1321402465769226,0.0524971529590221,0.9985628949714308,0.1299663533732784,0.000840779142992,0.8886985284243151,0.0002029185103068,0.0655687867978563,0.744738069547906,0.2297179975755858,0.3392542327168591,0.5052206273191041,0.3879438869616712,0.7122999315086683,0.3384193364242871,0.4399805827743853,0.5979807061899549,0.5142012940582728,0.5506605763784594,0.1221470276265178,0.1764238571785311,0.1479051156907494,0.4534504804121284,0.4591042182441102,0.3321146908352806,0.76,31227
0,0,0.6407610076381495,-0.2896312917778125,0.0510803894426436,-0.8516609922317621,0.132484428370131,0.5715371617460968,0.0541864731373086,-0.1417806950288363,-0.4864685772839422,0.1412870890189311,-0.0009688720422725,0.4060468917952879,0.234192265004699,0.5549974019961418,0.0140576463190273,0.3547591622186937,-0.4289470243255512,0.1273973104704045,0.0152293951960787,-0.4844704194330868,0.0027958011959606,0.1321402465769226,0.0524971529590221,0.9985628949714308,0.1299663533732784,0.000840779142992,0.8886985284243151,0.0002029185103068,0.0655687867978563,0.744738069547906,0.2297179975755858,0.3392542327168591,0.5052206273191041,0.3879438869616712,0.7122999315086683,0.3384193364242871,0.4399805827743853,0.5979807061899549,0.5142012940582728,0.5506605763784594,0.1221470276265178,0.1764238571785311,0.1479051156907494,0.4534504804121284,0.4591042182441102,0.3321146908352806,0.76,31237
0,0,0.6407610076381495,-0.2896312917778125,0.0510803894426436,-0.8516609922317621,0.132484428370131,0.5715371617460968,0.0541864731373086,-0.1417806950288363,-0.4864685772839422,0.1412870890189311,-0.0009688720422725,0.4060468917952879,0.234192265004699,0.5549974019961418,0.0140576463190273,0.3547591622186937,-0.4289470243255512,0.1273973104704045,0.0152293951960787,-0.4844704194330868,0.0027958011959606,0.1321402465769226,0.0524971529590221,0.9985628949714308,0.1299663533732784,0.000840779142992,0.8886985284243151,0.0002029185103068,0.0655687867978563,0.744738069547906,0.2297179975755858,0.3392542327168591,0.5052206273191041,0.3879438869616712,0.7122999315086683,0.3384193364242871,0.4399805827743853,0.5979807061899549,0.5142012940582728,0.5506605763784594,0.1221470276265178,0.1764238571785311,0.1479051156907494,0.4534504804121284,0.4591042182441102,0.3321146908352806,0.76,31248
0,0,0.6407610076381495,-0.2896312917778125,0.0510803894426436,-0.8516609922317621,0.132484428370131,0.5715371617460968,0.0541864731373086,-0.1417806950288363,-0.4864685772839422,0.1412870890189311,-0.0009688720422725,0.4060468917952879,0.234192265004699,0.5549974019961418,0.0140576463190273,0.3547591622186937,-0.4289470243255512,0.1273973104704045,0.0152293951960787,-0.4844704194330868,0.0027958011959606,0.1321402465769226,0.0524971529590221,0.9985628949714308,0.1299663533732784,0.000840779142992,0.8886985284243151,0.0002029185103068,0.0655687867978563,0.744738069547906,0.2297179975755858,0.3392542327168591,0.5052206273191041,0.3879438869616712,0.7122999315086683,0.3384193364242871,0.4399805827743853,0.5979807061899549,0.5142012940582728,0.5506605763784594,0.1221470276265178,0.1764238571785311,0.1479051156907494,0.4534504804121284,0.4591042182441102,0.3321146908352806,0.76,31258
0,0,0.6407610076381495,-0.2896312917778125,0.0510803894426436,-0.8516609922317621,0.132484428370131,0.5715371617460968,0.0541864731373086,-0.1417806950288363,-0.4864685772839422,0.1412870890189311,-0.0009688720422725,0.4060468917952879,0.234192265004699,0.5549974019961418,0.0140576463190273,0.3547591622186937,-0.4289470243255512,0.1273973104704045,0.0152293951960787,-0.4844704194330868,0.0027958011959606,0.1321402465769226,0.0524971529590221,0.9985628949714308,0.1299663533732784,0.000840779142992,0.8886985284243151,0.0002029185103068,0.0655687867978563,0.744738069547906,0.2297179975755858,0.3392542327168591,0.5052206273191041,0.3879438869616712,0.7122999315086683,0.3384193364242871,0.4399805827743853,0.5979807061899549,0.5142012940582728,0.5506605763784594,0.1221470276265178,0.1764238571785311,0.1479051156907494,0.4534504804121284,0.4591042182441102,0.3321146908352806,0.76,31268
0,0,0.6407610076381495,-0.2896312917778125,0.0510803894426436,-0.8516609922317621,0.132484428370131,0.5715371617460968,0.0541864731373086,-0.1417806950288363,-0.4864685772839422,0.1412870890189311,-0.0009688720422725,0.4060468917952879,0.234192265004699,0.5549974019961418,0.0140576463190273,0.3547591622186937,-0.4289470243255512,0.1273973104704045,0.0152293951960787,-0.4844704194330868,0.0027958011959606,0.1321402465769226,0.0524971529590221,0.9985628949714308,0.1299663533732784,0.000840779142992,0.8886985284243151,0.0002029185103068,0.0655687867978563,0.744738069547906,0.2297179975755858,0.3392542327168591,0.5052206273191041,0.3879438869616712,0.7122999315086683,0.3384193364242871,0.4399805827743853,0.5979807061899549,0.5142012940582728,0.5506605763784594,0.1221470276265178,0.1764238571785311,0.1479051156907494,0.4534504804121284,0.4591042182441102,0.3321146908352806,0.76,31288
0,0,0.6407610076381495,-0.2896312917778125,0.0510803894426436,-0.8516609922317621,0.132484428370131,0.5715371617460968,0.0541864731373086,-0.1417806950288363,-0.4864685772839422,0.1412870890189311,-0.0009688720422725,0.4060468917952879,0.234192265004699,0.5549974019961418,0.0140576463190273,0.3547591622186937,-0.4289470243255512,0.1273973104704045,0.0152293951960787,-0.4844704194330868,0.0027958011959606,0.1321402465769226,0.0524971529590221,0.9985628949714308,0.1299663533732784,0.000840779142992,0.8886985284243151,0.0002029185103068,0.0655687867978563,0.744738069547906,0.2297179975755858,0.3392542327168591,0.5052206273191041,0.3879438869616712,0.7122999315086683,0.3384193364242871,0.4399805827743853,0.5979807061899549,0.5142012940582728,0.5506605763784594,0.1221470276265178,0.1764238571785311,0.1479051156907494,0.4534504804121284,0.4591042182441102,0.3321146908352806,0.76,31298
0,0,0.6407610076381495,-0.2896312917778125,0.0510803894426436,-0.8516609922317621,0.132484428370131,0.5715371617460968,0.0541864731373086,-0.1417806950288363,-0.4864685772839422,0.1412870890189311,-0.0009688720422725,0.4060468917952879,0.234192265004699,0.5549974019961418,0.0140576463190273,0.3547591622186937,-0.4289470243255512,0.1273973104704045,0.0152293951960787,-0.4844704194330868,0.0027958011959606,0.1321402465769226,0.0524971529590221,0.9985628949714308,0.1299663533732784,0.000840779142992,0.8886985284243151,0.0002029185103068,0.0655687867978563,0.744738069547906,0.2297179975755858,0.3392542327168591,0.5052206273191041,0.3879438869616712,0.7122999315086683,0.3384193364242871,0.4399805827743853,0.5979807061899549,0.5142012940582728,0.5506605763784594,0.1221470276265178,0.1764238571785311,0.1479051156907494,0.4534504804121284,0.4591042182441102,0.3321146908352806,0.76,31309
0,0,0.6407610076381495,-0.2896312917778125,0.0510803894426436,-0.8516609922317621,0.132484428370131,0.5715371617460968,0.0541864731373086,-0.1417806950288363,-0.4864685772839422,0.1412870890189311,-0.0009688720422725,0.4060468917952879,0.234192265004699,0.5549974019961418,0.0140576463190273,0.3547591622186937,-0.4289470243255512,0.1273973104704045,0.0152293951960787,-0.4844704194330868,0.0027958011959606,0.1321402465769226,0.0524971529590221,0.9985628949714308,0.1299663533732784,0.000840779142992,0.8886985284243151,0.0002029185103068,0.0655687867978563,0.744738069547906,0.2297179975755858,0.3392542327168591,0.5052206273191041,0.3879438869616712,0.7122999315086683,0.3384193364242871,0.4399805827743853,0.5979807061899549,0.5142012940582728,0.5506605763784594,0.1221470276265178,0.1764238571785311,0.1479051156907494,0.4534504804121284,0.4591042182441102,0.3321146908352806,0.76,31328
0,0,0.6407610076381495,-0.2896312917778125,0.0510803894426436,-0.8516609922317621,0.132484428370131,0.5715371617460968,0.0541864731373086,-0.1417806950288363,-0.4864685772839422,0.1412870890189311,-0.0009688720422725,0.4060468917952879,0.234192265004699,0.5549974019961418,0.0140576463190273,0.3547591622186937,-0.4289470243255512,0.1273973104704045,0.0152293951960787,-0.4844704194330868,0.0027958011959606,0.1321402465769226,0.0524971529590221,0.9985628949714308,0.1299663533732784,0.000840779142992,0.8886985284243151,0.0002029185103068,0.0655687867978563,0.744738069547906,0.2297179975755858,0.3392542327168591,0.5052206273191041,0.3879438869616712,0.7122999315086683,0.3384193364242871,0.4399805827743853,0.5979807061899549,0.5142012940582728,0.5506605763784594,0.1221470276265178,0.1764238571785311,0.1479051156907494,0.4534504804121284,0.4591042182441102,0.3321146908352806,0.76,31347
0,0,0.6407610076381495,-0.2896312917778125,0.0510803894426436,-0.8516609922317621,0.132484428370131,0.5715371617460968,0.0541864731373086,-0.1417806950288363,-0.4864685772839422,0.1412870890189311,-0.0009688720422725,0.4060468917952879,0.234192265004699,0.5549974019961418,0.0140576463190273,0.3547591622186937,-0.4289470243255512,0.1273973104704045,0.0152293951960787,-0.4844704194330868,0.0027958011959606,0.1321402465769226,0.0524971529590221,0.9985628949714308,0.1299663533732784,0.000840779142992,0.8886985284243151,0.0002029185103068,0.0655687867978563,0.744738069547906,0.2297179975755858,0.3392542327168591,0.5052206273191041,0.3879438869616712,0.7122999315086683,0.3384193364242871,0.4399805827743853,0.5979807061899549,0.5142012940582728,0.5506605763784594,0.1221470276265178,0.1764238571785311,0.1479051156907494,0.4534504804121284,0.4591042182441102,0.3321146908352806,0.76,31358
0,0,0.6407610076381495,-0.2896312917778125,0.0510803894426436,-0.8516609922317621,0.132484428370131,0.5715371617460968,0.0541864731373086,-0.1417806950288363,-0.4864685772839422,0.1412870890189311,-0.0009688720422725,0.4060468917952879,0.234192265004699,0.5549974019961418,0.0140576463190273,0.3547591622186937,-0.4289470243255512,0.1273973104704045,0.0152293951960787,-0.4844704194330868,0.0027958011959606,0.1321402465769226,0.0524971529590221,0.9985628949714308,0.1299663533732784,0.000840779142992,0.8886985284243151,0.0002029185103068,0.0655687867978563,0.744738069547906,0.2297179975755858,0.3392542327168591,0.5052206273191041,0.3879438869616712,0.7122999315086683,0.3384193364242871,0.4399805827743853,0.5979807061899549,0.5142012940582728,0.5506605763784594,0.1221470276265178,0.1764238571785311,0.1479051156907494,0.4534504804121284,0.4591042182441102,0.3321146908352806,0.76,31369
0,0,0.6407610076381495,-0.2896312917778125,0.0510803894426436,-0.8516609922317621,0.132484428370131,0.5715371617460968,0.0541864731373086,-0.1417806950288363,-0.4864685772839422,0.1412870890189311,-0.0009688720422725,0.4060468917952879,0.234192265004699,0.5549974019961418,0.0140576463190273,0.3547591622186937,-0.4289470243255512,0.1273973104704045,0.0152293951960787,-0.4844704194330868,0.0027958011959606,0.1321402465769226,0.0524971529590221,0.9985628949714308,0.1299663533732784,0.000840779142992,0.8886985284243151,0.0002029185103068,0.0655687867978563,0.744738069547906,0.2297179975755858,0.3392542327168591,0.5052206273191041,0.3879438869616712,0.7122999315086683,0.3384193364242871,0.4399805827743853,0.5979807061899549,0.5142012940582728,0.5506605763784594,0.1221470276265178,0.1764238571785311,0.1479051156907494,0.4534504804121284,0.4591042182441102,0.3321146908352806,0.76,31379
0,0,0.6407610076381495,-0.2896312917778125,0.0510803894426436,-0.8516609922317621,0.132484428370131,0.5715371617460968,0.0541864731373086,-0.1417806950288363,-0.4864685772839422,0.1412870890189311,-0.0009688720422725,0.4060468917952879,0.234192265004699,0.5549974019961418,0.0140576463190273,0.3547591622186937,-0.4289470243255512,0.1273973104704045,0.0152293951960787,-0.4844704194330868,0.0027958011959606,0.1321402465769226,0.0524971529590221,0.9985628949714308,0.1299663533732784,0.000840779142992,0.8886985284243151,0.0002029185103068,0.0655687867978563,0.744738069547906,0.2297179975755858,0.3392542327168591,0.5052206273191041,0.3879438869616712,0.7122999315086683,0.3384193364242871,0.4399805827743853,0.5979807061899549,0.5142012940582728,0.5506605763784594,0.1221470276265178,0.1764238571785311,0.1479051156907494,0.4534504804121284,0.4591042182441102,0.3321146908352806,0.76,31399
0,0,0.6407610076381495,-0.2896312917778125,0.0510803894426436,-0.8516609922317621,0.132484428370131,0.5715371617460968,0.0541864731373086,-0.1417806950288363,-0.4864685772839422,0.1412870890189311,-0.0009688720422725,0.4060468917952879,0.234192265004699,0.5549974019961418,0.0140576463190273,0.3547591622186937,-0.4289470243255512,0.1273973104704045,0.0152293951960787,-0.4844704194330868,0.0027958011959606,0.1321402465769226,0.0524971529590221,0.9985628949714308,0.1299663533732784,0.000840779142992,0.8886985284243151,0.0002029185103068,0.0655687867978563,0.744738069547906,0.2297179975755858,0.3392542327168591,0.5052206273191041,0.3879438869616712,0.7122999315086683,0.3384193364242871,0.4399805827743853,0.5979807061899549,0.5142012940582728,0.5506605763784594,0.1221470276265178,0.1764238571785311,0.1479051156907494,0.4534504804121284,0.4591042182441102,0.3321146908352806,0.76,31409
0,0,0.6407610076381495,-0.2896312917778125,0.0510803894426436,-0.8516609922317621,0.132484428370131,0.5715371617460968,0.0541864731373086,-0.1417806950288363,-0.4864685772839422,0.1412870890189311,-0.0009688720422725,0.4060468917952879,0.234192265004699,0.5549974019961418,0.0140576463190273,0.3547591622186937,-0.4289470243255512,0.1273973104704045,0.0152293951960787,-0.4844704194330868,0.0027958011959606,0.1321402465769226,0.0524971529590221,0.9985628949714308,0.1299663533732784,0.000840779142992,0.8886985284243151,0.0002029185103068,0.0655687867978563,0.744738069547906,0.2297179975755858,0.3392542327168591,0.5052206273191041,0.3879438869616712,0.7122999315086683,0.3384193364242871,0.4399805827743853,0.5979807061899549,0.5142012940582728,0.5506605763784594,0.1221470276265178,0.1764238571785311,0.1479051156907494,0.4534504804121284,0.4591042182441102,0.3321146908352806,0.76,31420
0,0,0.6407610076381495,-0.2896312917778125,0.0510803894426436,-0.8516609922317621,0.132484428370131,0.5715371617460968,0.0541864731373086,-0.1417806950288363,-0.4864685772839422,0.1412870890189311,-0.0009688720422725,0.4060468917952879,0.234192265004699,0.5549974019961418,0.0140576463190273,0.3547591622186937,-0.4289470243255512,0.1273973104704045,0.0152293951960787,-0.4844704194330868,0.0027958011959606,0.1321402465769226,0.0524971529590221,0.9985628949714308,0.1299663533732784,0.000840779142992,0.8886985284243151,0.0002029185103068,0.0655687867978563,0.744738069547906,0.2297179975755858,0.3392542327168591,0.5052206273191041,0.3879438869616712,0.7122999315086683,0.3384193364242871,0.4399805827743853,0.5979807061899549,0.5142012940582728,0.5506605763784594,0.1221470276265178,0.1764238571785311,0.1479051156907494,0.4534504804121284,0.4591042182441102,0.3321146908352806,0.76,31431
0,0,0.6407610076381495,-0.2896312917778125,0.0510803894426436,-0.8516609922317621,0.132484428370131,0.5715371617460968,0.0541864731373086,-0.1417806950288363,-0.4864685772839422,0.1412870890189311,-0.0009688720422725,0.4060468917952879,0.234192265004699,0.5549974019961418,0.0140576463190273,0.3547591622186937,-0.4289470243255512,0.1273973104704045,0.0152293951960787,-0.4844704194330868,0.0027958011959606,0.1321402465769226,0.0524971529590221,0.9985628949714308,0.1299663533732784,0.000840779142992,0.8886985284243151,0.0002029185103068,0.0655687867978563,0.744738069547906,0.2297179975755858,0.3392542327168591,0.5052206273191041,0.3879438869616712,0.7122999315086683,0.3384193364242871,0.4399805827743853,0.5979807061899549,0.5142012940582728,0.5506605763784594,0.1221470276265178,0.1764238571785311,0.1479051156907494,0.4534504804121284,0.4591042182441102,0.3321146908352806,0.76,31441
0,0,0.6407610076381495,-0.2896312917778125,0.0510803894426436,-0.8516609922317621,0.132484428370131,0.5715371617460968,0.0541864731373086,-0.1417806950288363,-0.4864685772839422,0.1412870890189311,-0.0009688720422725,0.4060468917952879,0.234192265004699,0.5549974019961418,0.0140576463190273,0.3547591622186937,-0.4289470243255512,0.1273973104704045,0.0152293951960787,-0.4844704194330868,0.0027958011959606,0.1321402465769226,0.0524971529590221,0.9985628949714308,0.1299663533732784,0.000840779142992,0.8886985284243151,0.0002029185103068,0.0655687867978563,0.744738069547906,0.2297179975755858,0.3392542327168591,0.5052206273191041,0.3879438869616712,0.7122999315086683,0.3384193364242871,0.4399805827743853,0.5979807061899549,0.5142012940582728,0.5506605763784594,0.1221470276265178,0.1764238571785311,0.1479051156907494,0.4534504804121284,0.4591042182441102,0.3321146908352806,0.76,31460
0,0,0.6407610076381495,-0.2896312917778125,0.0510803894426436,-0.8516609922317621,0.132484428370131,0.5715371617460968,0.0541864731373086,-0.1417806950288363,-0.4864685772839422,0.1412870890189311,-0.0009688720422725,0.4060468917952879,0.234192265004699,0.5549974019961418,0.0140576463190273,0.3547591622186937,-0.4289470243255512,0.1273973104704045,0.0152293951960787,-0.4844704194330868,0.0027958011959606,0.1321402465769226,0.0524971529590221,0.9985628949714308,0.1299663533732784,0.000840779142992,0.8886985284243151,0.0002029185103068,0.0655687867978563,0.744738069547906,0.2297179975755858,0.3392542327168591,0.5052206273191041,0.3879438869616712,0.7122999315086683,0.3384193364242871,0.4399805827743853,0.5979807061899549,0.5142012940582728,0.5506605763784594,0.1221470276265178,0.1764238571785311,0.1479051156907494,0.4534504804121284,0.4591042182441102,0.3321146908352806,0.76,31470
0,0,0.6407610076381495,-0.2896312917778125,0.0510803894426436,-0.8516609922317621,0.132484428370131,0.5715371617460968,0.0541864731373086,-0.1417806950288363,-0.4864685772839422,0.1412870890189311,-0.0009688720422725,0.4060468917952879,0.234192265004699,0.5549974019961418,0.0140576463190273,0.3547591622186937,-0.4289470243255512,0.1273973104704045,0.0152293951960787,-0.4844704194330868,0.0027958011959606,0.1321402465769226,0.0524971529590221,0.9985628949714308,0.1299663533732784,0.000840779142992,0.8886985284243151,0.0002029185103068,0.0655687867978563,0.744738069547906,0.2297179975755858,0.3392542327168591,0.5052206273191041,0.3879438869616712,0.7122999315086683,0.3384193364242871,0.4399805827743853,0.5979807061899549,0.5142012940582728,0.5506605763784594,0.1221470276265178,0.1764238571785311,0.1479051156907494,0.4534504804121284,0.4591042182441102,0.3321146908352806,0.76,31480
0,0,0.6407610076381495,-0.2896312917778125,0.0510803894426436,-0.8516609922317621,0.132484428370131,0.5715371617460968,0.0541864731373086,-0.1417806950288363,-0.4864685772839422,0.1412870890189311,-0.0009688720422725,0.4060468917952879,0.234192265004699,0.5549974019961418,0.0140576463190273,0.3547591622186937,-0.4289470243255512,0.1273973104704045,0.0152293951960787,-0.4844704194330868,0.0027958011959606,0.1321402465769226,0.0524971529590221,0.9985628949714308,0.1299663533732784,0.000840779142992,0.8886985284243151,0.0002029185103068,0.0655687867978563,0.744738069547906,0.2297179975755858,0.3392542327168591,0.5052206273191041,0.3879438869616712,0.7122999315086683,0.3384193364242871,0.4399805827743853,0.5979807061899549,0.5142012940582728,0.5506605763784594,0.1221470276265178,0.1764238571785311,0.1479051156907494,0.4534504804121284,0.4591042182441102,0.3321146908352806,0.76,31491
0,0,0.6407610076381495,-0.2896312917778125,0.0510803894426436,-0.8516609922317621,0.132484428370131,0.5715371617460968,0.0541864731373086,-0.1417806950288363,-0.4864685772839422,0.1412870890189311,-0.0009688720422725,0.4060468917952879,0.234192265004699,0.5549974019961418,0.0140576463190273,0.3547591622186937,-0.4289470243255512,0.1273973104704045,0.0152293951960787,-0.4844704194330868,0.0027958011959606,0.1321402465769226,0.0524971529590221,0.9985628949714308,0.1299663533732784,0.000840779142992,0.8886985284243151,0.0002029185103068,0.0655687867978563,0.744738069547906,0.2297179975755858,0.3392542327168591,0.5052206273191041,0.3879438869616712,0.7122999315086683,0.3384193364242871,0.4399805827743853,0.5979807061899549,0.5142012940582728,0.5506605763784594,0.1221470276265178,0.1764238571785311,0.1479051156907494,0.4534504804121284,0.4591042182441102,0.3321146908352806,0.76,31501
0,0,0.6407610076381495,-0.2896312917778125,0.0510803894426436,-0.8516609922317621,0.132484428370131,0.5715371617460968,0.0541864731373086,-0.1417806950288363,-0.4864685772839422,0.1412870890189311,-0.0009688720422725,0.4060468917952879,0.234192265004699,0.5549974019961418,0.0140576463190273,0.3547591622186937,-0.4289470243255512,0.1273973104704045,0.0152293951960787,-0.4844704194330868,0.0027958011959606,0.1321402465769226,0.0524971529590221,0.9985628949714308,0.1299663533732784,0.000840779142992,0.8886985284243151,0.0002029185103068,0.0655687867978563,0.744738069547906,0.2297179975755858,0.3392542327168591,0.5052206273191041,0.3879438869616712,0.7122999315086683,0.3384193364242871,0.4399805827743853,0.5979807061899549,0.5142012940582728,0.5506605763784594,0.1221470276265178,0.1764238571785311,0.1479051156907494,0.4534504804121284,0.4591042182441102,0.3321146908352806,0.76,31512
0,0,0.6407610076381495,-0.2896312917778125,0.0510803894426436,-0.8516609922317621,0.132484428370131,0.5715371617460968,0.0541864731373086,-0.1417806950288363,-0.4864685772839422,0.1412870890189311,-0.0009688720422725,0.4060468917952879,0.234192265004699,0.5549974019961418,0.0140576463190273,0.3547591622186937,-0.4289470243255512,0.1273973104704045,0.0152293951960787,-0.4844704194330868,0.0027958011959606,0.1321402465769226,0.0524971529590221,0.9985628949714308,0.1299663533732784,0.000840779142992,0.8886985284243151,0.0002029185103068,0.0655687867978563,0.744738069547906,0.2297179975755858,0.3392542327168591,0.5052206273191041,0.3879438869616712,0.7122999315086683,0.3384193364242871,0.4399805827743853,0.5979807061899549,0.5142012940582728,0.5506605763784594,0.1221470276265178,0.1764238571785311,0.1479051156907494,0.4534504804121284,0.4591042182441102,0.3321146908352806,0.76,31523
0,0,0.6407610076381495,-0.2896312917778125,0.0510803894426436,-0.8516609922317621,0.132484428370131,0.5715371617460968,0.0541864731373086,-0.1417806950288363,-0.4864685772839422,0.1412870890189311,-0.0009688720422725,0.4060468917952879,0.234192265004699,0.5549974019961418,0.0140576463190273,0.3547591622186937,-0.4289470243255512,0.1273973104704045,0.0152293951960787,-0.4844704194330868,0.0027958011959606,0.1321402465769226,0.0524971529590221,0.9985628949714308,0.1299663533732784,0.000840779142992,0.8886985284243151,0.0002029185103068,0.0655687867978563,0.744738069547906,0.2297179975755858,0.3392542327168591,0.5052206273191041,0.3879438869616712,0.7122999315086683,0.3384193364242871,0.4399805827743853,0.5979807061899549,0.5142012940582728,0.5506605763784594,0.1221470276265178,0.1764238571785311,0.1479051156907494,0.4534504804121284,0.4591042182441102,0.3321146908352806,0.76,31534
0,0,0.6407610076381495,-0.2896312917778125,0.0510803894426436,-0.8516609922317621,0.132484428370131,0.5715371617460968,0.0541864731373086,-0.1417806950288363,-0.4864685772839422,0.1412870890189311,-0.0009688720422725,0.4060468917952879,0.234192265004699,0.5549974019961418,0.0140576463190273,0.3547591622186937,-0.4289470243255512,0.1273973104704045,0.0152293951960787,-0.4844704194330868,0.0027958011959606,0.1321402465769226,0.0524971529590221,0.9985628949714308,0.1299663533732784,0.000840779142992,0.8886985284243151,0.0002029185103068,0.0655687867978563,0.744738069547906,0.2297179975755858,0.3392542327168591,0.5052206273191041,0.3879438869616712,0.7122999315086683,0.3384193364242871,0.4399805827743853,0.5979807061899549,0.5142012940582728,0.5506605763784594,0.1221470276265178,0.1764238571785311,0.1479051156907494,0.4534504804121284,0.4591042182441102,0.3321146908352806,0.76,31544
0,0,0.6407610076381495,-0.2896312917778125,0.0510803894426436,-0.8516609922317621,0.132484428370131,0.5715371617460968,0.0541864731373086,-0.1417806950288363,-0.4864685772839422,0.1412870890189311,-0.0009688720422725,0.4060468917952879,0.234192265004699,0.5549974019961418,0.0140576463190273,0.3547591622186937,-0.4289470243255512,0.1273973104704045,0.0152293951960787,-0.4844704194330868,0.0027958011959606,0.1321402465769226,0.0524971529590221,0.9985628949714308,0.1299663533732784,0.000840779142992,0.8886985284243151,0.0002029185103068,0.0655687867978563,0.744738069547906,0.2297179975755858,0.3392542327168591,0.5052206273191041,0.3879438869616712,0.7122999315086683,0.3384193364242871,0.4399805827743853,0.5979807061899549,0.5142012940582728,0.5506605763784594,0.1221470276265178,0.1764238571785311,0.1479051156907494,0.4534504804121284,0.4591042182441102,0.3321146908352806,0.76,31555
0,0,0.6407610076381495,-0.2896312917778125,0.0510803894426436,-0.8516609922317621,0.132484428370131,0.5715371617460968,0.0541864731373086,-0.1417806950288363,-0.4864685772839422,0.1412870890189311,-0.0009688720422725,0.4060468917952879,0.234192265004699,0.5549974019961418,0.0140576463190273,0.3547591622186937,-0.4289470243255512,0.1273973104704045,0.0152293951960787,-0.4844704194330868,0.0027958011959606,0.1321402465769226,0.0524971529590221,0.9985628949714308,0.1299663533732784,0.000840779142992,0.8886985284243151,0.0002029185103068,0.0655687867978563,0.744738069547906,0.2297179975755858,0.3392542327168591,0.5052206273191041,0.3879438869616712,0.7122999315086683,0.3384193364242871,0.4399805827743853,0.5979807061899549,0.5142012940582728,0.5506605763784594,0.1221470276265178,0.1764238571785311,0.1479051156907494,0.4534504804121284,0.4591042182441102,0.3321146908352806,0.76,31566
0,0,0.6407610076381495,-0.2896312917778125,0.0510803894426436,-0.8516609922317621,0.132484428370131,0.5715371617460968,0.0541864731373086,-0.1417806950288363,-0.4864685772839422,0.1412870890189311,-0.0009688720422725,0.4060468917952879,0.234192265004699,0.5549974019961418,0.0140576463190273,0.3547591622186937,-0.4289470243255512,0.1273973104704045,0.0152293951960787,-0.4844704194330868,0.0027958011959606,0.1321402465769226,0.0524971529590221,0.9985628949714308,0.1299663533732784,0.000840779142992,0.8886985284243151,0.0002029185103068,0.0655687867978563,0.744738069547906,0.2297179975755858,0.3392542327168591,0.5052206273191041,0.3879438869616712,0.7122999315086683,0.3384193364242871,0.4399805827743853,0.5979807061899549,0.5142012940582728,0.5506605763784594,0.1221470276265178,0.1764238571785311,0.1479051156907494,0.4534504804121284,0.4591042182441102,0.3321146908352806,0.76,31576
0,0,0.6407610076381495,-0.2896312917778125,0.0510803894426436,-0.8516609922317621,0.132484428370131,0.5715371617460968,0.0541864731373086,-0.1417806950288363,-0.4864685772839422,0.1412870890189311,-0.0009688720422725,0.4060468917952879,0.234192265004699,0.5549974019961418,0.0140576463190273,0.3547591622186937,-0.4289470243255512,0.1273973104704045,0.0152293951960787,-0.4844704194330868,0.0027958011959606,0.1321402465769226,0.0524971529590221,0.9985628949714308,0.1299663533732784,0.000840779142992,0.8886985284243151,0.0002029185103068,0.0655687867978563,0.744738069547906,0.2297179975755858,0.3392542327168591,0.5052206273191041,0.3879438869616712,0.7122999315086683,0.3384193364242871,0.4399805827743853,0.5979807061899549,0.5142012940582728,0.5506605763784594,0.1221470276265178,0.1764238571785311,0.1479051156907494,0.4534504804121284,0.4591042182441102,0.3321146908352806,0.76,31586
0,0,0.6407610076381495,-0.2896312917778125,0.0510803894426436,-0.8516609922317621,0.132484428370131,0.5715371617460968,0.0541864731373086,-0.1417806950288363,-0.4864685772839422,0.1412870890189311,-0.0009688720422725,0.4060468917952879,0.234192265004699,0.5549974019961418,0.0140576463190273,0.3547591622186937,-0.4289470243255512,0.1273973104704045,0.0152293951960787,-0.4844704194330868,0.0027958011959606,0.1321402465769226,0.0524971529590221,0.9985628949714308,0.1299663533732784,0.000840779142992,0.8886985284243151,0.0002029185103068,0.0655687867978563,0.744738069547906,0.2297179975755858,0.3392542327168591,0.5052206273191041,0.3879438869616712,0.7122999315086683,0.3384193364242871,0.4399805827743853,0.5979807061899549,0.5142012940582728,0.5506605763784594,0.1221470276265178,0.1764238571785311,0.1479051156907494,0.4534504804121284,0.4591042182441102,0.3321146908352806,0.76,31596
0,0,0.6407610076381495,-0.2896312917778125,0.0510803894426436,-0.8516609922317621,0.132484428370131,0.5715371617460968,0.0541864731373086,-0.1417806950288363,-0.4864685772839422,0.1412870890189311,-0.0009688720422725,0.4060468917952879,0.234192265004699,0.5549974019961418,0.0140576463190273,0.3547591622186937,-0.4289470243255512,0.1273973104704045,0.0152293951960787,-0.4844704194330868,0.0027958011959606,0.1321402465769226,0.0524971529590221,0.9985628949714308,0.1299663533732784,0.000840779142992,0.8886985284243151,0.0002029185103068,0.0655687867978563,0.744738069547906,0.2297179975755858,0.3392542327168591,0.5052206273191041,0.3879438869616712,0.7122999315086683,0.3384193364242871,0.4399805827743853,0.5979807061899549,0.5142012940582728,0.5506605763784594,0.1221470276265178,0.1764238571785311,0.1479051156907494,0.4534504804121284,0.4591042182441102,0.3321146908352806,0.76,31606
0,0,0.6407610076381495,-0.2896312917778125,0.0510803894426436,-0.8516609922317621,0.132484428370131,0.5715371617460968,0.0541864731373086,-0.1417806950288363,-0.4864685772839422,0.1412870890189311,-0.0009688720422725,0.4060468917952879,0.234192265004699,0.5549974019961418,0.0140576463190273,0.3547591622186937,-0.4289470243255512,0.1273973104704045,0.0152293951960787,-0.4844704194330868,0.0027958011959606,0.1321402465769226,0.0524971529590221,0.9985628949714308,0.1299663533732784,0.000840779142992,0.8886985284243151,0.0002029185103068,0.0655687867978563,0.744738069547906,0.2297179975755858,0.3392542327168591,0.5052206273191041,0.3879438869616712,0.7122999315086683,0.3384193364242871,0.4399805827743853,0.5979807061899549,0.5142012940582728,0.5506605763784594,0.1221470276265178,0.1764238571785311,0.1479051156907494,0.4534504804121284,0.4591042182441102,0.3321146908352806,0.76,31616
0,0,0.6407610076381495,-0.2896312917778125,0.0510803894426436,-0.8516609922317621,0.132484428370131,0.5715371617460968,0.0541864731373086,-0.1417806950288363,-0.4864685772839422,0.1412870890189311,-0.0009688720422725,0.4060468917952879,0.234192265004699,0.5549974019961418,0.0140576463190273,0.3547591622186937,-0.4289470243255512,0.1273973104704045,0.0152293951960787,-0.4844704194330868,0.0027958011959606,0.1321402465769226,0.0524971529590221,0.9985628949714308,0.1299663533732784,0.000840779142992,0.8886985284243151,0.0002029185103068,0.0655687867978563,0.744738069547906,0.2297179975755858,0.3392542327168591,0.5052206273191041,0.3879438869616712,0.7122999315086683,0.3384193364242871,0.4399805827743853,0.5979807061899549,0.5142012940582728,0.5506605763784594,0.1221470276265178,0.1764238571785311,0.1479051156907494,0.4534504804121284,0.4591042182441102,0.3321146908352806,0.76,31635
0,0,0.6407610076381495,-0.2896312917778125,0.0510803894426436,-0.8516609922317621,0.132484428370131,0.5715371617460968,0.0541864731373086,-0.1417806950288363,-0.4864685772839422,0.1412870890189311,-0.0009688720422725,0.4060468917952879,0.234192265004699,0.5549974019961418,0.0140576463190273,0.3547591622186937,-0.4289470243255512,0.1273973104704045,0.0152293951960787,-0.4844704194330868,0.0027958011959606,0.1321402465769226,0.0524971529590221,0.9985628949714308,0.1299663533732784,0.000840779142992,0.8886985284243151,0.0002029185103068,0.0655687867978563,0.744738069547906,0.2297179975755858,0.3392542327168591,0.5052206273191041,0.3879438869616712,0.7122999315086683,0.3384193364242871,0.4399805827743853,0.5979807061899549,0.5142012940582728,0.5506605763784594,0.1221470276265178,0.1764238571785311,0.1479051156907494,0.4534504804121284,0.4591042182441102,0.3321146908352806,0.76,31646
0,0,0.6407610076381495,-0.2896312917778125,0.0510803894426436,-0.8516609922317621,0.132484428370131,0.5715371617460968,0.0541864731373086,-0.1417806950288363,-0.4864685772839422,0.1412870890189311,-0.0009688720422725,0.4060468917952879,0.234192265004699,0.5549974019961418,0.0140576463190273,0.3547591622186937,-0.4289470243255512,0.1273973104704045,0.0152293951960787,-0.4844704194330868,0.0027958011959606,0.1321402465769226,0.0524971529590221,0.9985628949714308,0.1299663533732784,0.000840779142992,0.8886985284243151,0.0002029185103068,0.0655687867978563,0.744738069547906,0.2297179975755858,0.3392542327168591,0.5052206273191041,0.3879438869616712,0.7122999315086683,0.3384193364242871,0.4399805827743853,0.5979807061899549,0.5142012940582728,0.5506605763784594,0.1221470276265178,0.1764238571785311,0.1479051156907494,0.4534504804121284,0.4591042182441102,0.3321146908352806,0.76,31656
0,0,0.6407610076381495,-0.2896312917778125,0.0510803894426436,-0.8516609922317621,0.132484428370131,0.5715371617460968,0.0541864731373086,-0.1417806950288363,-0.4864685772839422,0.1412870890189311,-0.0009688720422725,0.4060468917952879,0.234192265004699,0.5549974019961418,0.0140576463190273,0.3547591622186937,-0.4289470243255512,0.1273973104704045,0.0152293951960787,-0.4844704194330868,0.0027958011959606,0.1321402465769226,0.0524971529590221,0.9985628949714308,0.1299663533732784,0.000840779142992,0.8886985284243151,0.0002029185103068,0.0655687867978563,0.744738069547906,0.2297179975755858,0.3392542327168591,0.5052206273191041,0.3879438869616712,0.7122999315086683,0.3384193364242871,0.4399805827743853,0.5979807061899549,0.5142012940582728,0.5506605763784594,0.1221470276265178,0.1764238571785311,0.1479051156907494,0.4534504804121284,0.4591042182441102,0.3321146908352806,0.76,31666
0,0,0.6407610076381495,-0.2896312917778125,0.0510803894426436,-0.8516609922317621,0.132484428370131,0.5715371617460968,0.0541864731373086,-0.1417806950288363,-0.4864685772839422,0.1412870890189311,-0.0009688720422725,0.4060468917952879,0.234192265004699,0.5549974019961418,0.0140576463190273,0.3547591622186937,-0.4289470243255512,0.1273973104704045,0.0152293951960787,-0.4844704194330868,0.0027958011959606,0.1321402465769226,0.0524971529590221,0.9985628949714308,0.1299663533732784,0.000840779142992,0.8886985284243151,0.0002029185103068,0.0655687867978563,0.744738069547906,0.2297179975755858,0.3392542327168591,0.5052206273191041,0.3879438869616712,0.7122999315086683,0.3384193364242871,0.4399805827743853,0.5979807061899549,0.5142012940582728,0.5506605763784594,0.1221470276265178,0.1764238571785311,0.1479051156907494,0.4534504804121284,0.4591042182441102,0.3321146908352806,0.76,31676
0,0,0.6407610076381495,-0.2896312917778125,0.0510803894426436,-0.8516609922317621,0.132484428370131,0.5715371617460968,0.0541864731373086,-0.1417806950288363,-0.4864685772839422,0.1412870890189311,-0.0009688720422725,0.4060468917952879,0.234192265004699,0.5549974019961418,0.0140576463190273,0.3547591622186937,-0.4289470243255512,0.1273973104704045,0.0152293951960787,-0.4844704194330868,0.0027958011959606,0.1321402465769226,0.0524971529590221,0.9985628949714308,0.1299663533732784,0.000840779142992,0.8886985284243151,0.0002029185103068,0.0655687867978563,0.744738069547906,0.2297179975755858,0.3392542327168591,0.5052206273191041,0.3879438869616712,0.7122999315086683,0.3384193364242871,0.4399805827743853,0.5979807061899549,0.5142012940582728,0.5506605763784594,0.1221470276265178,0.1764238571785311,0.1479051156907494,0.4534504804121284,0.4591042182441102,0.3321146908352806,0.76,31686
0,0,0.6407610076381495,-0.2896312917778125,0.0510803894426436,-0.8516609922317621,0.132484428370131,0.5715371617460968,0.0541864731373086,-0.1417806950288363,-0.4864685772839422,0.1412870890189311,-0.0009688720422725,0.4060468917952879,0.234192265004699,0.5549974019961418,0.0140576463190273,0.3547591622186937,-0.4289470243255512,0.1273973104704045,0.0152293951960787,-0.4844704194330868,0.0027958011959606,0.1321402465769226,0.0524971529590221,0.9985628949714308,0.1299663533732784,0.000840779142992,0.8886985284243151,0.0002029185103068,0.0655687867978563,0.744738069547906,0.2297179975755858,0.3392542327168591,0.5052206273191041,0.3879438869616712,0.7122999315086683,0.3384193364242871,0.4399805827743853,0.5979807061899549,0.5142012940582728,0.5506605763784594,0.1221470276265178,0.1764238571785311,0.1479051156907494,0.4534504804121284,0.4591042182441102,0.3321146908352806,0.76,31696
0,0,0.6407610076381495,-0.2896312917778125,0.0510803894426436,-0.8516609922317621,0.132484428370131,0.5715371617460968,0.0541864731373086,-0.1417806950288363,-0.4864685772839422,0.1412870890189311,-0.0009688720422725,0.4060468917952879,0.234192265004699,0.5549974019961418,0.0140576463190273,0.3547591622186937,-0.4289470243255512,0.1273973104704045,0.0152293951960787,-0.4844704194330868,0.0027958011959606,0.1321402465769226,0.0524971529590221,0.9985628949714308,0.1299663533732784,0.000840779142992,0.8886985284243151,0.0002029185103068,0.0655687867978563,0.744738069547906,0.2297179975755858,0.3392542327168591,0.5052206273191041,0.3879438869616712,0.7122999315086683,0.3384193364242871,0.4399805827743853,0.5979807061899549,0.5142012940582728,0.5506605763784594,0.1221470276265178,0.1764238571785311,0.1479051156907494,0.4534504804121284,0.4591042182441102,0.3321146908352806,0.76,31707
0,0,0.6407610076381495,-0.2896312917778125,0.0510803894426436,-0.8516609922317621,0.132484428370131,0.5715371617460968,0.0541864731373086,-0.1417806950288363,-0.4864685772839422,0.1412870890189311,-0.0009688720422725,0.4060468917952879,0.234192265004699,0.5549974019961418,0.0140576463190273,0.3547591622186937,-0.4289470243255512,0.1273973104704045,0.0152293951960787,-0.4844704194330868,0.0027958011959606,0.1321402465769226,0.0524971529590221,0.9985628949714308,0.1299663533732784,0.000840779142992,0.8886985284243151,0.0002029185103068,0.0655687867978563,0.744738069547906,0.2297179975755858,0.3392542327168591,0.5052206273191041,0.3879438869616712,0.7122999315086683,0.3384193364242871,0.4399805827743853,0.5979807061899549,0.5142012940582728,0.5506605763784594,0.1221470276265178,0.1764238571785311,0.1479051156907494,0.4534504804121284,0.4591042182441102,0.3321146908352806,0.76,31727
0,0,0.6407610076381495,-0.2896312917778125,0.0510803894426436,-0.8516609922317621,0.132484428370131,0.5715371617460968,0.0541864731373086,-0.1417806950288363,-0.4864685772839422,0.1412870890189311,-0.0009688720422725,0.4060468917952879,0.234192265004699,0.5549974019961418,0.0140576463190273,0.3547591622186937,-0.4289470243255512,0.1273973104704045,0.0152293951960787,-0.4844704194330868,0.0027958011959606,0.1321402465769226,0.0524971529590221,0.9985628949714308,0.1299663533732784,0.000840779142992,0.8886985284243151,0.0002029185103068,0.0655687867978563,0.744738069547906,0.2297179975755858,0.3392542327168591,0.5052206273191041,0.3879438869616712,0.7122999315086683,0.3384193364242871,0.4399805827743853,0.5979807061899549,0.5142012940582728,0.5506605763784594,0.1221470276265178,0.1764238571785311,0.1479051156907494,0.4534504804121284,0.4591042182441102,0.3321146908352806,0.76,31746
0,0,0.6407610076381495,-0.2896312917778125,0.0510803894426436,-0.8516609922317621,0.132484428370131,0.5715371617460968,0.0541864731373086,-0.1417806950288363,-0.4864685772839422,0.1412870890189311,-0.0009688720422725,0.4060468917952879,0.234192265004699,0.5549974019961418,0.0140576463190273,0.3547591622186937,-0.4289470243255512,0.1273973104704045,0.0152293951960787,-0.4844704194330868,0.0027958011959606,0.1321402465769226,0.0524971529590221,0.9985628949714308,0.1299663533732784,0.000840779142992,0.8886985284243151,0.0002029185103068,0.0655687867978563,0.744738069547906,0.2297179975755858,0.3392542327168591,0.5052206273191041,0.3879438869616712,0.7122999315086683,0.3384193364242871,0.4399805827743853,0.5979807061899549,0.5142012940582728,0.5506605763784594,0.1221470276265178,0.1764238571785311,0.1479051156907494,0.4534504804121284,0.4591042182441102,0.3321146908352806,0.76,31765
0,0,0.6407610076381495,-0.2896312917778125,0.0510803894426436,-0.8516609922317621,0.132484428370131,0.5715371617460968,0.0541864731373086,-0.1417806950288363,-0.4864685772839422,0.1412870890189311,-0.0009688720422725,0.4060468917952879,0.234192265004699,0.5549974019961418,0.0140576463190273,0.3547591622186937,-0.4289470243255512,0.1273973104704045,0.0152293951960787,-0.4844704194330868,0.0027958011959606,0.1321402465769226,0.0524971529590221,0.9985628949714308,0.1299663533732784,0.000840779142992,0.8886985284243151,0.0002029185103068,0.0655687867978563,0.744738069547906,0.2297179975755858,0.3392542327168591,0.5052206273191041,0.3879438869616712,0.7122999315086683,0.3384193364242871,0.4399805827743853,0.5979807061899549,0.5142012940582728,0.5506605763784594,0.1221470276265178,0.1764238571785311,0.1479051156907494,0.4534504804121284,0.4591042182441102,0.3321146908352806,0.76,31776
0,0,0.6407610076381495,-0.2896312917778125,0.0510803894426436,-0.8516609922317621,0.132484428370131,0.5715371617460968,0.0541864731373086,-0.1417806950288363,-0.4864685772839422,0.1412870890189311,-0.0009688720422725,0.4060468917952879,0.234192265004699,0.5549974019961418,0.0140576463190273,0.3547591622186937,-0.4289470243255512,0.1273973104704045,0.0152293951960787,-0.4844704194330868,0.0027958011959606,0.1321402465769226,0.0524971529590221,0.9985628949714308,0.1299663533732784,0.000840779142992,0.8886985284243151,0.0002029185103068,0.0655687867978563,0.744738069547906,0.2297179975755858,0.3392542327168591,0.5052206273191041,0.3879438869616712,0.7122999315086683,0.3384193364242871,0.4399805827743853,0.5979807061899549,0.5142012940582728,0.5506605763784594,0.1221470276265178,0.1764238571785311,0.1479051156907494,0.4534504804121284,0.4591042182441102,0.3321146908352806,0.76,31787
0,0,0.6407610076381495,-0.2896312917778125,0.0510803894426436,-0.8516609922317621,0.132484428370131,0.5715371617460968,0.0541864731373086,-0.1417806950288363,-0.4864685772839422,0.1412870890189311,-0.0009688720422725,0.4060468917952879,0.234192265004699,0.5549974019961418,0.0140576463190273,0.3547591622186937,-0.4289470243255512,0.1273973104704045,0.0152293951960787,-0.4844704194330868,0.0027958011959606,0.1321402465769226,0.0524971529590221,0.9985628949714308,0.1299663533732784,0.000840779142992,0.8886985284243151,0.0002029185103068,0.0655687867978563,0.744738069547906,0.2297179975755858,0.3392542327168591,0.5052206273191041,0.3879438869616712,0.7122999315086683,0.3384193364242871,0.4399805827743853,0.5979807061899549,0.5142012940582728,0.5506605763784594,0.1221470276265178,0.1764238571785311,0.1479051156907494,0.4534504804121284,0.4591042182441102,0.3321146908352806,0.76,31797
0,0,0.6407610076381495,-0.2896312917778125,0.0510803894426436,-0.8516609922317621,0.132484428370131,0.5715371617460968,0.0541864731373086,-0.1417806950288363,-0.4864685772839422,0.1412870890189311,-0.0009688720422725,0.4060468917952879,0.234192265004699,0.5549974019961418,0.0140576463190273,0.3547591622186937,-0.4289470243255512,0.1273973104704045,0.0152293951960787,-0.4844704194330868,0.0027958011959606,0.1321402465769226,0.0524971529590221,0.9985628949714308,0.1299663533732784,0.000840779142992,0.8886985284243151,0.0002029185103068,0.0655687867978563,0.744738069547906,0.2297179975755858,0.3392542327168591,0.5052206273191041,0.3879438869616712,0.7122999315086683,0.3384193364242871,0.4399805827743853,0.5979807061899549,0.5142012940582728,0.5506605763784594,0.1221470276265178,0.1764238571785311,0.1479051156907494,0.4534504804121284,0.4591042182441102,0.3321146908352806,0.76,31816
0,0,0.6407610076381495,-0.2896312917778125,0.0510803894426436,-0.8516609922317621,0.132484428370131,0.5715371617460968,0.0541864731373086,-0.1417806950288363,-0.4864685772839422,0.1412870890189311,-0.0009688720422725,0.4060468917952879,0.234192265004699,0.5549974019961418,0.0140576463190273,0.3547591622186937,-0.4289470243255512,0.1273973104704045,0.0152293951960787,-0.4844704194330868,0.0027958011959606,0.1321402465769226,0.0524971529590221,0.9985628949714308,0.1299663533732784,0.000840779142992,0.8886985284243151,0.0002029185103068,0.0655687867978563,0.744738069547906,0.2297179975755858,0.3392542327168591,0.5052206273191041,0.3879438869616712,0.7122999315086683,0.3384193364242871,0.4399805827743853,0.5979807061899549,0.5142012940582728,0.5506605763784594,0.1221470276265178,0.1764238571785311,0.1479051156907494,0.4534504804121284,0.4591042182441102,0.3321146908352806,0.76,31826
0,0,0.6407610076381495,-0.2896312917778125,0.0510803894426436,-0.8516609922317621,0.132484428370131,0.5715371617460968,0.0541864731373086,-0.1417806950288363,-0.4864685772839422,0.1412870890189311,-0.0009688720422725,0.4060468917952879,0.234192265004699,0.5549974019961418,0.0140576463190273,0.3547591622186937,-0.4289470243255512,0.1273973104704045,0.0152293951960787,-0.4844704194330868,0.0027958011959606,0.1321402465769226,0.0524971529590221,0.9985628949714308,0.1299663533732784,0.000840779142992,0.8886985284243151,0.0002029185103068,0.0655687867978563,0.744738069547906,0.2297179975755858,0.3392542327168591,0.5052206273191041,0.3879438869616712,0.7122999315086683,0.3384193364242871,0.4399805827743853,0.5979807061899549,0.5142012940582728,0.5506605763784594,0.1221470276265178,0.1764238571785311,0.1479051156907494,0.4534504804121284,0.4591042182441102,0.3321146908352806,0.76,31837
0,0,0.6407610076381495,-0.2896312917778125,0.0510803894426436,-0.8516609922317621,0.132484428370131,0.5715371617460968,0.0541864731373086,-0.1417806950288363,-0.4864685772839422,0.1412870890189311,-0.0009688720422725,0.4060468917952879,0.234192265004699,0.5549974019961418,0.0140576463190273,0.3547591622186937,-0.4289470243255512,0.1273973104704045,0.0152293951960787,-0.4844704194330868,0.0027958011959606,0.1321402465769226,0.0524971529590221,0.9985628949714308,0.1299663533732784,0.000840779142992,0.8886985284243151,0.0002029185103068,0.0655687867978563,0.744738069547906,0.2297179975755858,0.3392542327168591,0.5052206273191041,0.3879438869616712,0.7122999315086683,0.3384193364242871,0.4399805827743853,0.5979807061899549,0.5142012940582728,0.5506605763784594,0.1221470276265178,0.1764238571785311,0.1479051156907494,0.4534504804121284,0.4591042182441102,0.3321146908352806,0.76,31857
0,0,0.6407610076381495,-0.2896312917778125,0.0510803894426436,-0.8516609922317621,0.132484428370131,0.5715371617460968,0.0541864731373086,-0.1417806950288363,-0.4864685772839422,0.1412870890189311,-0.0009688720422725,0.4060468917952879,0.234192265004699,0.5549974019961418,0.0140576463190273,0.3547591622186937,-0.4289470243255512,0.1273973104704045,0.0152293951960787,-0.4844704194330868,0.0027958011959606,0.1321402465769226,0.0524971529590221,0.9985628949714308,0.1299663533732784,0.000840779142992,0.8886985284243151,0.0002029185103068,0.0655687867978563,0.744738069547906,0.2297179975755858,0.3392542327168591,0.5052206273191041,0.3879438869616712,0.7122999315086683,0.3384193364242871,0.4399805827743853,0.5979807061899549,0.5142012940582728,0.5506605763784594,0.1221470276265178,0.1764238571785311,0.1479051156907494,0.4534504804121284,0.4591042182441102,0.3321146908352806,0.76,31867
0,0,0.6407610076381495,-0.2896312917778125,0.0510803894426436,-0.8516609922317621,0.132484428370131,0.5715371617460968,0.0541864731373086,-0.1417806950288363,-0.4864685772839422,0.1412870890189311,-0.0009688720422725,0.4060468917952879,0.234192265004699,0.5549974019961418,0.0140576463190273,0.3547591622186937,-0.4289470243255512,0.1273973104704045,0.0152293951960787,-0.4844704194330868,0.0027958011959606,0.1321402465769226,0.0524971529590221,0.9985628949714308,0.1299663533732784,0.000840779142992,0.8886985284243151,0.0002029185103068,0.0655687867978563,0.744738069547906,0.2297179975755858,0.3392542327168591,0.5052206273191041,0.3879438869616712,0.7122999315086683,0.3384193364242871,0.4399805827743853,0.5979807061899549,0.5142012940582728,0.5506605763784594,0.1221470276265178,0.1764238571785311,0.1479051156907494,0.4534504804121284,0.4591042182441102,0.3321146908352806,0.76,31877
0,0,0.6407610076381495,-0.2896312917778125,0.0510803894426436,-0.8516609922317621,0.132484428370131,0.5715371617460968,0.0541864731373086,-0.1417806950288363,-0.4864685772839422,0.1412870890189311,-0.0009688720422725,0.4060468917952879,0.234192265004699,0.5549974019961418,0.0140576463190273,0.3547591622186937,-0.4289470243255512,0.1273973104704045,0.0152293951960787,-0.4844704194330868,0.0027958011959606,0.1321402465769226,0.0524971529590221,0.9985628949714308,0.1299663533732784,0.000840779142992,0.8886985284243151,0.0002029185103068,0.0655687867978563,0.744738069547906,0.2297179975755858,0.3392542327168591,0.5052206273191041,0.3879438869616712,0.7122999315086683,0.3384193364242871,0.4399805827743853,0.5979807061899549,0.5142012940582728,0.5506605763784594,0.1221470276265178,0.1764238571785311,0.1479051156907494,0.4534504804121284,0.4591042182441102,0.3321146908352806,0.76,31897
0,0,0.6407610076381495,-0.2896312917778125,0.0510803894426436,-0.8516609922317621,0.132484428370131,0.5715371617460968,0.0541864731373086,-0.1417806950288363,-0.4864685772839422,0.1412870890189311,-0.0009688720422725,0.4060468917952879,0.234192265004699,0.5549974019961418,0.0140576463190273,0.3547591622186937,-0.4289470243255512,0.1273973104704045,0.0152293951960787,-0.4844704194330868,0.0027958011959606,0.1321402465769226,0.0524971529590221,0.9985628949714308,0.1299663533732784,0.000840779142992,0.8886985284243151,0.0002029185103068,0.0655687867978563,0.744738069547906,0.2297179975755858,0.3392542327168591,0.5052206273191041,0.3879438869616712,0.7122999315086683,0.3384193364242871,0.4399805827743853,0.5979807061899549,0.5142012940582728,0.5506605763784594,0.1221470276265178,0.1764238571785311,0.1479051156907494,0.4534504804121284,0.4591042182441102,0.3321146908352806,0.76,31907
0,0,0.6407610076381495,-0.2896312917778125,0.0510803894426436,-0.8516609922317621,0.132484428370131,0.5715371617460968,0.0541864731373086,-0.1417806950288363,-0.4864685772839422,0.1412870890189311,-0.0009688720422725,0.4060468917952879,0.234192265004699,0.5549974019961418,0.0140576463190273,0.3547591622186937,-0.4289470243255512,0.1273973104704045,0.0152293951960787,-0.4844704194330868,0.0027958011959606,0.1321402465769226,0.0524971529590221,0.9985628949714308,0.1299663533732784,0.000840779142992,0.8886985284243151,0.0002029185103068,0.0655687867978563,0.744738069547906,0.2297179975755858,0.3392542327168591,0.5052206273191041,0.3879438869616712,0.7122999315086683,0.3384193364242871,0.4399805827743853,0.5979807061899549,0.5142012940582728,0.5506605763784594,0.1221470276265178,0.1764238571785311,0.1479051156907494,0.4534504804121284,0.4591042182441102,0.3321146908352806,0.76,31917
0,0,0.6407610076381495,-0.2896312917778125,0.0510803894426436,-0.8516609922317621,0.132484428370131,0.5715371617460968,0.0541864731373086,-0.1417806950288363,-0.4864685772839422,0.1412870890189311,-0.0009688720422725,0.4060468917952879,0.234192265004699,0.5549974019961418,0.0140576463190273,0.3547591622186937,-0.4289470243255512,0.1273973104704045,0.0152293951960787,-0.4844704194330868,0.0027958011959606,0.1321402465769226,0.0524971529590221,0.9985628949714308,0.1299663533732784,0.000840779142992,0.8886985284243151,0.0002029185103068,0.0655687867978563,0.744738069547906,0.2297179975755858,0.3392542327168591,0.5052206273191041,0.3879438869616712,0.7122999315086683,0.3384193364242871,0.4399805827743853,0.5979807061899549,0.5142012940582728,0.5506605763784594,0.1221470276265178,0.1764238571785311,0.1479051156907494,0.4534504804121284,0.4591042182441102,0.3321146908352806,0.76,31927
0,0,0.6407610076381495,-0.2896312917778125,0.0510803894426436,-0.8516609922317621,0.132484428370131,0.5715371617460968,0.0541864731373086,-0.1417806950288363,-0.4864685772839422,0.1412870890189311,-0.0009688720422725,0.4060468917952879,0.234192265004699,0.5549974019961418,0.0140576463190273,0.3547591622186937,-0.4289470243255512,0.1273973104704045,0.0152293951960787,-0.4844704194330868,0.0027958011959606,0.1321402465769226,0.0524971529590221,0.9985628949714308,0.1299663533732784,0.000840779142992,0.8886985284243151,0.0002029185103068,0.0655687867978563,0.744738069547906,0.2297179975755858,0.3392542327168591,0.5052206273191041,0.3879438869616712,0.7122999315086683,0.3384193364242871,0.4399805827743853,0.5979807061899549,0.5142012940582728,0.5506605763784594,0.1221470276265178,0.1764238571785311,0.1479051156907494,0.4534504804121284,0.4591042182441102,0.3321146908352806,0.76,31938
0,0,-0.0976570696712949,-0.303445822275788,0.209233169238088,-0.8458416987549137,0.7234433133558472,-0.089313931531811,0.8472601410846784,-0.4708006294981575,0.0374032651754032,0.324445194392836,-0.4628981922133907,0.6434600851856822,0.1073997979753935,0.635329835353113,-0.7226059432698653,0.5505577881588465,-0.7282115449352902,-0.8667151757942182,-0.0808951040765371,-0.6143292066182173,0.0056177929309577,0.1323671002735115,0.0524723563733249,0.9986710552534168,0.1312477853329777,0.0010049369521102,0.883467083976676,0.0001,0.0662591936653835,0.7427017352116702,0.1557515119199026,0.0820792614383577,0.0001116847053189,0.2211245710257516,0.181502900706033,0.186699950451062,0.7582810671655017,0.5408754305132508,0.5620981523100528,0.0279247391516672,0.1467392210682328,0.1652119951905586,0.2103584302544819,0.454546075361101,0.4469489779939055,0.142638722993584,0.85,3194
0,0,0.6407610076381495,-0.2896312917778125,0.0510803894426436,-0.8516609922317621,0.132484428370131,0.5715371617460968,0.0541864731373086,-0.1417806950288363,-0.4864685772839422,0.1412870890189311,-0.0009688720422725,0.4060468917952879,0.234192265004699,0.5549974019961418,0.0140576463190273,0.3547591622186937,-0.4289470243255512,0.1273973104704045,0.0152293951960787,-0.4844704194330868,0.0027958011959606,0.1321402465769226,0.0524971529590221,0.9985628949714308,0.1299663533732784,0.000840779142992,0.8886985284243151,0.0002029185103068,0.0655687867978563,0.744738069547906,0.2297179975755858,0.3392542327168591,0.5052206273191041,0.3879438869616712,0.7122999315086683,0.3384193364242871,0.4399805827743853,0.5979807061899549,0.5142012940582728,0.5506605763784594,0.1221470276265178,0.1764238571785311,0.1479051156907494,0.4534504804121284,0.4591042182441102,0.3321146908352806,0.76,31949
0,0,0.6407610076381495,-0.2896312917778125,0.0510803894426436,-0.8516609922317621,0.132484428370131,0.5715371617460968,0.0541864731373086,-0.1417806950288363,-0.4864685772839422,0.1412870890189311,-0.0009688720422725,0.4060468917952879,0.234192265004699,0.5549974019961418,0.0140576463190273,0.3547591622186937,-0.4289470243255512,0.1273973104704045,0.0152293951960787,-0.4844704194330868,0.0027958011959606,0.1321402465769226,0.0524971529590221,0.9985628949714308,0.1299663533732784,0.000840779142992,0.8886985284243151,0.0002029185103068,0.0655687867978563,0.744738069547906,0.2297179975755858,0.3392542327168591,0.5052206273191041,0.3879438869616712,0.7122999315086683,0.3384193364242871,0.4399805827743853,0.5979807061899549,0.5142012940582728,0.5506605763784594,0.1221470276265178,0.1764238571785311,0.1479051156907494,0.4534504804121284,0.4591042182441102,0.3321146908352806,0.76,31968
0,0,0.6407610076381495,-0.2896312917778125,0.0510803894426436,-0.8516609922317621,0.132484428370131,0.5715371617460968,0.0541864731373086,-0.1417806950288363,-0.4864685772839422,0.1412870890189311,-0.0009688720422725,0.4060468917952879,0.234192265004699,0.5549974019961418,0.0140576463190273,0.3547591622186937,-0.4289470243255512,0.1273973104704045,0.0152293951960787,-0.4844704194330868,0.0027958011959606,0.1321402465769226,0.0524971529590221,0.9985628949714308,0.1299663533732784,0.000840779142992,0.8886985284243151,0.0002029185103068,0.0655687867978563,0.744738069547906,0.2297179975755858,0.3392542327168591,0.5052206273191041,0.3879438869616712,0.7122999315086683,0.3384193364242871,0.4399805827743853,0.5979807061899549,0.5142012940582728,0.5506605763784594,0.1221470276265178,0.1764238571785311,0.1479051156907494,0.4534504804121284,0.4591042182441102,0.3321146908352806,0.76,31978
0,0,0.6407610076381495,-0.2896312917778125,0.0510803894426436,-0.8516609922317621,0.132484428370131,0.5715371617460968,0.0541864731373086,-0.1417806950288363,-0.4864685772839422,0.1412870890189311,-0.0009688720422725,0.4060468917952879,0.234192265004699,0.5549974019961418,0.0140576463190273,0.3547591622186937,-0.4289470243255512,0.1273973104704045,0.0152293951960787,-0.4844704194330868,0.0027958011959606,0.1321402465769226,0.0524971529590221,0.9985628949714308,0.1299663533732784,0.000840779142992,0.8886985284243151,0.0002029185103068,0.0655687867978563,0.744738069547906,0.2297179975755858,0.3392542327168591,0.5052206273191041,0.3879438869616712,0.7122999315086683,0.3384193364242871,0.4399805827743853,0.5979807061899549,0.5142012940582728,0.5506605763784594,0.1221470276265178,0.1764238571785311,0.1479051156907494,0.4534504804121284,0.4591042182441102,0.3321146908352806,0.76,31988
0,0,0.6407610076381495,-0.2896312917778125,0.0510803894426436,-0.8516609922317621,0.132484428370131,0.5715371617460968,0.0541864731373086,-0.1417806950288363,-0.4864685772839422,0.1412870890189311,-0.0009688720422725,0.4060468917952879,0.234192265004699,0.5549974019961418,0.0140576463190273,0.3547591622186937,-0.4289470243255512,0.1273973104704045,0.0152293951960787,-0.4844704194330868,0.0027958011959606,0.1321402465769226,0.0524971529590221,0.9985628949714308,0.1299663533732784,0.000840779142992,0.8886985284243151,0.0002029185103068,0.0655687867978563,0.744738069547906,0.2297179975755858,0.3392542327168591,0.5052206273191041,0.3879438869616712,0.7122999315086683,0.3384193364242871,0.4399805827743853,0.5979807061899549,0.5142012940582728,0.5506605763784594,0.1221470276265178,0.1764238571785311,0.1479051156907494,0.4534504804121284,0.4591042182441102,0.3321146908352806,0.76,31998
0,0,0.6407610076381495,-0.2896312917778125,0.0510803894426436,-0.8516609922317621,0.132484428370131,0.5715371617460968,0.0541864731373086,-0.1417806950288363,-0.4864685772839422,0.1412870890189311,-0.0009688720422725,0.4060468917952879,0.234192265004699,0.5549974019961418,0.0140576463190273,0.3547591622186937,-0.4289470243255512,0.1273973104704045,0.0152293951960787,-0.4844704194330868,0.0027958011959606,0.1321402465769226,0.0524971529590221,0.9985628949714308,0.1299663533732784,0.000840779142992,0.8886985284243151,0.0002029185103068,0.0655687867978563,0.744738069547906,0.2297179975755858,0.3392542327168591,0.5052206273191041,0.3879438869616712,0.7122999315086683,0.3384193364242871,0.4399805827743853,0.5979807061899549,0.5142012940582728,0.5506605763784594,0.1221470276265178,0.1764238571785311,0.1479051156907494,0.4534504804121284,0.4591042182441102,0.3321146908352806,0.76,32008
0,0,0.6407610076381495,-0.2896312917778125,0.0510803894426436,-0.8516609922317621,0.132484428370131,0.5715371617460968,0.0541864731373086,-0.1417806950288363,-0.4864685772839422,0.1412870890189311,-0.0009688720422725,0.4060468917952879,0.234192265004699,0.5549974019961418,0.0140576463190273,0.3547591622186937,-0.4289470243255512,0.1273973104704045,0.0152293951960787,-0.4844704194330868,0.0027958011959606,0.1321402465769226,0.0524971529590221,0.9985628949714308,0.1299663533732784,0.000840779142992,0.8886985284243151,0.0002029185103068,0.0655687867978563,0.744738069547906,0.2297179975755858,0.3392542327168591,0.5052206273191041,0.3879438869616712,0.7122999315086683,0.3384193364242871,0.4399805827743853,0.5979807061899549,0.5142012940582728,0.5506605763784594,0.1221470276265178,0.1764238571785311,0.1479051156907494,0.4534504804121284,0.4591042182441102,0.3321146908352806,0.76,32019
0,0,0.6407610076381495,-0.2896312917778125,0.0510803894426436,-0.8516609922317621,0.132484428370131,0.5715371617460968,0.0541864731373086,-0.1417806950288363,-0.4864685772839422,0.1412870890189311,-0.0009688720422725,0.4060468917952879,0.234192265004699,0.5549974019961418,0.0140576463190273,0.3547591622186937,-0.4289470243255512,0.1273973104704045,0.0152293951960787,-0.4844704194330868,0.0027958011959606,0.1321402465769226,0.0524971529590221,0.9985628949714308,0.1299663533732784,0.000840779142992,0.8886985284243151,0.0002029185103068,0.0655687867978563,0.744738069547906,0.2297179975755858,0.3392542327168591,0.5052206273191041,0.3879438869616712,0.7122999315086683,0.3384193364242871,0.4399805827743853,0.5979807061899549,0.5142012940582728,0.5506605763784594,0.1221470276265178,0.1764238571785311,0.1479051156907494,0.4534504804121284,0.4591042182441102,0.3321146908352806,0.76,32029
0,0,0.6407610076381495,-0.2896312917778125,0.0510803894426436,-0.8516609922317621,0.132484428370131,0.5715371617460968,0.0541864731373086,-0.1417806950288363,-0.4864685772839422,0.1412870890189311,-0.0009688720422725,0.4060468917952879,0.234192265004699,0.5549974019961418,0.0140576463190273,0.3547591622186937,-0.4289470243255512,0.1273973104704045,0.0152293951960787,-0.4844704194330868,0.0027958011959606,0.1321402465769226,0.0524971529590221,0.9985628949714308,0.1299663533732784,0.000840779142992,0.8886985284243151,0.0002029185103068,0.0655687867978563,0.744738069547906,0.2297179975755858,0.3392542327168591,0.5052206273191041,0.3879438869616712,0.7122999315086683,0.3384193364242871,0.4399805827743853,0.5979807061899549,0.5142012940582728,0.5506605763784594,0.1221470276265178,0.1764238571785311,0.1479051156907494,0.4534504804121284,0.4591042182441102,0.3321146908352806,0.76,32049
0,0,0.6407610076381495,-0.2896312917778125,0.0510803894426436,-0.8516609922317621,0.132484428370131,0.5715371617460968,0.0541864731373086,-0.1417806950288363,-0.4864685772839422,0.1412870890189311,-0.0009688720422725,0.4060468917952879,0.234192265004699,0.5549974019961418,0.0140576463190273,0.3547591622186937,-0.4289470243255512,0.1273973104704045,0.0152293951960787,-0.4844704194330868,0.0027958011959606,0.1321402465769226,0.0524971529590221,0.9985628949714308,0.1299663533732784,0.000840779142992,0.8886985284243151,0.0002029185103068,0.0655687867978563,0.744738069547906,0.2297179975755858,0.3392542327168591,0.5052206273191041,0.3879438869616712,0.7122999315086683,0.3384193364242871,0.4399805827743853,0.5979807061899549,0.5142012940582728,0.5506605763784594,0.1221470276265178,0.1764238571785311,0.1479051156907494,0.4534504804121284,0.4591042182441102,0.3321146908352806,0.76,32059
0,0,0.6407610076381495,-0.2896312917778125,0.0510803894426436,-0.8516609922317621,0.132484428370131,0.5715371617460968,0.0541864731373086,-0.1417806950288363,-0.4864685772839422,0.1412870890189311,-0.0009688720422725,0.4060468917952879,0.234192265004699,0.5549974019961418,0.0140576463190273,0.3547591622186937,-0.4289470243255512,0.1273973104704045,0.0152293951960787,-0.4844704194330868,0.0027958011959606,0.1321402465769226,0.0524971529590221,0.9985628949714308,0.1299663533732784,0.000840779142992,0.8886985284243151,0.0002029185103068,0.0655687867978563,0.744738069547906,0.2297179975755858,0.3392542327168591,0.5052206273191041,0.3879438869616712,0.7122999315086683,0.3384193364242871,0.4399805827743853,0.5979807061899549,0.5142012940582728,0.5506605763784594,0.1221470276265178,0.1764238571785311,0.1479051156907494,0.4534504804121284,0.4591042182441102,0.3321146908352806,0.76,32069
0,0,0.6407610076381495,-0.2896312917778125,0.0510803894426436,-0.8516609922317621,0.132484428370131,0.5715371617460968,0.0541864731373086,-0.1417806950288363,-0.4864685772839422,0.1412870890189311,-0.0009688720422725,0.4060468917952879,0.234192265004699,0.5549974019961418,0.0140576463190273,0.3547591622186937,-0.4289470243255512,0.1273973104704045,0.0152293951960787,-0.4844704194330868,0.0027958011959606,0.1321402465769226,0.0524971529590221,0.9985628949714308,0.1299663533732784,0.000840779142992,0.8886985284243151,0.0002029185103068,0.0655687867978563,0.744738069547906,0.2297179975755858,0.3392542327168591,0.5052206273191041,0.3879438869616712,0.7122999315086683,0.3384193364242871,0.4399805827743853,0.5979807061899549,0.5142012940582728,0.5506605763784594,0.1221470276265178,0.1764238571785311,0.1479051156907494,0.4534504804121284,0.4591042182441102,0.3321146908352806,0.76,32079
0,0,0.6407610076381495,-0.2896312917778125,0.0510803894426436,-0.8516609922317621,0.132484428370131,0.5715371617460968,0.0541864731373086,-0.1417806950288363,-0.4864685772839422,0.1412870890189311,-0.0009688720422725,0.4060468917952879,0.234192265004699,0.5549974019961418,0.0140576463190273,0.3547591622186937,-0.4289470243255512,0.1273973104704045,0.0152293951960787,-0.4844704194330868,0.0027958011959606,0.1321402465769226,0.0524971529590221,0.9985628949714308,0.1299663533732784,0.000840779142992,0.8886985284243151,0.0002029185103068,0.0655687867978563,0.744738069547906,0.2297179975755858,0.3392542327168591,0.5052206273191041,0.3879438869616712,0.7122999315086683,0.3384193364242871,0.4399805827743853,0.5979807061899549,0.5142012940582728,0.5506605763784594,0.1221470276265178,0.1764238571785311,0.1479051156907494,0.4534504804121284,0.4591042182441102,0.3321146908352806,0.76,32089
0,0,0.6407610076381495,-0.2896312917778125,0.0510803894426436,-0.8516609922317621,0.132484428370131,0.5715371617460968,0.0541864731373086,-0.1417806950288363,-0.4864685772839422,0.1412870890189311,-0.0009688720422725,0.4060468917952879,0.234192265004699,0.5549974019961418,0.0140576463190273,0.3547591622186937,-0.4289470243255512,0.1273973104704045,0.0152293951960787,-0.4844704194330868,0.0027958011959606,0.1321402465769226,0.0524971529590221,0.9985628949714308,0.1299663533732784,0.000840779142992,0.8886985284243151,0.0002029185103068,0.0655687867978563,0.744738069547906,0.2297179975755858,0.3392542327168591,0.5052206273191041,0.3879438869616712,0.7122999315086683,0.3384193364242871,0.4399805827743853,0.5979807061899549,0.5142012940582728,0.5506605763784594,0.1221470276265178,0.1764238571785311,0.1479051156907494,0.4534504804121284,0.4591042182441102,0.3321146908352806,0.76,32100
0,0,0.6407610076381495,-0.2896312917778125,0.0510803894426436,-0.8516609922317621,0.132484428370131,0.5715371617460968,0.0541864731373086,-0.1417806950288363,-0.4864685772839422,0.1412870890189311,-0.0009688720422725,0.4060468917952879,0.234192265004699,0.5549974019961418,0.0140576463190273,0.3547591622186937,-0.4289470243255512,0.1273973104704045,0.0152293951960787,-0.4844704194330868,0.0027958011959606,0.1321402465769226,0.0524971529590221,0.9985628949714308,0.1299663533732784,0.000840779142992,0.8886985284243151,0.0002029185103068,0.0655687867978563,0.744738069547906,0.2297179975755858,0.3392542327168591,0.5052206273191041,0.3879438869616712,0.7122999315086683,0.3384193364242871,0.4399805827743853,0.5979807061899549,0.5142012940582728,0.5506605763784594,0.1221470276265178,0.1764238571785311,0.1479051156907494,0.4534504804121284,0.4591042182441102,0.3321146908352806,0.76,32111
0,0,0.6407610076381495,-0.2896312917778125,0.0510803894426436,-0.8516609922317621,0.132484428370131,0.5715371617460968,0.0541864731373086,-0.1417806950288363,-0.4864685772839422,0.1412870890189311,-0.0009688720422725,0.4060468917952879,0.234192265004699,0.5549974019961418,0.0140576463190273,0.3547591622186937,-0.4289470243255512,0.1273973104704045,0.0152293951960787,-0.4844704194330868,0.0027958011959606,0.1321402465769226,0.0524971529590221,0.9985628949714308,0.1299663533732784,0.000840779142992,0.8886985284243151,0.0002029185103068,0.0655687867978563,0.744738069547906,0.2297179975755858,0.3392542327168591,0.5052206273191041,0.3879438869616712,0.7122999315086683,0.3384193364242871,0.4399805827743853,0.5979807061899549,0.5142012940582728,0.5506605763784594,0.1221470276265178,0.1764238571785311,0.1479051156907494,0.4534504804121284,0.4591042182441102,0.3321146908352806,0.76,32121
0,0,0.6407610076381495,-0.2896312917778125,0.0510803894426436,-0.8516609922317621,0.132484428370131,0.5715371617460968,0.0541864731373086,-0.1417806950288363,-0.4864685772839422,0.1412870890189311,-0.0009688720422725,0.4060468917952879,0.234192265004699,0.5549974019961418,0.0140576463190273,0.3547591622186937,-0.4289470243255512,0.1273973104704045,0.0152293951960787,-0.4844704194330868,0.0027958011959606,0.1321402465769226,0.0524971529590221,0.9985628949714308,0.1299663533732784,0.000840779142992,0.8886985284243151,0.0002029185103068,0.0655687867978563,0.744738069547906,0.2297179975755858,0.3392542327168591,0.5052206273191041,0.3879438869616712,0.7122999315086683,0.3384193364242871,0.4399805827743853,0.5979807061899549,0.5142012940582728,0.5506605763784594,0.1221470276265178,0.1764238571785311,0.1479051156907494,0.4534504804121284,0.4591042182441102,0.3321146908352806,0.76,32140
0,0,0.6407610076381495,-0.2896312917778125,0.0510803894426436,-0.8516609922317621,0.132484428370131,0.5715371617460968,0.0541864731373086,-0.1417806950288363,-0.4864685772839422,0.1412870890189311,-0.0009688720422725,0.4060468917952879,0.234192265004699,0.5549974019961418,0.0140576463190273,0.3547591622186937,-0.4289470243255512,0.1273973104704045,0.0152293951960787,-0.4844704194330868,0.0027958011959606,0.1321402465769226,0.0524971529590221,0.9985628949714308,0.1299663533732784,0.000840779142992,0.8886985284243151,0.0002029185103068,0.0655687867978563,0.744738069547906,0.2297179975755858,0.3392542327168591,0.5052206273191041,0.3879438869616712,0.7122999315086683,0.3384193364242871,0.4399805827743853,0.5979807061899549,0.5142012940582728,0.5506605763784594,0.1221470276265178,0.1764238571785311,0.1479051156907494,0.4534504804121284,0.4591042182441102,0.3321146908352806,0.76,32150
0,0,0.6407610076381495,-0.2896312917778125,0.0510803894426436,-0.8516609922317621,0.132484428370131,0.5715371617460968,0.0541864731373086,-0.1417806950288363,-0.4864685772839422,0.1412870890189311,-0.0009688720422725,0.4060468917952879,0.234192265004699,0.5549974019961418,0.0140576463190273,0.3547591622186937,-0.4289470243255512,0.1273973104704045,0.0152293951960787,-0.4844704194330868,0.0027958011959606,0.1321402465769226,0.0524971529590221,0.9985628949714308,0.1299663533732784,0.000840779142992,0.8886985284243151,0.0002029185103068,0.0655687867978563,0.744738069547906,0.2297179975755858,0.3392542327168591,0.5052206273191041,0.3879438869616712,0.7122999315086683,0.3384193364242871,0.4399805827743853,0.5979807061899549,0.5142012940582728,0.5506605763784594,0.1221470276265178,0.1764238571785311,0.1479051156907494,0.4534504804121284,0.4591042182441102,0.3321146908352806,0.76,32161
0,0,0.6407610076381495,-0.2896312917778125,0.0510803894426436,-0.8516609922317621,0.132484428370131,0.5715371617460968,0.0541864731373086,-0.1417806950288363,-0.4864685772839422,0.1412870890189311,-0.0009688720422725,0.4060468917952879,0.234192265004699,0.5549974019961418,0.0140576463190273,0.3547591622186937,-0.4289470243255512,0.1273973104704045,0.0152293951960787,-0.4844704194330868,0.0027958011959606,0.1321402465769226,0.0524971529590221,0.9985628949714308,0.1299663533732784,0.000840779142992,0.8886985284243151,0.0002029185103068,0.0655687867978563,0.744738069547906,0.2297179975755858,0.3392542327168591,0.5052206273191041,0.3879438869616712,0.7122999315086683,0.3384193364242871,0.4399805827743853,0.5979807061899549,0.5142012940582728,0.5506605763784594,0.1221470276265178,0.1764238571785311,0.1479051156907494,0.4534504804121284,0.4591042182441102,0.3321146908352806,0.76,32171
0,0,0.6407610076381495,-0.2896312917778125,0.0510803894426436,-0.8516609922317621,0.132484428370131,0.5715371617460968,0.0541864731373086,-0.1417806950288363,-0.4864685772839422,0.1412870890189311,-0.0009688720422725,0.4060468917952879,0.234192265004699,0.5549974019961418,0.0140576463190273,0.3547591622186937,-0.4289470243255512,0.1273973104704045,0.0152293951960787,-0.4844704194330868,0.0027958011959606,0.1321402465769226,0.0524971529590221,0.9985628949714308,0.1299663533732784,0.000840779142992,0.8886985284243151,0.0002029185103068,0.0655687867978563,0.744738069547906,0.2297179975755858,0.3392542327168591,0.5052206273191041,0.3879438869616712,0.7122999315086683,0.3384193364242871,0.4399805827743853,0.5979807061899549,0.5142012940582728,0.5506605763784594,0.1221470276265178,0.1764238571785311,0.1479051156907494,0.4534504804121284,0.4591042182441102,0.3321146908352806,0.76,32181
0,0,0.6407610076381495,-0.2896312917778125,0.0510803894426436,-0.8516609922317621,0.132484428370131,0.5715371617460968,0.0541864731373086,-0.1417806950288363,-0.4864685772839422,0.1412870890189311,-0.0009688720422725,0.4060468917952879,0.234192265004699,0.5549974019961418,0.0140576463190273,0.3547591622186937,-0.4289470243255512,0.1273973104704045,0.0152293951960787,-0.4844704194330868,0.0027958011959606,0.1321402465769226,0.0524971529590221,0.9985628949714308,0.1299663533732784,0.000840779142992,0.8886985284243151,0.0002029185103068,0.0655687867978563,0.744738069547906,0.2297179975755858,0.3392542327168591,0.5052206273191041,0.3879438869616712,0.7122999315086683,0.3384193364242871,0.4399805827743853,0.5979807061899549,0.5142012940582728,0.5506605763784594,0.1221470276265178,0.1764238571785311,0.1479051156907494,0.4534504804121284,0.4591042182441102,0.3321146908352806,0.76,32191
0,0,0.6407610076381495,-0.2896312917778125,0.0510803894426436,-0.8516609922317621,0.132484428370131,0.5715371617460968,0.0541864731373086,-0.1417806950288363,-0.4864685772839422,0.1412870890189311,-0.0009688720422725,0.4060468917952879,0.234192265004699,0.5549974019961418,0.0140576463190273,0.3547591622186937,-0.4289470243255512,0.1273973104704045,0.0152293951960787,-0.4844704194330868,0.0027958011959606,0.1321402465769226,0.0524971529590221,0.9985628949714308,0.1299663533732784,0.000840779142992,0.8886985284243151,0.0002029185103068,0.0655687867978563,0.744738069547906,0.2297179975755858,0.3392542327168591,0.5052206273191041,0.3879438869616712,0.7122999315086683,0.3384193364242871,0.4399805827743853,0.5979807061899549,0.5142012940582728,0.5506605763784594,0.1221470276265178,0.1764238571785311,0.1479051156907494,0.4534504804121284,0.4591042182441102,0.3321146908352806,0.76,32202
0,0,0.6407610076381495,-0.2896312917778125,0.0510803894426436,-0.8516609922317621,0.132484428370131,0.5715371617460968,0.0541864731373086,-0.1417806950288363,-0.4864685772839422,0.1412870890189311,-0.0009688720422725,0.4060468917952879,0.234192265004699,0.5549974019961418,0.0140576463190273,0.3547591622186937,-0.4289470243255512,0.1273973104704045,0.0152293951960787,-0.4844704194330868,0.0027958011959606,0.1321402465769226,0.0524971529590221,0.9985628949714308,0.1299663533732784,0.000840779142992,0.8886985284243151,0.0002029185103068,0.0655687867978563,0.744738069547906,0.2297179975755858,0.3392542327168591,0.5052206273191041,0.3879438869616712,0.7122999315086683,0.3384193364242871,0.4399805827743853,0.5979807061899549,0.5142012940582728,0.5506605763784594,0.1221470276265178,0.1764238571785311,0.1479051156907494,0.4534504804121284,0.4591042182441102,0.3321146908352806,0.76,32212
0,0,0.6407610076381495,-0.2896312917778125,0.0510803894426436,-0.8516609922317621,0.132484428370131,0.5715371617460968,0.0541864731373086,-0.1417806950288363,-0.4864685772839422,0.1412870890189311,-0.0009688720422725,0.4060468917952879,0.234192265004699,0.5549974019961418,0.0140576463190273,0.3547591622186937,-0.4289470243255512,0.1273973104704045,0.0152293951960787,-0.4844704194330868,0.0027958011959606,0.1321402465769226,0.0524971529590221,0.9985628949714308,0.1299663533732784,0.000840779142992,0.8886985284243151,0.0002029185103068,0.0655687867978563,0.744738069547906,0.2297179975755858,0.3392542327168591,0.5052206273191041,0.3879438869616712,0.7122999315086683,0.3384193364242871,0.4399805827743853,0.5979807061899549,0.5142012940582728,0.5506605763784594,0.1221470276265178,0.1764238571785311,0.1479051156907494,0.4534504804121284,0.4591042182441102,0.3321146908352806,0.76,32223
0,0,0.6407610076381495,-0.2896312917778125,0.0510803894426436,-0.8516609922317621,0.132484428370131,0.5715371617460968,0.0541864731373086,-0.1417806950288363,-0.4864685772839422,0.1412870890189311,-0.0009688720422725,0.4060468917952879,0.234192265004699,0.5549974019961418,0.0140576463190273,0.3547591622186937,-0.4289470243255512,0.1273973104704045,0.0152293951960787,-0.4844704194330868,0.0027958011959606,0.1321402465769226,0.0524971529590221,0.9985628949714308,0.1299663533732784,0.000840779142992,0.8886985284243151,0.0002029185103068,0.0655687867978563,0.744738069547906,0.2297179975755858,0.3392542327168591,0.5052206273191041,0.3879438869616712,0.7122999315086683,0.3384193364242871,0.4399805827743853,0.5979807061899549,0.5142012940582728,0.5506605763784594,0.1221470276265178,0.1764238571785311,0.1479051156907494,0.4534504804121284,0.4591042182441102,0.3321146908352806,0.76,32233
0,0,0.6407610076381495,-0.2896312917778125,0.0510803894426436,-0.8516609922317621,0.132484428370131,0.5715371617460968,0.0541864731373086,-0.1417806950288363,-0.4864685772839422,0.1412870890189311,-0.0009688720422725,0.4060468917952879,0.234192265004699,0.5549974019961418,0.0140576463190273,0.3547591622186937,-0.4289470243255512,0.1273973104704045,0.0152293951960787,-0.4844704194330868,0.0027958011959606,0.1321402465769226,0.0524971529590221,0.9985628949714308,0.1299663533732784,0.000840779142992,0.8886985284243151,0.0002029185103068,0.0655687867978563,0.744738069547906,0.2297179975755858,0.3392542327168591,0.5052206273191041,0.3879438869616712,0.7122999315086683,0.3384193364242871,0.4399805827743853,0.5979807061899549,0.5142012940582728,0.5506605763784594,0.1221470276265178,0.1764238571785311,0.1479051156907494,0.4534504804121284,0.4591042182441102,0.3321146908352806,0.76,32243
0,0,0.6407610076381495,-0.2896312917778125,0.0510803894426436,-0.8516609922317621,0.132484428370131,0.5715371617460968,0.0541864731373086,-0.1417806950288363,-0.4864685772839422,0.1412870890189311,-0.0009688720422725,0.4060468917952879,0.234192265004699,0.5549974019961418,0.0140576463190273,0.3547591622186937,-0.4289470243255512,0.1273973104704045,0.0152293951960787,-0.4844704194330868,0.0027958011959606,0.1321402465769226,0.0524971529590221,0.9985628949714308,0.1299663533732784,0.000840779142992,0.8886985284243151,0.0002029185103068,0.0655687867978563,0.744738069547906,0.2297179975755858,0.3392542327168591,0.5052206273191041,0.3879438869616712,0.7122999315086683,0.3384193364242871,0.4399805827743853,0.5979807061899549,0.5142012940582728,0.5506605763784594,0.1221470276265178,0.1764238571785311,0.1479051156907494,0.4534504804121284,0.4591042182441102,0.3321146908352806,0.76,32253
0,0,0.6407610076381495,-0.2896312917778125,0.0510803894426436,-0.8516609922317621,0.132484428370131,0.5715371617460968,0.0541864731373086,-0.1417806950288363,-0.4864685772839422,0.1412870890189311,-0.0009688720422725,0.4060468917952879,0.234192265004699,0.5549974019961418,0.0140576463190273,0.3547591622186937,-0.4289470243255512,0.1273973104704045,0.0152293951960787,-0.4844704194330868,0.0027958011959606,0.1321402465769226,0.0524971529590221,0.9985628949714308,0.1299663533732784,0.000840779142992,0.8886985284243151,0.0002029185103068,0.0655687867978563,0.744738069547906,0.2297179975755858,0.3392542327168591,0.5052206273191041,0.3879438869616712,0.7122999315086683,0.3384193364242871,0.4399805827743853,0.5979807061899549,0.5142012940582728,0.5506605763784594,0.1221470276265178,0.1764238571785311,0.1479051156907494,0.4534504804121284,0.4591042182441102,0.3321146908352806,0.76,32264
0,0,0.6407610076381495,-0.2896312917778125,0.0510803894426436,-0.8516609922317621,0.132484428370131,0.5715371617460968,0.0541864731373086,-0.1417806950288363,-0.4864685772839422,0.1412870890189311,-0.0009688720422725,0.4060468917952879,0.234192265004699,0.5549974019961418,0.0140576463190273,0.3547591622186937,-0.4289470243255512,0.1273973104704045,0.0152293951960787,-0.4844704194330868,0.0027958011959606,0.1321402465769226,0.0524971529590221,0.9985628949714308,0.1299663533732784,0.000840779142992,0.8886985284243151,0.0002029185103068,0.0655687867978563,0.744738069547906,0.2297179975755858,0.3392542327168591,0.5052206273191041,0.3879438869616712,0.7122999315086683,0.3384193364242871,0.4399805827743853,0.5979807061899549,0.5142012940582728,0.5506605763784594,0.1221470276265178,0.1764238571785311,0.1479051156907494,0.4534504804121284,0.4591042182441102,0.3321146908352806,0.76,32274
0,0,0.6407610076381495,-0.2896312917778125,0.0510803894426436,-0.8516609922317621,0.132484428370131,0.5715371617460968,0.0541864731373086,-0.1417806950288363,-0.4864685772839422,0.1412870890189311,-0.0009688720422725,0.4060468917952879,0.234192265004699,0.5549974019961418,0.0140576463190273,0.3547591622186937,-0.4289470243255512,0.1273973104704045,0.0152293951960787,-0.4844704194330868,0.0027958011959606,0.1321402465769226,0.0524971529590221,0.9985628949714308,0.1299663533732784,0.000840779142992,0.8886985284243151,0.0002029185103068,0.0655687867978563,0.744738069547906,0.2297179975755858,0.3392542327168591,0.5052206273191041,0.3879438869616712,0.7122999315086683,0.3384193364242871,0.4399805827743853,0.5979807061899549,0.5142012940582728,0.5506605763784594,0.1221470276265178,0.1764238571785311,0.1479051156907494,0.4534504804121284,0.4591042182441102,0.3321146908352806,0.76,32293
0,0,0.6407610076381495,-0.2896312917778125,0.0510803894426436,-0.8516609922317621,0.132484428370131,0.5715371617460968,0.0541864731373086,-0.1417806950288363,-0.4864685772839422,0.1412870890189311,-0.0009688720422725,0.4060468917952879,0.234192265004699,0.5549974019961418,0.0140576463190273,0.3547591622186937,-0.4289470243255512,0.1273973104704045,0.0152293951960787,-0.4844704194330868,0.0027958011959606,0.1321402465769226,0.0524971529590221,0.9985628949714308,0.1299663533732784,0.000840779142992,0.8886985284243151,0.0002029185103068,0.0655687867978563,0.744738069547906,0.2297179975755858,0.3392542327168591,0.5052206273191041,0.3879438869616712,0.7122999315086683,0.3384193364242871,0.4399805827743853,0.5979807061899549,0.5142012940582728,0.5506605763784594,0.1221470276265178,0.1764238571785311,0.1479051156907494,0.4534504804121284,0.4591042182441102,0.3321146908352806,0.76,32303
0,0,0.6407610076381495,-0.2896312917778125,0.0510803894426436,-0.8516609922317621,0.132484428370131,0.5715371617460968,0.0541864731373086,-0.1417806950288363,-0.4864685772839422,0.1412870890189311,-0.0009688720422725,0.4060468917952879,0.234192265004699,0.5549974019961418,0.0140576463190273,0.3547591622186937,-0.4289470243255512,0.1273973104704045,0.0152293951960787,-0.4844704194330868,0.0027958011959606,0.1321402465769226,0.0524971529590221,0.9985628949714308,0.1299663533732784,0.000840779142992,0.8886985284243151,0.0002029185103068,0.0655687867978563,0.744738069547906,0.2297179975755858,0.3392542327168591,0.5052206273191041,0.3879438869616712,0.7122999315086683,0.3384193364242871,0.4399805827743853,0.5979807061899549,0.5142012940582728,0.5506605763784594,0.1221470276265178,0.1764238571785311,0.1479051156907494,0.4534504804121284,0.4591042182441102,0.3321146908352806,0.76,32313
0,0,0.6407610076381495,-0.2896312917778125,0.0510803894426436,-0.8516609922317621,0.132484428370131,0.5715371617460968,0.0541864731373086,-0.1417806950288363,-0.4864685772839422,0.1412870890189311,-0.0009688720422725,0.4060468917952879,0.234192265004699,0.5549974019961418,0.0140576463190273,0.3547591622186937,-0.4289470243255512,0.1273973104704045,0.0152293951960787,-0.4844704194330868,0.0027958011959606,0.1321402465769226,0.0524971529590221,0.9985628949714308,0.1299663533732784,0.000840779142992,0.8886985284243151,0.0002029185103068,0.0655687867978563,0.744738069547906,0.2297179975755858,0.3392542327168591,0.5052206273191041,0.3879438869616712,0.7122999315086683,0.3384193364242871,0.4399805827743853,0.5979807061899549,0.5142012940582728,0.5506605763784594,0.1221470276265178,0.1764238571785311,0.1479051156907494,0.4534504804121284,0.4591042182441102,0.3321146908352806,0.76,32324
0,0,0.6407610076381495,-0.2896312917778125,0.0510803894426436,-0.8516609922317621,0.132484428370131,0.5715371617460968,0.0541864731373086,-0.1417806950288363,-0.4864685772839422,0.1412870890189311,-0.0009688720422725,0.4060468917952879,0.234192265004699,0.5549974019961418,0.0140576463190273,0.3547591622186937,-0.4289470243255512,0.1273973104704045,0.0152293951960787,-0.4844704194330868,0.0027958011959606,0.1321402465769226,0.0524971529590221,0.9985628949714308,0.1299663533732784,0.000840779142992,0.8886985284243151,0.0002029185103068,0.0655687867978563,0.744738069547906,0.2297179975755858,0.3392542327168591,0.5052206273191041,0.3879438869616712,0.7122999315086683,0.3384193364242871,0.4399805827743853,0.5979807061899549,0.5142012940582728,0.5506605763784594,0.1221470276265178,0.1764238571785311,0.1479051156907494,0.4534504804121284,0.4591042182441102,0.3321146908352806,0.76,32334
0,0,0.6407610076381495,-0.2896312917778125,0.0510803894426436,-0.8516609922317621,0.132484428370131,0.5715371617460968,0.0541864731373086,-0.1417806950288363,-0.4864685772839422,0.1412870890189311,-0.0009688720422725,0.4060468917952879,0.234192265004699,0.5549974019961418,0.0140576463190273,0.3547591622186937,-0.4289470243255512,0.1273973104704045,0.0152293951960787,-0.4844704194330868,0.0027958011959606,0.1321402465769226,0.0524971529590221,0.9985628949714308,0.1299663533732784,0.000840779142992,0.8886985284243151,0.0002029185103068,0.0655687867978563,0.744738069547906,0.2297179975755858,0.3392542327168591,0.5052206273191041,0.3879438869616712,0.7122999315086683,0.3384193364242871,0.4399805827743853,0.5979807061899549,0.5142012940582728,0.5506605763784594,0.1221470276265178,0.1764238571785311,0.1479051156907494,0.4534504804121284,0.4591042182441102,0.3321146908352806,0.76,32344
0,0,0.6407610076381495,-0.2896312917778125,0.0510803894426436,-0.8516609922317621,0.132484428370131,0.5715371617460968,0.0541864731373086,-0.1417806950288363,-0.4864685772839422,0.1412870890189311,-0.0009688720422725,0.4060468917952879,0.234192265004699,0.5549974019961418,0.0140576463190273,0.3547591622186937,-0.4289470243255512,0.1273973104704045,0.0152293951960787,-0.4844704194330868,0.0027958011959606,0.1321402465769226,0.0524971529590221,0.9985628949714308,0.1299663533732784,0.000840779142992,0.8886985284243151,0.0002029185103068,0.0655687867978563,0.744738069547906,0.2297179975755858,0.3392542327168591,0.5052206273191041,0.3879438869616712,0.7122999315086683,0.3384193364242871,0.4399805827743853,0.5979807061899549,0.5142012940582728,0.5506605763784594,0.1221470276265178,0.1764238571785311,0.1479051156907494,0.4534504804121284,0.4591042182441102,0.3321146908352806,0.76,32355
0,0,0.6407610076381495,-0.2896312917778125,0.0510803894426436,-0.8516609922317621,0.132484428370131,0.5715371617460968,0.0541864731373086,-0.1417806950288363,-0.4864685772839422,0.1412870890189311,-0.0009688720422725,0.4060468917952879,0.234192265004699,0.5549974019961418,0.0140576463190273,0.3547591622186937,-0.4289470243255512,0.1273973104704045,0.0152293951960787,-0.4844704194330868,0.0027958011959606,0.1321402465769226,0.0524971529590221,0.9985628949714308,0.1299663533732784,0.000840779142992,0.8886985284243151,0.0002029185103068,0.0655687867978563,0.744738069547906,0.2297179975755858,0.3392542327168591,0.5052206273191041,0.3879438869616712,0.7122999315086683,0.3384193364242871,0.4399805827743853,0.5979807061899549,0.5142012940582728,0.5506605763784594,0.1221470276265178,0.1764238571785311,0.1479051156907494,0.4534504804121284,0.4591042182441102,0.3321146908352806,0.76,32365
0,0,0.6407610076381495,-0.2896312917778125,0.0510803894426436,-0.8516609922317621,0.132484428370131,0.5715371617460968,0.0541864731373086,-0.1417806950288363,-0.4864685772839422,0.1412870890189311,-0.0009688720422725,0.4060468917952879,0.234192265004699,0.5549974019961418,0.0140576463190273,0.3547591622186937,-0.4289470243255512,0.1273973104704045,0.0152293951960787,-0.4844704194330868,0.0027958011959606,0.1321402465769226,0.0524971529590221,0.9985628949714308,0.1299663533732784,0.000840779142992,0.8886985284243151,0.0002029185103068,0.0655687867978563,0.744738069547906,0.2297179975755858,0.3392542327168591,0.5052206273191041,0.3879438869616712,0.7122999315086683,0.3384193364242871,0.4399805827743853,0.5979807061899549,0.5142012940582728,0.5506605763784594,0.1221470276265178,0.1764238571785311,0.1479051156907494,0.4534504804121284,0.4591042182441102,0.3321146908352806,0.76,32375
0,0,0.6407610076381495,-0.2896312917778125,0.0510803894426436,-0.8516609922317621,0.132484428370131,0.5715371617460968,0.0541864731373086,-0.1417806950288363,-0.4864685772839422,0.1412870890189311,-0.0009688720422725,0.4060468917952879,0.234192265004699,0.5549974019961418,0.0140576463190273,0.3547591622186937,-0.4289470243255512,0.1273973104704045,0.0152293951960787,-0.4844704194330868,0.0027958011959606,0.1321402465769226,0.0524971529590221,0.9985628949714308,0.1299663533732784,0.000840779142992,0.8886985284243151,0.0002029185103068,0.0655687867978563,0.744738069547906,0.2297179975755858,0.3392542327168591,0.5052206273191041,0.3879438869616712,0.7122999315086683,0.3384193364242871,0.4399805827743853,0.5979807061899549,0.5142012940582728,0.5506605763784594,0.1221470276265178,0.1764238571785311,0.1479051156907494,0.4534504804121284,0.4591042182441102,0.3321146908352806,0.76,32393
0,0,0.6407610076381495,-0.2896312917778125,0.0510803894426436,-0.8516609922317621,0.132484428370131,0.5715371617460968,0.0541864731373086,-0.1417806950288363,-0.4864685772839422,0.1412870890189311,-0.0009688720422725,0.4060468917952879,0.234192265004699,0.5549974019961418,0.0140576463190273,0.3547591622186937,-0.4289470243255512,0.1273973104704045,0.0152293951960787,-0.4844704194330868,0.0027958011959606,0.1321402465769226,0.0524971529590221,0.9985628949714308,0.1299663533732784,0.000840779142992,0.8886985284243151,0.0002029185103068,0.0655687867978563,0.744738069547906,0.2297179975755858,0.3392542327168591,0.5052206273191041,0.3879438869616712,0.7122999315086683,0.3384193364242871,0.4399805827743853,0.5979807061899549,0.5142012940582728,0.5506605763784594,0.1221470276265178,0.1764238571785311,0.1479051156907494,0.4534504804121284,0.4591042182441102,0.3321146908352806,0.76,32403
0,0,0.6407610076381495,-0.2896312917778125,0.0510803894426436,-0.8516609922317621,0.132484428370131,0.5715371617460968,0.0541864731373086,-0.1417806950288363,-0.4864685772839422,0.1412870890189311,-0.0009688720422725,0.4060468917952879,0.234192265004699,0.5549974019961418,0.0140576463190273,0.3547591622186937,-0.4289470243255512,0.1273973104704045,0.0152293951960787,-0.4844704194330868,0.0027958011959606,0.1321402465769226,0.0524971529590221,0.9985628949714308,0.1299663533732784,0.000840779142992,0.8886985284243151,0.0002029185103068,0.0655687867978563,0.744738069547906,0.2297179975755858,0.3392542327168591,0.5052206273191041,0.3879438869616712,0.7122999315086683,0.3384193364242871,0.4399805827743853,0.5979807061899549,0.5142012940582728,0.5506605763784594,0.1221470276265178,0.1764238571785311,0.1479051156907494,0.4534504804121284,0.4591042182441102,0.3321146908352806,0.76,32413
0,0,0.6407610076381495,-0.2896312917778125,0.0510803894426436,-0.8516609922317621,0.132484428370131,0.5715371617460968,0.0541864731373086,-0.1417806950288363,-0.4864685772839422,0.1412870890189311,-0.0009688720422725,0.4060468917952879,0.234192265004699,0.5549974019961418,0.0140576463190273,0.3547591622186937,-0.4289470243255512,0.1273973104704045,0.0152293951960787,-0.4844704194330868,0.0027958011959606,0.1321402465769226,0.0524971529590221,0.9985628949714308,0.1299663533732784,0.000840779142992,0.8886985284243151,0.0002029185103068,0.0655687867978563,0.744738069547906,0.2297179975755858,0.3392542327168591,0.5052206273191041,0.3879438869616712,0.7122999315086683,0.3384193364242871,0.4399805827743853,0.5979807061899549,0.5142012940582728,0.5506605763784594,0.1221470276265178,0.1764238571785311,0.1479051156907494,0.4534504804121284,0.4591042182441102,0.3321146908352806,0.76,32423
0,0,0.6407610076381495,-0.2896312917778125,0.0510803894426436,-0.8516609922317621,0.132484428370131,0.5715371617460968,0.0541864731373086,-0.1417806950288363,-0.4864685772839422,0.1412870890189311,-0.0009688720422725,0.4060468917952879,0.234192265004699,0.5549974019961418,0.0140576463190273,0.3547591622186937,-0.4289470243255512,0.1273973104704045,0.0152293951960787,-0.4844704194330868,0.0027958011959606,0.1321402465769226,0.0524971529590221,0.9985628949714308,0.1299663533732784,0.000840779142992,0.8886985284243151,0.0002029185103068,0.0655687867978563,0.744738069547906,0.2297179975755858,0.3392542327168591,0.5052206273191041,0.3879438869616712,0.7122999315086683,0.3384193364242871,0.4399805827743853,0.5979807061899549,0.5142012940582728,0.5506605763784594,0.1221470276265178,0.1764238571785311,0.1479051156907494,0.4534504804121284,0.4591042182441102,0.3321146908352806,0.76,32433
0,0,0.6407610076381495,-0.2896312917778125,0.0510803894426436,-0.8516609922317621,0.132484428370131,0.5715371617460968,0.0541864731373086,-0.1417806950288363,-0.4864685772839422,0.1412870890189311,-0.0009688720422725,0.4060468917952879,0.234192265004699,0.5549974019961418,0.0140576463190273,0.3547591622186937,-0.4289470243255512,0.1273973104704045,0.0152293951960787,-0.4844704194330868,0.0027958011959606,0.1321402465769226,0.0524971529590221,0.9985628949714308,0.1299663533732784,0.000840779142992,0.8886985284243151,0.0002029185103068,0.0655687867978563,0.744738069547906,0.2297179975755858,0.3392542327168591,0.5052206273191041,0.3879438869616712,0.7122999315086683,0.3384193364242871,0.4399805827743853,0.5979807061899549,0.5142012940582728,0.5506605763784594,0.1221470276265178,0.1764238571785311,0.1479051156907494,0.4534504804121284,0.4591042182441102,0.3321146908352806,0.76,32443
0,0,0.6407610076381495,-0.2896312917778125,0.0510803894426436,-0.8516609922317621,0.132484428370131,0.5715371617460968,0.0541864731373086,-0.1417806950288363,-0.4864685772839422,0.1412870890189311,-0.0009688720422725,0.4060468917952879,0.234192265004699,0.5549974019961418,0.0140576463190273,0.3547591622186937,-0.4289470243255512,0.1273973104704045,0.0152293951960787,-0.4844704194330868,0.0027958011959606,0.1321402465769226,0.0524971529590221,0.9985628949714308,0.1299663533732784,0.000840779142992,0.8886985284243151,0.0002029185103068,0.0655687867978563,0.744738069547906,0.2297179975755858,0.3392542327168591,0.5052206273191041,0.3879438869616712,0.7122999315086683,0.3384193364242871,0.4399805827743853,0.5979807061899549,0.5142012940582728,0.5506605763784594,0.1221470276265178,0.1764238571785311,0.1479051156907494,0.4534504804121284,0.4591042182441102,0.3321146908352806,0.76,32461
0,0,0.6407610076381495,-0.2896312917778125,0.0510803894426436,-0.8516609922317621,0.132484428370131,0.5715371617460968,0.0541864731373086,-0.1417806950288363,-0.4864685772839422,0.1412870890189311,-0.0009688720422725,0.4060468917952879,0.234192265004699,0.5549974019961418,0.0140576463190273,0.3547591622186937,-0.4289470243255512,0.1273973104704045,0.0152293951960787,-0.4844704194330868,0.0027958011959606,0.1321402465769226,0.0524971529590221,0.9985628949714308,0.1299663533732784,0.000840779142992,0.8886985284243151,0.0002029185103068,0.0655687867978563,0.744738069547906,0.2297179975755858,0.3392542327168591,0.5052206273191041,0.3879438869616712,0.7122999315086683,0.3384193364242871,0.4399805827743853,0.5979807061899549,0.5142012940582728,0.5506605763784594,0.1221470276265178,0.1764238571785311,0.1479051156907494,0.4534504804121284,0.4591042182441102,0.3321146908352806,0.76,32471
0,0,0.6407610076381495,-0.2896312917778125,0.0510803894426436,-0.8516609922317621,0.132484428370131,0.5715371617460968,0.0541864731373086,-0.1417806950288363,-0.4864685772839422,0.1412870890189311,-0.0009688720422725,0.4060468917952879,0.234192265004699,0.5549974019961418,0.0140576463190273,0.3547591622186937,-0.4289470243255512,0.1273973104704045,0.0152293951960787,-0.4844704194330868,0.0027958011959606,0.1321402465769226,0.0524971529590221,0.9985628949714308,0.1299663533732784,0.000840779142992,0.8886985284243151,0.0002029185103068,0.0655687867978563,0.744738069547906,0.2297179975755858,0.3392542327168591,0.5052206273191041,0.3879438869616712,0.7122999315086683,0.3384193364242871,0.4399805827743853,0.5979807061899549,0.5142012940582728,0.5506605763784594,0.1221470276265178,0.1764238571785311,0.1479051156907494,0.4534504804121284,0.4591042182441102,0.3321146908352806,0.76,32481
0,0,0.6407610076381495,-0.2896312917778125,0.0510803894426436,-0.8516609922317621,0.132484428370131,0.5715371617460968,0.0541864731373086,-0.1417806950288363,-0.4864685772839422,0.1412870890189311,-0.0009688720422725,0.4060468917952879,0.234192265004699,0.5549974019961418,0.0140576463190273,0.3547591622186937,-0.4289470243255512,0.1273973104704045,0.0152293951960787,-0.4844704194330868,0.0027958011959606,0.1321402465769226,0.0524971529590221,0.9985628949714308,0.1299663533732784,0.000840779142992,0.8886985284243151,0.0002029185103068,0.0655687867978563,0.744738069547906,0.2297179975755858,0.3392542327168591,0.5052206273191041,0.3879438869616712,0.7122999315086683,0.3384193364242871,0.4399805827743853,0.5979807061899549,0.5142012940582728,0.5506605763784594,0.1221470276265178,0.1764238571785311,0.1479051156907494,0.4534504804121284,0.4591042182441102,0.3321146908352806,0.76,32491
0,0,0.6407610076381495,-0.2896312917778125,0.0510803894426436,-0.8516609922317621,0.132484428370131,0.5715371617460968,0.0541864731373086,-0.1417806950288363,-0.4864685772839422,0.1412870890189311,-0.0009688720422725,0.4060468917952879,0.234192265004699,0.5549974019961418,0.0140576463190273,0.3547591622186937,-0.4289470243255512,0.1273973104704045,0.0152293951960787,-0.4844704194330868,0.0027958011959606,0.1321402465769226,0.0524971529590221,0.9985628949714308,0.1299663533732784,0.000840779142992,0.8886985284243151,0.0002029185103068,0.0655687867978563,0.744738069547906,0.2297179975755858,0.3392542327168591,0.5052206273191041,0.3879438869616712,0.7122999315086683,0.3384193364242871,0.4399805827743853,0.5979807061899549,0.5142012940582728,0.5506605763784594,0.1221470276265178,0.1764238571785311,0.1479051156907494,0.4534504804121284,0.4591042182441102,0.3321146908352806,0.76,32501
0,0,0.6407610076381495,-0.2896312917778125,0.0510803894426436,-0.8516609922317621,0.132484428370131,0.5715371617460968,0.0541864731373086,-0.1417806950288363,-0.4864685772839422,0.1412870890189311,-0.0009688720422725,0.4060468917952879,0.234192265004699,0.5549974019961418,0.0140576463190273,0.3547591622186937,-0.4289470243255512,0.1273973104704045,0.0152293951960787,-0.4844704194330868,0.0027958011959606,0.1321402465769226,0.0524971529590221,0.9985628949714308,0.1299663533732784,0.000840779142992,0.8886985284243151,0.0002029185103068,0.0655687867978563,0.744738069547906,0.2297179975755858,0.3392542327168591,0.5052206273191041,0.3879438869616712,0.7122999315086683,0.3384193364242871,0.4399805827743853,0.5979807061899549,0.5142012940582728,0.5506605763784594,0.1221470276265178,0.1764238571785311,0.1479051156907494,0.4534504804121284,0.4591042182441102,0.3321146908352806,0.76,32511
0,0,0.6407610076381495,-0.2896312917778125,0.0510803894426436,-0.8516609922317621,0.132484428370131,0.5715371617460968,0.0541864731373086,-0.1417806950288363,-0.4864685772839422,0.1412870890189311,-0.0009688720422725,0.4060468917952879,0.234192265004699,0.5549974019961418,0.0140576463190273,0.3547591622186937,-0.4289470243255512,0.1273973104704045,0.0152293951960787,-0.4844704194330868,0.0027958011959606,0.1321402465769226,0.0524971529590221,0.9985628949714308,0.1299663533732784,0.000840779142992,0.8886985284243151,0.0002029185103068,0.0655687867978563,0.744738069547906,0.2297179975755858,0.3392542327168591,0.5052206273191041,0.3879438869616712,0.7122999315086683,0.3384193364242871,0.4399805827743853,0.5979807061899549,0.5142012940582728,0.5506605763784594,0.1221470276265178,0.1764238571785311,0.1479051156907494,0.4534504804121284,0.4591042182441102,0.3321146908352806,0.76,32522
0,0,0.6407610076381495,-0.2896312917778125,0.0510803894426436,-0.8516609922317621,0.132484428370131,0.5715371617460968,0.0541864731373086,-0.1417806950288363,-0.4864685772839422,0.1412870890189311,-0.0009688720422725,0.4060468917952879,0.234192265004699,0.5549974019961418,0.0140576463190273,0.3547591622186937,-0.4289470243255512,0.1273973104704045,0.0152293951960787,-0.4844704194330868,0.0027958011959606,0.1321402465769226,0.0524971529590221,0.9985628949714308,0.1299663533732784,0.000840779142992,0.8886985284243151,0.0002029185103068,0.0655687867978563,0.744738069547906,0.2297179975755858,0.3392542327168591,0.5052206273191041,0.3879438869616712,0.7122999315086683,0.3384193364242871,0.4399805827743853,0.5979807061899549,0.5142012940582728,0.5506605763784594,0.1221470276265178,0.1764238571785311,0.1479051156907494,0.4534504804121284,0.4591042182441102,0.3321146908352806,0.76,32533
0,0,0.6407610076381495,-0.2896312917778125,0.0510803894426436,-0.8516609922317621,0.132484428370131,0.5715371617460968,0.0541864731373086,-0.1417806950288363,-0.4864685772839422,0.1412870890189311,-0.0009688720422725,0.4060468917952879,0.234192265004699,0.5549974019961418,0.0140576463190273,0.3547591622186937,-0.4289470243255512,0.1273973104704045,0.0152293951960787,-0.4844704194330868,0.0027958011959606,0.1321402465769226,0.0524971529590221,0.9985628949714308,0.1299663533732784,0.000840779142992,0.8886985284243151,0.0002029185103068,0.0655687867978563,0.744738069547906,0.2297179975755858,0.3392542327168591,0.5052206273191041,0.3879438869616712,0.7122999315086683,0.3384193364242871,0.4399805827743853,0.5979807061899549,0.5142012940582728,0.5506605763784594,0.1221470276265178,0.1764238571785311,0.1479051156907494,0.4534504804121284,0.4591042182441102,0.3321146908352806,0.76,32543
0,0,0.6407610076381495,-0.2896312917778125,0.0510803894426436,-0.8516609922317621,0.132484428370131,0.5715371617460968,0.0541864731373086,-0.1417806950288363,-0.4864685772839422,0.1412870890189311,-0.0009688720422725,0.4060468917952879,0.234192265004699,0.5549974019961418,0.0140576463190273,0.3547591622186937,-0.4289470243255512,0.1273973104704045,0.0152293951960787,-0.4844704194330868,0.0027958011959606,0.1321402465769226,0.0524971529590221,0.9985628949714308,0.1299663533732784,0.000840779142992,0.8886985284243151,0.0002029185103068,0.0655687867978563,0.744738069547906,0.2297179975755858,0.3392542327168591,0.5052206273191041,0.3879438869616712,0.7122999315086683,0.3384193364242871,0.4399805827743853,0.5979807061899549,0.5142012940582728,0.5506605763784594,0.1221470276265178,0.1764238571785311,0.1479051156907494,0.4534504804121284,0.4591042182441102,0.3321146908352806,0.76,32553
0,0,0.6407610076381495,-0.2896312917778125,0.0510803894426436,-0.8516609922317621,0.132484428370131,0.5715371617460968,0.0541864731373086,-0.1417806950288363,-0.4864685772839422,0.1412870890189311,-0.0009688720422725,0.4060468917952879,0.234192265004699,0.5549974019961418,0.0140576463190273,0.3547591622186937,-0.4289470243255512,0.1273973104704045,0.0152293951960787,-0.4844704194330868,0.0027958011959606,0.1321402465769226,0.0524971529590221,0.9985628949714308,0.1299663533732784,0.000840779142992,0.8886985284243151,0.0002029185103068,0.0655687867978563,0.744738069547906,0.2297179975755858,0.3392542327168591,0.5052206273191041,0.3879438869616712,0.7122999315086683,0.3384193364242871,0.4399805827743853,0.5979807061899549,0.5142012940582728,0.5506605763784594,0.1221470276265178,0.1764238571785311,0.1479051156907494,0.4534504804121284,0.4591042182441102,0.3321146908352806,0.76,32563
0,0,0.6407610076381495,-0.2896312917778125,0.0510803894426436,-0.8516609922317621,0.132484428370131,0.5715371617460968,0.0541864731373086,-0.1417806950288363,-0.4864685772839422,0.1412870890189311,-0.0009688720422725,0.4060468917952879,0.234192265004699,0.5549974019961418,0.0140576463190273,0.3547591622186937,-0.4289470243255512,0.1273973104704045,0.0152293951960787,-0.4844704194330868,0.0027958011959606,0.1321402465769226,0.0524971529590221,0.9985628949714308,0.1299663533732784,0.000840779142992,0.8886985284243151,0.0002029185103068,0.0655687867978563,0.744738069547906,0.2297179975755858,0.3392542327168591,0.5052206273191041,0.3879438869616712,0.7122999315086683,0.3384193364242871,0.4399805827743853,0.5979807061899549,0.5142012940582728,0.5506605763784594,0.1221470276265178,0.1764238571785311,0.1479051156907494,0.4534504804121284,0.4591042182441102,0.3321146908352806,0.76,32573
0,0,0.6407610076381495,-0.2896312917778125,0.0510803894426436,-0.8516609922317621,0.132484428370131,0.5715371617460968,0.0541864731373086,-0.1417806950288363,-0.4864685772839422,0.1412870890189311,-0.0009688720422725,0.4060468917952879,0.234192265004699,0.5549974019961418,0.0140576463190273,0.3547591622186937,-0.4289470243255512,0.1273973104704045,0.0152293951960787,-0.4844704194330868,0.0027958011959606,0.1321402465769226,0.0524971529590221,0.9985628949714308,0.1299663533732784,0.000840779142992,0.8886985284243151,0.0002029185103068,0.0655687867978563,0.744738069547906,0.2297179975755858,0.3392542327168591,0.5052206273191041,0.3879438869616712,0.7122999315086683,0.3384193364242871,0.4399805827743853,0.5979807061899549,0.5142012940582728,0.5506605763784594,0.1221470276265178,0.1764238571785311,0.1479051156907494,0.4534504804121284,0.4591042182441102,0.3321146908352806,0.76,32584
0,0,0.6407610076381495,-0.2896312917778125,0.0510803894426436,-0.8516609922317621,0.132484428370131,0.5715371617460968,0.0541864731373086,-0.1417806950288363,-0.4864685772839422,0.1412870890189311,-0.0009688720422725,0.4060468917952879,0.234192265004699,0.5549974019961418,0.0140576463190273,0.3547591622186937,-0.4289470243255512,0.1273973104704045,0.0152293951960787,-0.4844704194330868,0.0027958011959606,0.1321402465769226,0.0524971529590221,0.9985628949714308,0.1299663533732784,0.000840779142992,0.8886985284243151,0.0002029185103068,0.0655687867978563,0.744738069547906,0.2297179975755858,0.3392542327168591,0.5052206273191041,0.3879438869616712,0.7122999315086683,0.3384193364242871,0.4399805827743853,0.5979807061899549,0.5142012940582728,0.5506605763784594,0.1221470276265178,0.1764238571785311,0.1479051156907494,0.4534504804121284,0.4591042182441102,0.3321146908352806,0.76,32594
0,0,0.6407610076381495,-0.2896312917778125,0.0510803894426436,-0.8516609922317621,0.132484428370131,0.5715371617460968,0.0541864731373086,-0.1417806950288363,-0.4864685772839422,0.1412870890189311,-0.0009688720422725,0.4060468917952879,0.234192265004699,0.5549974019961418,0.0140576463190273,0.3547591622186937,-0.4289470243255512,0.1273973104704045,0.0152293951960787,-0.4844704194330868,0.0027958011959606,0.1321402465769226,0.0524971529590221,0.9985628949714308,0.1299663533732784,0.000840779142992,0.8886985284243151,0.0002029185103068,0.0655687867978563,0.744738069547906,0.2297179975755858,0.3392542327168591,0.5052206273191041,0.3879438869616712,0.7122999315086683,0.3384193364242871,0.4399805827743853,0.5979807061899549,0.5142012940582728,0.5506605763784594,0.1221470276265178,0.1764238571785311,0.1479051156907494,0.4534504804121284,0.4591042182441102,0.3321146908352806,0.76,32604
0,0,0.6407610076381495,-0.2896312917778125,0.0510803894426436,-0.8516609922317621,0.132484428370131,0.5715371617460968,0.0541864731373086,-0.1417806950288363,-0.4864685772839422,0.1412870890189311,-0.0009688720422725,0.4060468917952879,0.234192265004699,0.5549974019961418,0.0140576463190273,0.3547591622186937,-0.4289470243255512,0.1273973104704045,0.0152293951960787,-0.4844704194330868,0.0027958011959606,0.1321402465769226,0.0524971529590221,0.9985628949714308,0.1299663533732784,0.000840779142992,0.8886985284243151,0.0002029185103068,0.0655687867978563,0.744738069547906,0.2297179975755858,0.3392542327168591,0.5052206273191041,0.3879438869616712,0.7122999315086683,0.3384193364242871,0.4399805827743853,0.5979807061899549,0.5142012940582728,0.5506605763784594,0.1221470276265178,0.1764238571785311,0.1479051156907494,0.4534504804121284,0.4591042182441102,0.3321146908352806,0.76,32615
0,0,0.6407610076381495,-0.2896312917778125,0.0510803894426436,-0.8516609922317621,0.132484428370131,0.5715371617460968,0.0541864731373086,-0.1417806950288363,-0.4864685772839422,0.1412870890189311,-0.0009688720422725,0.4060468917952879,0.234192265004699,0.5549974019961418,0.0140576463190273,0.3547591622186937,-0.4289470243255512,0.1273973104704045,0.0152293951960787,-0.4844704194330868,0.0027958011959606,0.1321402465769226,0.0524971529590221,0.9985628949714308,0.1299663533732784,0.000840779142992,0.8886985284243151,0.0002029185103068,0.0655687867978563,0.744738069547906,0.2297179975755858,0.3392542327168591,0.5052206273191041,0.3879438869616712,0.7122999315086683,0.3384193364242871,0.4399805827743853,0.5979807061899549,0.5142012940582728,0.5506605763784594,0.1221470276265178,0.1764238571785311,0.1479051156907494,0.4534504804121284,0.4591042182441102,0.3321146908352806,0.76,32634
0,0,0.6407610076381495,-0.2896312917778125,0.0510803894426436,-0.8516609922317621,0.132484428370131,0.5715371617460968,0.0541864731373086,-0.1417806950288363,-0.4864685772839422,0.1412870890189311,-0.0009688720422725,0.4060468917952879,0.234192265004699,0.5549974019961418,0.0140576463190273,0.3547591622186937,-0.4289470243255512,0.1273973104704045,0.0152293951960787,-0.4844704194330868,0.0027958011959606,0.1321402465769226,0.0524971529590221,0.9985628949714308,0.1299663533732784,0.000840779142992,0.8886985284243151,0.0002029185103068,0.0655687867978563,0.744738069547906,0.2297179975755858,0.3392542327168591,0.5052206273191041,0.3879438869616712,0.7122999315086683,0.3384193364242871,0.4399805827743853,0.5979807061899549,0.5142012940582728,0.5506605763784594,0.1221470276265178,0.1764238571785311,0.1479051156907494,0.4534504804121284,0.4591042182441102,0.3321146908352806,0.76,32645
0,0,0.6407610076381495,-0.2896312917778125,0.0510803894426436,-0.8516609922317621,0.132484428370131,0.5715371617460968,0.0541864731373086,-0.1417806950288363,-0.4864685772839422,0.1412870890189311,-0.0009688720422725,0.4060468917952879,0.234192265004699,0.5549974019961418,0.0140576463190273,0.3547591622186937,-0.4289470243255512,0.1273973104704045,0.0152293951960787,-0.4844704194330868,0.0027958011959606,0.1321402465769226,0.0524971529590221,0.9985628949714308,0.1299663533732784,0.000840779142992,0.8886985284243151,0.0002029185103068,0.0655687867978563,0.744738069547906,0.2297179975755858,0.3392542327168591,0.5052206273191041,0.3879438869616712,0.7122999315086683,0.3384193364242871,0.4399805827743853,0.5979807061899549,0.5142012940582728,0.5506605763784594,0.1221470276265178,0.1764238571785311,0.1479051156907494,0.4534504804121284,0.4591042182441102,0.3321146908352806,0.76,32655
0,0,0.6407610076381495,-0.2896312917778125,0.0510803894426436,-0.8516609922317621,0.132484428370131,0.5715371617460968,0.0541864731373086,-0.1417806950288363,-0.4864685772839422,0.1412870890189311,-0.0009688720422725,0.4060468917952879,0.234192265004699,0.5549974019961418,0.0140576463190273,0.3547591622186937,-0.4289470243255512,0.1273973104704045,0.0152293951960787,-0.4844704194330868,0.0027958011959606,0.1321402465769226,0.0524971529590221,0.9985628949714308,0.1299663533732784,0.000840779142992,0.8886985284243151,0.0002029185103068,0.0655687867978563,0.744738069547906,0.2297179975755858,0.3392542327168591,0.5052206273191041,0.3879438869616712,0.7122999315086683,0.3384193364242871,0.4399805827743853,0.5979807061899549,0.5142012940582728,0.5506605763784594,0.1221470276265178,0.1764238571785311,0.1479051156907494,0.4534504804121284,0.4591042182441102,0.3321146908352806,0.76,32674
0,0,0.6407610076381495,-0.2896312917778125,0.0510803894426436,-0.8516609922317621,0.132484428370131,0.5715371617460968,0.0541864731373086,-0.1417806950288363,-0.4864685772839422,0.1412870890189311,-0.0009688720422725,0.4060468917952879,0.234192265004699,0.5549974019961418,0.0140576463190273,0.3547591622186937,-0.4289470243255512,0.1273973104704045,0.0152293951960787,-0.4844704194330868,0.0027958011959606,0.1321402465769226,0.0524971529590221,0.9985628949714308,0.1299663533732784,0.000840779142992,0.8886985284243151,0.0002029185103068,0.0655687867978563,0.744738069547906,0.2297179975755858,0.3392542327168591,0.5052206273191041,0.3879438869616712,0.7122999315086683,0.3384193364242871,0.4399805827743853,0.5979807061899549,0.5142012940582728,0.5506605763784594,0.1221470276265178,0.1764238571785311,0.1479051156907494,0.4534504804121284,0.4591042182441102,0.3321146908352806,0.76,32684
0,0,0.6407610076381495,-0.2896312917778125,0.0510803894426436,-0.8516609922317621,0.132484428370131,0.5715371617460968,0.0541864731373086,-0.1417806950288363,-0.4864685772839422,0.1412870890189311,-0.0009688720422725,0.4060468917952879,0.234192265004699,0.5549974019961418,0.0140576463190273,0.3547591622186937,-0.4289470243255512,0.1273973104704045,0.0152293951960787,-0.4844704194330868,0.0027958011959606,0.1321402465769226,0.0524971529590221,0.9985628949714308,0.1299663533732784,0.000840779142992,0.8886985284243151,0.0002029185103068,0.0655687867978563,0.744738069547906,0.2297179975755858,0.3392542327168591,0.5052206273191041,0.3879438869616712,0.7122999315086683,0.3384193364242871,0.4399805827743853,0.5979807061899549,0.5142012940582728,0.5506605763784594,0.1221470276265178,0.1764238571785311,0.1479051156907494,0.4534504804121284,0.4591042182441102,0.3321146908352806,0.76,32694
0,0,0.6407610076381495,-0.2896312917778125,0.0510803894426436,-0.8516609922317621,0.132484428370131,0.5715371617460968,0.0541864731373086,-0.1417806950288363,-0.4864685772839422,0.1412870890189311,-0.0009688720422725,0.4060468917952879,0.234192265004699,0.5549974019961418,0.0140576463190273,0.3547591622186937,-0.4289470243255512,0.1273973104704045,0.0152293951960787,-0.4844704194330868,0.0027958011959606,0.1321402465769226,0.0524971529590221,0.9985628949714308,0.1299663533732784,0.000840779142992,0.8886985284243151,0.0002029185103068,0.0655687867978563,0.744738069547906,0.2297179975755858,0.3392542327168591,0.5052206273191041,0.3879438869616712,0.7122999315086683,0.3384193364242871,0.4399805827743853,0.5979807061899549,0.5142012940582728,0.5506605763784594,0.1221470276265178,0.1764238571785311,0.1479051156907494,0.4534504804121284,0.4591042182441102,0.3321146908352806,0.76,32713
0,0,0.6407610076381495,-0.2896312917778125,0.0510803894426436,-0.8516609922317621,0.132484428370131,0.5715371617460968,0.0541864731373086,-0.1417806950288363,-0.4864685772839422,0.1412870890189311,-0.0009688720422725,0.4060468917952879,0.234192265004699,0.5549974019961418,0.0140576463190273,0.3547591622186937,-0.4289470243255512,0.1273973104704045,0.0152293951960787,-0.4844704194330868,0.0027958011959606,0.1321402465769226,0.0524971529590221,0.9985628949714308,0.1299663533732784,0.000840779142992,0.8886985284243151,0.0002029185103068,0.0655687867978563,0.744738069547906,0.2297179975755858,0.3392542327168591,0.5052206273191041,0.3879438869616712,0.7122999315086683,0.3384193364242871,0.4399805827743853,0.5979807061899549,0.5142012940582728,0.5506605763784594,0.1221470276265178,0.1764238571785311,0.1479051156907494,0.4534504804121284,0.4591042182441102,0.3321146908352806,0.76,32723
0,0,0.6407610076381495,-0.2896312917778125,0.0510803894426436,-0.8516609922317621,0.132484428370131,0.5715371617460968,0.0541864731373086,-0.1417806950288363,-0.4864685772839422,0.1412870890189311,-0.0009688720422725,0.4060468917952879,0.234192265004699,0.5549974019961418,0.0140576463190273,0.3547591622186937,-0.4289470243255512,0.1273973104704045,0.0152293951960787,-0.4844704194330868,0.0027958011959606,0.1321402465769226,0.0524971529590221,0.9985628949714308,0.1299663533732784,0.000840779142992,0.8886985284243151,0.0002029185103068,0.0655687867978563,0.744738069547906,0.2297179975755858,0.3392542327168591,0.5052206273191041,0.3879438869616712,0.7122999315086683,0.3384193364242871,0.4399805827743853,0.5979807061899549,0.5142012940582728,0.5506605763784594,0.1221470276265178,0.1764238571785311,0.1479051156907494,0.4534504804121284,0.4591042182441102,0.3321146908352806,0.76,32734
0,0,0.6407610076381495,-0.2896312917778125,0.0510803894426436,-0.8516609922317621,0.132484428370131,0.5715371617460968,0.0541864731373086,-0.1417806950288363,-0.4864685772839422,0.1412870890189311,-0.0009688720422725,0.4060468917952879,0.234192265004699,0.5549974019961418,0.0140576463190273,0.3547591622186937,-0.4289470243255512,0.1273973104704045,0.0152293951960787,-0.4844704194330868,0.0027958011959606,0.1321402465769226,0.0524971529590221,0.9985628949714308,0.1299663533732784,0.000840779142992,0.8886985284243151,0.0002029185103068,0.0655687867978563,0.744738069547906,0.2297179975755858,0.3392542327168591,0.5052206273191041,0.3879438869616712,0.7122999315086683,0.3384193364242871,0.4399805827743853,0.5979807061899549,0.5142012940582728,0.5506605763784594,0.1221470276265178,0.1764238571785311,0.1479051156907494,0.4534504804121284,0.4591042182441102,0.3321146908352806,0.76,32744
0,0,0.6407610076381495,-0.2896312917778125,0.0510803894426436,-0.8516609922317621,0.132484428370131,0.5715371617460968,0.0541864731373086,-0.1417806950288363,-0.4864685772839422,0.1412870890189311,-0.0009688720422725,0.4060468917952879,0.234192265004699,0.5549974019961418,0.0140576463190273,0.3547591622186937,-0.4289470243255512,0.1273973104704045,0.0152293951960787,-0.4844704194330868,0.0027958011959606,0.1321402465769226,0.0524971529590221,0.9985628949714308,0.1299663533732784,0.000840779142992,0.8886985284243151,0.0002029185103068,0.0655687867978563,0.744738069547906,0.2297179975755858,0.3392542327168591,0.5052206273191041,0.3879438869616712,0.7122999315086683,0.3384193364242871,0.4399805827743853,0.5979807061899549,0.5142012940582728,0.5506605763784594,0.1221470276265178,0.1764238571785311,0.1479051156907494,0.4534504804121284,0.4591042182441102,0.3321146908352806,0.76,32754
0,0,0.6407610076381495,-0.2896312917778125,0.0510803894426436,-0.8516609922317621,0.132484428370131,0.5715371617460968,0.0541864731373086,-0.1417806950288363,-0.4864685772839422,0.1412870890189311,-0.0009688720422725,0.4060468917952879,0.234192265004699,0.5549974019961418,0.0140576463190273,0.3547591622186937,-0.4289470243255512,0.1273973104704045,0.0152293951960787,-0.4844704194330868,0.0027958011959606,0.1321402465769226,0.0524971529590221,0.9985628949714308,0.1299663533732784,0.000840779142992,0.8886985284243151,0.0002029185103068,0.0655687867978563,0.744738069547906,0.2297179975755858,0.3392542327168591,0.5052206273191041,0.3879438869616712,0.7122999315086683,0.3384193364242871,0.4399805827743853,0.5979807061899549,0.5142012940582728,0.5506605763784594,0.1221470276265178,0.1764238571785311,0.1479051156907494,0.4534504804121284,0.4591042182441102,0.3321146908352806,0.76,32764
0,0,0.6407610076381495,-0.2896312917778125,0.0510803894426436,-0.8516609922317621,0.132484428370131,0.5715371617460968,0.0541864731373086,-0.1417806950288363,-0.4864685772839422,0.1412870890189311,-0.0009688720422725,0.4060468917952879,0.234192265004699,0.5549974019961418,0.0140576463190273,0.3547591622186937,-0.4289470243255512,0.1273973104704045,0.0152293951960787,-0.4844704194330868,0.0027958011959606,0.1321402465769226,0.0524971529590221,0.9985628949714308,0.1299663533732784,0.000840779142992,0.8886985284243151,0.0002029185103068,0.0655687867978563,0.744738069547906,0.2297179975755858,0.3392542327168591,0.5052206273191041,0.3879438869616712,0.7122999315086683,0.3384193364242871,0.4399805827743853,0.5979807061899549,0.5142012940582728,0.5506605763784594,0.1221470276265178,0.1764238571785311,0.1479051156907494,0.4534504804121284,0.4591042182441102,0.3321146908352806,0.76,32784
0,0,0.6407610076381495,-0.2896312917778125,0.0510803894426436,-0.8516609922317621,0.132484428370131,0.5715371617460968,0.0541864731373086,-0.1417806950288363,-0.4864685772839422,0.1412870890189311,-0.0009688720422725,0.4060468917952879,0.234192265004699,0.5549974019961418,0.0140576463190273,0.3547591622186937,-0.4289470243255512,0.1273973104704045,0.0152293951960787,-0.4844704194330868,0.0027958011959606,0.1321402465769226,0.0524971529590221,0.9985628949714308,0.1299663533732784,0.000840779142992,0.8886985284243151,0.0002029185103068,0.0655687867978563,0.744738069547906,0.2297179975755858,0.3392542327168591,0.5052206273191041,0.3879438869616712,0.7122999315086683,0.3384193364242871,0.4399805827743853,0.5979807061899549,0.5142012940582728,0.5506605763784594,0.1221470276265178,0.1764238571785311,0.1479051156907494,0.4534504804121284,0.4591042182441102,0.3321146908352806,0.76,32794
0,0,0.6407610076381495,-0.2896312917778125,0.0510803894426436,-0.8516609922317621,0.132484428370131,0.5715371617460968,0.0541864731373086,-0.1417806950288363,-0.4864685772839422,0.1412870890189311,-0.0009688720422725,0.4060468917952879,0.234192265004699,0.5549974019961418,0.0140576463190273,0.3547591622186937,-0.4289470243255512,0.1273973104704045,0.0152293951960787,-0.4844704194330868,0.0027958011959606,0.1321402465769226,0.0524971529590221,0.9985628949714308,0.1299663533732784,0.000840779142992,0.8886985284243151,0.0002029185103068,0.0655687867978563,0.744738069547906,0.2297179975755858,0.3392542327168591,0.5052206273191041,0.3879438869616712,0.7122999315086683,0.3384193364242871,0.4399805827743853,0.5979807061899549,0.5142012940582728,0.5506605763784594,0.1221470276265178,0.1764238571785311,0.1479051156907494,0.4534504804121284,0.4591042182441102,0.3321146908352806,0.76,32804
0,0,0.6407610076381495,-0.2896312917778125,0.0510803894426436,-0.8516609922317621,0.132484428370131,0.5715371617460968,0.0541864731373086,-0.1417806950288363,-0.4864685772839422,0.1412870890189311,-0.0009688720422725,0.4060468917952879,0.234192265004699,0.5549974019961418,0.0140576463190273,0.3547591622186937,-0.4289470243255512,0.1273973104704045,0.0152293951960787,-0.4844704194330868,0.0027958011959606,0.1321402465769226,0.0524971529590221,0.9985628949714308,0.1299663533732784,0.000840779142992,0.8886985284243151,0.0002029185103068,0.0655687867978563,0.744738069547906,0.2297179975755858,0.3392542327168591,0.5052206273191041,0.3879438869616712,0.7122999315086683,0.3384193364242871,0.4399805827743853,0.5979807061899549,0.5142012940582728,0.5506605763784594,0.1221470276265178,0.1764238571785311,0.1479051156907494,0.4534504804121284,0.4591042182441102,0.3321146908352806,0.76,32824
0,0,0.6407610076381495,-0.2896312917778125,0.0510803894426436,-0.8516609922317621,0.132484428370131,0.5715371617460968,0.0541864731373086,-0.1417806950288363,-0.4864685772839422,0.1412870890189311,-0.0009688720422725,0.4060468917952879,0.234192265004699,0.5549974019961418,0.0140576463190273,0.3547591622186937,-0.4289470243255512,0.1273973104704045,0.0152293951960787,-0.4844704194330868,0.0027958011959606,0.1321402465769226,0.0524971529590221,0.9985628949714308,0.1299663533732784,0.000840779142992,0.8886985284243151,0.0002029185103068,0.0655687867978563,0.744738069547906,0.2297179975755858,0.3392542327168591,0.5052206273191041,0.3879438869616712,0.7122999315086683,0.3384193364242871,0.4399805827743853,0.5979807061899549,0.5142012940582728,0.5506605763784594,0.1221470276265178,0.1764238571785311,0.1479051156907494,0.4534504804121284,0.4591042182441102,0.3321146908352806,0.76,32844
0,0,0.6407610076381495,-0.2896312917778125,0.0510803894426436,-0.8516609922317621,0.132484428370131,0.5715371617460968,0.0541864731373086,-0.1417806950288363,-0.4864685772839422,0.1412870890189311,-0.0009688720422725,0.4060468917952879,0.234192265004699,0.5549974019961418,0.0140576463190273,0.3547591622186937,-0.4289470243255512,0.1273973104704045,0.0152293951960787,-0.4844704194330868,0.0027958011959606,0.1321402465769226,0.0524971529590221,0.9985628949714308,0.1299663533732784,0.000840779142992,0.8886985284243151,0.0002029185103068,0.0655687867978563,0.744738069547906,0.2297179975755858,0.3392542327168591,0.5052206273191041,0.3879438869616712,0.7122999315086683,0.3384193364242871,0.4399805827743853,0.5979807061899549,0.5142012940582728,0.5506605763784594,0.1221470276265178,0.1764238571785311,0.1479051156907494,0.4534504804121284,0.4591042182441102,0.3321146908352806,0.76,32862
0,0,0.6407610076381495,-0.2896312917778125,0.0510803894426436,-0.8516609922317621,0.132484428370131,0.5715371617460968,0.0541864731373086,-0.1417806950288363,-0.4864685772839422,0.1412870890189311,-0.0009688720422725,0.4060468917952879,0.234192265004699,0.5549974019961418,0.0140576463190273,0.3547591622186937,-0.4289470243255512,0.1273973104704045,0.0152293951960787,-0.4844704194330868,0.0027958011959606,0.1321402465769226,0.0524971529590221,0.9985628949714308,0.1299663533732784,0.000840779142992,0.8886985284243151,0.0002029185103068,0.0655687867978563,0.744738069547906,0.2297179975755858,0.3392542327168591,0.5052206273191041,0.3879438869616712,0.7122999315086683,0.3384193364242871,0.4399805827743853,0.5979807061899549,0.5142012940582728,0.5506605763784594,0.1221470276265178,0.1764238571785311,0.1479051156907494,0.4534504804121284,0.4591042182441102,0.3321146908352806,0.76,32872
0,0,0.6407610076381495,-0.2896312917778125,0.0510803894426436,-0.8516609922317621,0.132484428370131,0.5715371617460968,0.0541864731373086,-0.1417806950288363,-0.4864685772839422,0.1412870890189311,-0.0009688720422725,0.4060468917952879,0.234192265004699,0.5549974019961418,0.0140576463190273,0.3547591622186937,-0.4289470243255512,0.1273973104704045,0.0152293951960787,-0.4844704194330868,0.0027958011959606,0.1321402465769226,0.0524971529590221,0.9985628949714308,0.1299663533732784,0.000840779142992,0.8886985284243151,0.0002029185103068,0.0655687867978563,0.744738069547906,0.2297179975755858,0.3392542327168591,0.5052206273191041,0.3879438869616712,0.7122999315086683,0.3384193364242871,0.4399805827743853,0.5979807061899549,0.5142012940582728,0.5506605763784594,0.1221470276265178,0.1764238571785311,0.1479051156907494,0.4534504804121284,0.4591042182441102,0.3321146908352806,0.76,32882
0,0,0.6407610076381495,-0.2896312917778125,0.0510803894426436,-0.8516609922317621,0.132484428370131,0.5715371617460968,0.0541864731373086,-0.1417806950288363,-0.4864685772839422,0.1412870890189311,-0.0009688720422725,0.4060468917952879,0.234192265004699,0.5549974019961418,0.0140576463190273,0.3547591622186937,-0.4289470243255512,0.1273973104704045,0.0152293951960787,-0.4844704194330868,0.0027958011959606,0.1321402465769226,0.0524971529590221,0.9985628949714308,0.1299663533732784,0.000840779142992,0.8886985284243151,0.0002029185103068,0.0655687867978563,0.744738069547906,0.2297179975755858,0.3392542327168591,0.5052206273191041,0.3879438869616712,0.7122999315086683,0.3384193364242871,0.4399805827743853,0.5979807061899549,0.5142012940582728,0.5506605763784594,0.1221470276265178,0.1764238571785311,0.1479051156907494,0.4534504804121284,0.4591042182441102,0.3321146908352806,0.76,32892
0,0,0.6407610076381495,-0.2896312917778125,0.0510803894426436,-0.8516609922317621,0.132484428370131,0.5715371617460968,0.0541864731373086,-0.1417806950288363,-0.4864685772839422,0.1412870890189311,-0.0009688720422725,0.4060468917952879,0.234192265004699,0.5549974019961418,0.0140576463190273,0.3547591622186937,-0.4289470243255512,0.1273973104704045,0.0152293951960787,-0.4844704194330868,0.0027958011959606,0.1321402465769226,0.0524971529590221,0.9985628949714308,0.1299663533732784,0.000840779142992,0.8886985284243151,0.0002029185103068,0.0655687867978563,0.744738069547906,0.2297179975755858,0.3392542327168591,0.5052206273191041,0.3879438869616712,0.7122999315086683,0.3384193364242871,0.4399805827743853,0.5979807061899549,0.5142012940582728,0.5506605763784594,0.1221470276265178,0.1764238571785311,0.1479051156907494,0.4534504804121284,0.4591042182441102,0.3321146908352806,0.76,32903
0,0,0.6407610076381495,-0.2896312917778125,0.0510803894426436,-0.8516609922317621,0.132484428370131,0.5715371617460968,0.0541864731373086,-0.1417806950288363,-0.4864685772839422,0.1412870890189311,-0.0009688720422725,0.4060468917952879,0.234192265004699,0.5549974019961418,0.0140576463190273,0.3547591622186937,-0.4289470243255512,0.1273973104704045,0.0152293951960787,-0.4844704194330868,0.0027958011959606,0.1321402465769226,0.0524971529590221,0.9985628949714308,0.1299663533732784,0.000840779142992,0.8886985284243151,0.0002029185103068,0.0655687867978563,0.744738069547906,0.2297179975755858,0.3392542327168591,0.5052206273191041,0.3879438869616712,0.7122999315086683,0.3384193364242871,0.4399805827743853,0.5979807061899549,0.5142012940582728,0.5506605763784594,0.1221470276265178,0.1764238571785311,0.1479051156907494,0.4534504804121284,0.4591042182441102,0.3321146908352806,0.76,32913
0,0,-0.0976570696712949,-0.303445822275788,0.209233169238088,-0.8458416987549137,0.7234433133558472,-0.089313931531811,0.8472601410846784,-0.4708006294981575,0.0374032651754032,0.324445194392836,-0.4628981922133907,0.6434600851856822,0.1073997979753935,0.635329835353113,-0.7226059432698653,0.5505577881588465,-0.7282115449352902,-0.8667151757942182,-0.0808951040765371,-0.6143292066182173,0.0056177929309577,0.1323671002735115,0.0524723563733249,0.9986710552534168,0.1312477853329777,0.0010049369521102,0.883467083976676,0.0001,0.0662591936653835,0.7427017352116702,0.1557515119199026,0.0820792614383577,0.0001116847053189,0.2211245710257516,0.181502900706033,0.186699950451062,0.7582810671655017,0.5408754305132508,0.5620981523100528,0.0279247391516672,0.1467392210682328,0.1652119951905586,0.2103584302544819,0.454546075361101,0.4469489779939055,0.142638722993584,0.85,3292
0,0,0.6407610076381495,-0.2896312917778125,0.0510803894426436,-0.8516609922317621,0.132484428370131,0.5715371617460968,0.0541864731373086,-0.1417806950288363,-0.4864685772839422,0.1412870890189311,-0.0009688720422725,0.4060468917952879,0.234192265004699,0.5549974019961418,0.0140576463190273,0.3547591622186937,-0.4289470243255512,0.1273973104704045,0.0152293951960787,-0.4844704194330868,0.0027958011959606,0.1321402465769226,0.0524971529590221,0.9985628949714308,0.1299663533732784,0.000840779142992,0.8886985284243151,0.0002029185103068,0.0655687867978563,0.744738069547906,0.2297179975755858,0.3392542327168591,0.5052206273191041,0.3879438869616712,0.7122999315086683,0.3384193364242871,0.4399805827743853,0.5979807061899549,0.5142012940582728,0.5506605763784594,0.1221470276265178,0.1764238571785311,0.1479051156907494,0.4534504804121284,0.4591042182441102,0.3321146908352806,0.76,32932
0,0,0.6407610076381495,-0.2896312917778125,0.0510803894426436,-0.8516609922317621,0.132484428370131,0.5715371617460968,0.0541864731373086,-0.1417806950288363,-0.4864685772839422,0.1412870890189311,-0.0009688720422725,0.4060468917952879,0.234192265004699,0.5549974019961418,0.0140576463190273,0.3547591622186937,-0.4289470243255512,0.1273973104704045,0.0152293951960787,-0.4844704194330868,0.0027958011959606,0.1321402465769226,0.0524971529590221,0.9985628949714308,0.1299663533732784,0.000840779142992,0.8886985284243151,0.0002029185103068,0.0655687867978563,0.744738069547906,0.2297179975755858,0.3392542327168591,0.5052206273191041,0.3879438869616712,0.7122999315086683,0.3384193364242871,0.4399805827743853,0.5979807061899549,0.5142012940582728,0.5506605763784594,0.1221470276265178,0.1764238571785311,0.1479051156907494,0.4534504804121284,0.4591042182441102,0.3321146908352806,0.76,32942
0,0,0.6407610076381495,-0.2896312917778125,0.0510803894426436,-0.8516609922317621,0.132484428370131,0.5715371617460968,0.0541864731373086,-0.1417806950288363,-0.4864685772839422,0.1412870890189311,-0.0009688720422725,0.4060468917952879,0.234192265004699,0.5549974019961418,0.0140576463190273,0.3547591622186937,-0.4289470243255512,0.1273973104704045,0.0152293951960787,-0.4844704194330868,0.0027958011959606,0.1321402465769226,0.0524971529590221,0.9985628949714308,0.1299663533732784,0.000840779142992,0.8886985284243151,0.0002029185103068,0.0655687867978563,0.744738069547906,0.2297179975755858,0.3392542327168591,0.5052206273191041,0.3879438869616712,0.7122999315086683,0.3384193364242871,0.4399805827743853,0.5979807061899549,0.5142012940582728,0.5506605763784594,0.1221470276265178,0.1764238571785311,0.1479051156907494,0.4534504804121284,0.4591042182441102,0.3321146908352806,0.76,32952
0,0,0.6407610076381495,-0.2896312917778125,0.0510803894426436,-0.8516609922317621,0.132484428370131,0.5715371617460968,0.0541864731373086,-0.1417806950288363,-0.4864685772839422,0.1412870890189311,-0.0009688720422725,0.4060468917952879,0.234192265004699,0.5549974019961418,0.0140576463190273,0.3547591622186937,-0.4289470243255512,0.1273973104704045,0.0152293951960787,-0.4844704194330868,0.0027958011959606,0.1321402465769226,0.0524971529590221,0.9985628949714308,0.1299663533732784,0.000840779142992,0.8886985284243151,0.0002029185103068,0.0655687867978563,0.744738069547906,0.2297179975755858,0.3392542327168591,0.5052206273191041,0.3879438869616712,0.7122999315086683,0.3384193364242871,0.4399805827743853,0.5979807061899549,0.5142012940582728,0.5506605763784594,0.1221470276265178,0.1764238571785311,0.1479051156907494,0.4534504804121284,0.4591042182441102,0.3321146908352806,0.76,32962
0,0,0.6407610076381495,-0.2896312917778125,0.0510803894426436,-0.8516609922317621,0.132484428370131,0.5715371617460968,0.0541864731373086,-0.1417806950288363,-0.4864685772839422,0.1412870890189311,-0.0009688720422725,0.4060468917952879,0.234192265004699,0.5549974019961418,0.0140576463190273,0.3547591622186937,-0.4289470243255512,0.1273973104704045,0.0152293951960787,-0.4844704194330868,0.0027958011959606,0.1321402465769226,0.0524971529590221,0.9985628949714308,0.1299663533732784,0.000840779142992,0.8886985284243151,0.0002029185103068,0.0655687867978563,0.744738069547906,0.2297179975755858,0.3392542327168591,0.5052206273191041,0.3879438869616712,0.7122999315086683,0.3384193364242871,0.4399805827743853,0.5979807061899549,0.5142012940582728,0.5506605763784594,0.1221470276265178,0.1764238571785311,0.1479051156907494,0.4534504804121284,0.4591042182441102,0.3321146908352806,0.76,32972
0,0,0.6407610076381495,-0.2896312917778125,0.0510803894426436,-0.8516609922317621,0.132484428370131,0.5715371617460968,0.0541864731373086,-0.1417806950288363,-0.4864685772839422,0.1412870890189311,-0.0009688720422725,0.4060468917952879,0.234192265004699,0.5549974019961418,0.0140576463190273,0.3547591622186937,-0.4289470243255512,0.1273973104704045,0.0152293951960787,-0.4844704194330868,0.0027958011959606,0.1321402465769226,0.0524971529590221,0.9985628949714308,0.1299663533732784,0.000840779142992,0.8886985284243151,0.0002029185103068,0.0655687867978563,0.744738069547906,0.2297179975755858,0.3392542327168591,0.5052206273191041,0.3879438869616712,0.7122999315086683,0.3384193364242871,0.4399805827743853,0.5979807061899549,0.5142012940582728,0.5506605763784594,0.1221470276265178,0.1764238571785311,0.1479051156907494,0.4534504804121284,0.4591042182441102,0.3321146908352806,0.76,32982
0,0,0.6407610076381495,-0.2896312917778125,0.0510803894426436,-0.8516609922317621,0.132484428370131,0.5715371617460968,0.0541864731373086,-0.1417806950288363,-0.4864685772839422,0.1412870890189311,-0.0009688720422725,0.4060468917952879,0.234192265004699,0.5549974019961418,0.0140576463190273,0.3547591622186937,-0.4289470243255512,0.1273973104704045,0.0152293951960787,-0.4844704194330868,0.0027958011959606,0.1321402465769226,0.0524971529590221,0.9985628949714308,0.1299663533732784,0.000840779142992,0.8886985284243151,0.0002029185103068,0.0655687867978563,0.744738069547906,0.2297179975755858,0.3392542327168591,0.5052206273191041,0.3879438869616712,0.7122999315086683,0.3384193364242871,0.4399805827743853,0.5979807061899549,0.5142012940582728,0.5506605763784594,0.1221470276265178,0.1764238571785311,0.1479051156907494,0.4534504804121284,0.4591042182441102,0.3321146908352806,0.76,32992
0,0,0.6407610076381495,-0.2896312917778125,0.0510803894426436,-0.8516609922317621,0.132484428370131,0.5715371617460968,0.0541864731373086,-0.1417806950288363,-0.4864685772839422,0.1412870890189311,-0.0009688720422725,0.4060468917952879,0.234192265004699,0.5549974019961418,0.0140576463190273,0.3547591622186937,-0.4289470243255512,0.1273973104704045,0.0152293951960787,-0.4844704194330868,0.0027958011959606,0.1321402465769226,0.0524971529590221,0.9985628949714308,0.1299663533732784,0.000840779142992,0.8886985284243151,0.0002029185103068,0.0655687867978563,0.744738069547906,0.2297179975755858,0.3392542327168591,0.5052206273191041,0.3879438869616712,0.7122999315086683,0.3384193364242871,0.4399805827743853,0.5979807061899549,0.5142012940582728,0.5506605763784594,0.1221470276265178,0.1764238571785311,0.1479051156907494,0.4534504804121284,0.4591042182441102,0.3321146908352806,0.76,33002
0,0,0.6407610076381495,-0.2896312917778125,0.0510803894426436,-0.8516609922317621,0.132484428370131,0.5715371617460968,0.0541864731373086,-0.1417806950288363,-0.4864685772839422,0.1412870890189311,-0.0009688720422725,0.4060468917952879,0.234192265004699,0.5549974019961418,0.0140576463190273,0.3547591622186937,-0.4289470243255512,0.1273973104704045,0.0152293951960787,-0.4844704194330868,0.0027958011959606,0.1321402465769226,0.0524971529590221,0.9985628949714308,0.1299663533732784,0.000840779142992,0.8886985284243151,0.0002029185103068,0.0655687867978563,0.744738069547906,0.2297179975755858,0.3392542327168591,0.5052206273191041,0.3879438869616712,0.7122999315086683,0.3384193364242871,0.4399805827743853,0.5979807061899549,0.5142012940582728,0.5506605763784594,0.1221470276265178,0.1764238571785311,0.1479051156907494,0.4534504804121284,0.4591042182441102,0.3321146908352806,0.76,33012
0,0,0.6407610076381495,-0.2896312917778125,0.0510803894426436,-0.8516609922317621,0.132484428370131,0.5715371617460968,0.0541864731373086,-0.1417806950288363,-0.4864685772839422,0.1412870890189311,-0.0009688720422725,0.4060468917952879,0.234192265004699,0.5549974019961418,0.0140576463190273,0.3547591622186937,-0.4289470243255512,0.1273973104704045,0.0152293951960787,-0.4844704194330868,0.0027958011959606,0.1321402465769226,0.0524971529590221,0.9985628949714308,0.1299663533732784,0.000840779142992,0.8886985284243151,0.0002029185103068,0.0655687867978563,0.744738069547906,0.2297179975755858,0.3392542327168591,0.5052206273191041,0.3879438869616712,0.7122999315086683,0.3384193364242871,0.4399805827743853,0.5979807061899549,0.5142012940582728,0.5506605763784594,0.1221470276265178,0.1764238571785311,0.1479051156907494,0.4534504804121284,0.4591042182441102,0.3321146908352806,0.76,33022
0,0,0.6407610076381495,-0.2896312917778125,0.0510803894426436,-0.8516609922317621,0.132484428370131,0.5715371617460968,0.0541864731373086,-0.1417806950288363,-0.4864685772839422,0.1412870890189311,-0.0009688720422725,0.4060468917952879,0.234192265004699,0.5549974019961418,0.0140576463190273,0.3547591622186937,-0.4289470243255512,0.1273973104704045,0.0152293951960787,-0.4844704194330868,0.0027958011959606,0.1321402465769226,0.0524971529590221,0.9985628949714308,0.1299663533732784,0.000840779142992,0.8886985284243151,0.0002029185103068,0.0655687867978563,0.744738069547906,0.2297179975755858,0.3392542327168591,0.5052206273191041,0.3879438869616712,0.7122999315086683,0.3384193364242871,0.4399805827743853,0.5979807061899549,0.5142012940582728,0.5506605763784594,0.1221470276265178,0.1764238571785311,0.1479051156907494,0.4534504804121284,0.4591042182441102,0.3321146908352806,0.76,33032
0,0,0.6407610076381495,-0.2896312917778125,0.0510803894426436,-0.8516609922317621,0.132484428370131,0.5715371617460968,0.0541864731373086,-0.1417806950288363,-0.4864685772839422,0.1412870890189311,-0.0009688720422725,0.4060468917952879,0.234192265004699,0.5549974019961418,0.0140576463190273,0.3547591622186937,-0.4289470243255512,0.1273973104704045,0.0152293951960787,-0.4844704194330868,0.0027958011959606,0.1321402465769226,0.0524971529590221,0.9985628949714308,0.1299663533732784,0.000840779142992,0.8886985284243151,0.0002029185103068,0.0655687867978563,0.744738069547906,0.2297179975755858,0.3392542327168591,0.5052206273191041,0.3879438869616712,0.7122999315086683,0.3384193364242871,0.4399805827743853,0.5979807061899549,0.5142012940582728,0.5506605763784594,0.1221470276265178,0.1764238571785311,0.1479051156907494,0.4534504804121284,0.4591042182441102,0.3321146908352806,0.76,33050
0,0,0.6407610076381495,-0.2896312917778125,0.0510803894426436,-0.8516609922317621,0.132484428370131,0.5715371617460968,0.0541864731373086,-0.1417806950288363,-0.4864685772839422,0.1412870890189311,-0.0009688720422725,0.4060468917952879,0.234192265004699,0.5549974019961418,0.0140576463190273,0.3547591622186937,-0.4289470243255512,0.1273973104704045,0.0152293951960787,-0.4844704194330868,0.0027958011959606,0.1321402465769226,0.0524971529590221,0.9985628949714308,0.1299663533732784,0.000840779142992,0.8886985284243151,0.0002029185103068,0.0655687867978563,0.744738069547906,0.2297179975755858,0.3392542327168591,0.5052206273191041,0.3879438869616712,0.7122999315086683,0.3384193364242871,0.4399805827743853,0.5979807061899549,0.5142012940582728,0.5506605763784594,0.1221470276265178,0.1764238571785311,0.1479051156907494,0.4534504804121284,0.4591042182441102,0.3321146908352806,0.76,33060
0,0,0.6407610076381495,-0.2896312917778125,0.0510803894426436,-0.8516609922317621,0.132484428370131,0.5715371617460968,0.0541864731373086,-0.1417806950288363,-0.4864685772839422,0.1412870890189311,-0.0009688720422725,0.4060468917952879,0.234192265004699,0.5549974019961418,0.0140576463190273,0.3547591622186937,-0.4289470243255512,0.1273973104704045,0.0152293951960787,-0.4844704194330868,0.0027958011959606,0.1321402465769226,0.0524971529590221,0.9985628949714308,0.1299663533732784,0.000840779142992,0.8886985284243151,0.0002029185103068,0.0655687867978563,0.744738069547906,0.2297179975755858,0.3392542327168591,0.5052206273191041,0.3879438869616712,0.7122999315086683,0.3384193364242871,0.4399805827743853,0.5979807061899549,0.5142012940582728,0.5506605763784594,0.1221470276265178,0.1764238571785311,0.1479051156907494,0.4534504804121284,0.4591042182441102,0.3321146908352806,0.76,33071
0,0,0.6407610076381495,-0.2896312917778125,0.0510803894426436,-0.8516609922317621,0.132484428370131,0.5715371617460968,0.0541864731373086,-0.1417806950288363,-0.4864685772839422,0.1412870890189311,-0.0009688720422725,0.4060468917952879,0.234192265004699,0.5549974019961418,0.0140576463190273,0.3547591622186937,-0.4289470243255512,0.1273973104704045,0.0152293951960787,-0.4844704194330868,0.0027958011959606,0.1321402465769226,0.0524971529590221,0.9985628949714308,0.1299663533732784,0.000840779142992,0.8886985284243151,0.0002029185103068,0.0655687867978563,0.744738069547906,0.2297179975755858,0.3392542327168591,0.5052206273191041,0.3879438869616712,0.7122999315086683,0.3384193364242871,0.4399805827743853,0.5979807061899549,0.5142012940582728,0.5506605763784594,0.1221470276265178,0.1764238571785311,0.1479051156907494,0.4534504804121284,0.4591042182441102,0.3321146908352806,0.76,33081
0,0,0.6407610076381495,-0.2896312917778125,0.0510803894426436,-0.8516609922317621,0.132484428370131,0.5715371617460968,0.0541864731373086,-0.1417806950288363,-0.4864685772839422,0.1412870890189311,-0.0009688720422725,0.4060468917952879,0.234192265004699,0.5549974019961418,0.0140576463190273,0.3547591622186937,-0.4289470243255512,0.1273973104704045,0.0152293951960787,-0.4844704194330868,0.0027958011959606,0.1321402465769226,0.0524971529590221,0.9985628949714308,0.1299663533732784,0.000840779142992,0.8886985284243151,0.0002029185103068,0.0655687867978563,0.744738069547906,0.2297179975755858,0.3392542327168591,0.5052206273191041,0.3879438869616712,0.7122999315086683,0.3384193364242871,0.4399805827743853,0.5979807061899549,0.5142012940582728,0.5506605763784594,0.1221470276265178,0.1764238571785311,0.1479051156907494,0.4534504804121284,0.4591042182441102,0.3321146908352806,0.76,33100
0,0,0.6407610076381495,-0.2896312917778125,0.0510803894426436,-0.8516609922317621,0.132484428370131,0.5715371617460968,0.0541864731373086,-0.1417806950288363,-0.4864685772839422,0.1412870890189311,-0.0009688720422725,0.4060468917952879,0.234192265004699,0.5549974019961418,0.0140576463190273,0.3547591622186937,-0.4289470243255512,0.1273973104704045,0.0152293951960787,-0.4844704194330868,0.0027958011959606,0.1321402465769226,0.0524971529590221,0.9985628949714308,0.1299663533732784,0.000840779142992,0.8886985284243151,0.0002029185103068,0.0655687867978563,0.744738069547906,0.2297179975755858,0.3392542327168591,0.5052206273191041,0.3879438869616712,0.7122999315086683,0.3384193364242871,0.4399805827743853,0.5979807061899549,0.5142012940582728,0.5506605763784594,0.1221470276265178,0.1764238571785311,0.1479051156907494,0.4534504804121284,0.4591042182441102,0.3321146908352806,0.76,33110
0,0,0.6407610076381495,-0.2896312917778125,0.0510803894426436,-0.8516609922317621,0.132484428370131,0.5715371617460968,0.0541864731373086,-0.1417806950288363,-0.4864685772839422,0.1412870890189311,-0.0009688720422725,0.4060468917952879,0.234192265004699,0.5549974019961418,0.0140576463190273,0.3547591622186937,-0.4289470243255512,0.1273973104704045,0.0152293951960787,-0.4844704194330868,0.0027958011959606,0.1321402465769226,0.0524971529590221,0.9985628949714308,0.1299663533732784,0.000840779142992,0.8886985284243151,0.0002029185103068,0.0655687867978563,0.744738069547906,0.2297179975755858,0.3392542327168591,0.5052206273191041,0.3879438869616712,0.7122999315086683,0.3384193364242871,0.4399805827743853,0.5979807061899549,0.5142012940582728,0.5506605763784594,0.1221470276265178,0.1764238571785311,0.1479051156907494,0.4534504804121284,0.4591042182441102,0.3321146908352806,0.76,33120
0,0,0.6407610076381495,-0.2896312917778125,0.0510803894426436,-0.8516609922317621,0.132484428370131,0.5715371617460968,0.0541864731373086,-0.1417806950288363,-0.4864685772839422,0.1412870890189311,-0.0009688720422725,0.4060468917952879,0.234192265004699,0.5549974019961418,0.0140576463190273,0.3547591622186937,-0.4289470243255512,0.1273973104704045,0.0152293951960787,-0.4844704194330868,0.0027958011959606,0.1321402465769226,0.0524971529590221,0.9985628949714308,0.1299663533732784,0.000840779142992,0.8886985284243151,0.0002029185103068,0.0655687867978563,0.744738069547906,0.2297179975755858,0.3392542327168591,0.5052206273191041,0.3879438869616712,0.7122999315086683,0.3384193364242871,0.4399805827743853,0.5979807061899549,0.5142012940582728,0.5506605763784594,0.1221470276265178,0.1764238571785311,0.1479051156907494,0.4534504804121284,0.4591042182441102,0.3321146908352806,0.76,33131
0,0,0.6407610076381495,-0.2896312917778125,0.0510803894426436,-0.8516609922317621,0.132484428370131,0.5715371617460968,0.0541864731373086,-0.1417806950288363,-0.4864685772839422,0.1412870890189311,-0.0009688720422725,0.4060468917952879,0.234192265004699,0.5549974019961418,0.0140576463190273,0.3547591622186937,-0.4289470243255512,0.1273973104704045,0.0152293951960787,-0.4844704194330868,0.0027958011959606,0.1321402465769226,0.0524971529590221,0.9985628949714308,0.1299663533732784,0.000840779142992,0.8886985284243151,0.0002029185103068,0.0655687867978563,0.744738069547906,0.2297179975755858,0.3392542327168591,0.5052206273191041,0.3879438869616712,0.7122999315086683,0.3384193364242871,0.4399805827743853,0.5979807061899549,0.5142012940582728,0.5506605763784594,0.1221470276265178,0.1764238571785311,0.1479051156907494,0.4534504804121284,0.4591042182441102,0.3321146908352806,0.76,33141
0,0,0.6407610076381495,-0.2896312917778125,0.0510803894426436,-0.8516609922317621,0.132484428370131,0.5715371617460968,0.0541864731373086,-0.1417806950288363,-0.4864685772839422,0.1412870890189311,-0.0009688720422725,0.4060468917952879,0.234192265004699,0.5549974019961418,0.0140576463190273,0.3547591622186937,-0.4289470243255512,0.1273973104704045,0.0152293951960787,-0.4844704194330868,0.0027958011959606,0.1321402465769226,0.0524971529590221,0.9985628949714308,0.1299663533732784,0.000840779142992,0.8886985284243151,0.0002029185103068,0.0655687867978563,0.744738069547906,0.2297179975755858,0.3392542327168591,0.5052206273191041,0.3879438869616712,0.7122999315086683,0.3384193364242871,0.4399805827743853,0.5979807061899549,0.5142012940582728,0.5506605763784594,0.1221470276265178,0.1764238571785311,0.1479051156907494,0.4534504804121284,0.4591042182441102,0.3321146908352806,0.76,33151
0,0,0.6407610076381495,-0.2896312917778125,0.0510803894426436,-0.8516609922317621,0.132484428370131,0.5715371617460968,0.0541864731373086,-0.1417806950288363,-0.4864685772839422,0.1412870890189311,-0.0009688720422725,0.4060468917952879,0.234192265004699,0.5549974019961418,0.0140576463190273,0.3547591622186937,-0.4289470243255512,0.1273973104704045,0.0152293951960787,-0.4844704194330868,0.0027958011959606,0.1321402465769226,0.0524971529590221,0.9985628949714308,0.1299663533732784,0.000840779142992,0.8886985284243151,0.0002029185103068,0.0655687867978563,0.744738069547906,0.2297179975755858,0.3392542327168591,0.5052206273191041,0.3879438869616712,0.7122999315086683,0.3384193364242871,0.4399805827743853,0.5979807061899549,0.5142012940582728,0.5506605763784594,0.1221470276265178,0.1764238571785311,0.1479051156907494,0.4534504804121284,0.4591042182441102,0.3321146908352806,0.76,33170
0,0,0.6407610076381495,-0.2896312917778125,0.0510803894426436,-0.8516609922317621,0.132484428370131,0.5715371617460968,0.0541864731373086,-0.1417806950288363,-0.4864685772839422,0.1412870890189311,-0.0009688720422725,0.4060468917952879,0.234192265004699,0.5549974019961418,0.0140576463190273,0.3547591622186937,-0.4289470243255512,0.1273973104704045,0.0152293951960787,-0.4844704194330868,0.0027958011959606,0.1321402465769226,0.0524971529590221,0.9985628949714308,0.1299663533732784,0.000840779142992,0.8886985284243151,0.0002029185103068,0.0655687867978563,0.744738069547906,0.2297179975755858,0.3392542327168591,0.5052206273191041,0.3879438869616712,0.7122999315086683,0.3384193364242871,0.4399805827743853,0.5979807061899549,0.5142012940582728,0.5506605763784594,0.1221470276265178,0.1764238571785311,0.1479051156907494,0.4534504804121284,0.4591042182441102,0.3321146908352806,0.76,33180
0,0,0.6407610076381495,-0.2896312917778125,0.0510803894426436,-0.8516609922317621,0.132484428370131,0.5715371617460968,0.0541864731373086,-0.1417806950288363,-0.4864685772839422,0.1412870890189311,-0.0009688720422725,0.4060468917952879,0.234192265004699,0.5549974019961418,0.0140576463190273,0.3547591622186937,-0.4289470243255512,0.1273973104704045,0.0152293951960787,-0.4844704194330868,0.0027958011959606,0.1321402465769226,0.0524971529590221,0.9985628949714308,0.1299663533732784,0.000840779142992,0.8886985284243151,0.0002029185103068,0.0655687867978563,0.744738069547906,0.2297179975755858,0.3392542327168591,0.5052206273191041,0.3879438869616712,0.7122999315086683,0.3384193364242871,0.4399805827743853,0.5979807061899549,0.5142012940582728,0.5506605763784594,0.1221470276265178,0.1764238571785311,0.1479051156907494,0.4534504804121284,0.4591042182441102,0.3321146908352806,0.76,33191
0,0,0.6407610076381495,-0.2896312917778125,0.0510803894426436,-0.8516609922317621,0.132484428370131,0.5715371617460968,0.0541864731373086,-0.1417806950288363,-0.4864685772839422,0.1412870890189311,-0.0009688720422725,0.4060468917952879,0.234192265004699,0.5549974019961418,0.0140576463190273,0.3547591622186937,-0.4289470243255512,0.1273973104704045,0.0152293951960787,-0.4844704194330868,0.0027958011959606,0.1321402465769226,0.0524971529590221,0.9985628949714308,0.1299663533732784,0.000840779142992,0.8886985284243151,0.0002029185103068,0.0655687867978563,0.744738069547906,0.2297179975755858,0.3392542327168591,0.5052206273191041,0.3879438869616712,0.7122999315086683,0.3384193364242871,0.4399805827743853,0.5979807061899549,0.5142012940582728,0.5506605763784594,0.1221470276265178,0.1764238571785311,0.1479051156907494,0.4534504804121284,0.4591042182441102,0.3321146908352806,0.76,33201
0,0,0.6407610076381495,-0.2896312917778125,0.0510803894426436,-0.8516609922317621,0.132484428370131,0.5715371617460968,0.0541864731373086,-0.1417806950288363,-0.4864685772839422,0.1412870890189311,-0.0009688720422725,0.4060468917952879,0.234192265004699,0.5549974019961418,0.0140576463190273,0.3547591622186937,-0.4289470243255512,0.1273973104704045,0.0152293951960787,-0.4844704194330868,0.0027958011959606,0.1321402465769226,0.0524971529590221,0.9985628949714308,0.1299663533732784,0.000840779142992,0.8886985284243151,0.0002029185103068,0.0655687867978563,0.744738069547906,0.2297179975755858,0.3392542327168591,0.5052206273191041,0.3879438869616712,0.7122999315086683,0.3384193364242871,0.4399805827743853,0.5979807061899549,0.5142012940582728,0.5506605763784594,0.1221470276265178,0.1764238571785311,0.1479051156907494,0.4534504804121284,0.4591042182441102,0.3321146908352806,0.76,33218
0,0,0.6407610076381495,-0.2896312917778125,0.0510803894426436,-0.8516609922317621,0.132484428370131,0.5715371617460968,0.0541864731373086,-0.1417806950288363,-0.4864685772839422,0.1412870890189311,-0.0009688720422725,0.4060468917952879,0.234192265004699,0.5549974019961418,0.0140576463190273,0.3547591622186937,-0.4289470243255512,0.1273973104704045,0.0152293951960787,-0.4844704194330868,0.0027958011959606,0.1321402465769226,0.0524971529590221,0.9985628949714308,0.1299663533732784,0.000840779142992,0.8886985284243151,0.0002029185103068,0.0655687867978563,0.744738069547906,0.2297179975755858,0.3392542327168591,0.5052206273191041,0.3879438869616712,0.7122999315086683,0.3384193364242871,0.4399805827743853,0.5979807061899549,0.5142012940582728,0.5506605763784594,0.1221470276265178,0.1764238571785311,0.1479051156907494,0.4534504804121284,0.4591042182441102,0.3321146908352806,0.76,33229
0,0,0.6407610076381495,-0.2896312917778125,0.0510803894426436,-0.8516609922317621,0.132484428370131,0.5715371617460968,0.0541864731373086,-0.1417806950288363,-0.4864685772839422,0.1412870890189311,-0.0009688720422725,0.4060468917952879,0.234192265004699,0.5549974019961418,0.0140576463190273,0.3547591622186937,-0.4289470243255512,0.1273973104704045,0.0152293951960787,-0.4844704194330868,0.0027958011959606,0.1321402465769226,0.0524971529590221,0.9985628949714308,0.1299663533732784,0.000840779142992,0.8886985284243151,0.0002029185103068,0.0655687867978563,0.744738069547906,0.2297179975755858,0.3392542327168591,0.5052206273191041,0.3879438869616712,0.7122999315086683,0.3384193364242871,0.4399805827743853,0.5979807061899549,0.5142012940582728,0.5506605763784594,0.1221470276265178,0.1764238571785311,0.1479051156907494,0.4534504804121284,0.4591042182441102,0.3321146908352806,0.76,33239
0,0,0.6407610076381495,-0.2896312917778125,0.0510803894426436,-0.8516609922317621,0.132484428370131,0.5715371617460968,0.0541864731373086,-0.1417806950288363,-0.4864685772839422,0.1412870890189311,-0.0009688720422725,0.4060468917952879,0.234192265004699,0.5549974019961418,0.0140576463190273,0.3547591622186937,-0.4289470243255512,0.1273973104704045,0.0152293951960787,-0.4844704194330868,0.0027958011959606,0.1321402465769226,0.0524971529590221,0.9985628949714308,0.1299663533732784,0.000840779142992,0.8886985284243151,0.0002029185103068,0.0655687867978563,0.744738069547906,0.2297179975755858,0.3392542327168591,0.5052206273191041,0.3879438869616712,0.7122999315086683,0.3384193364242871,0.4399805827743853,0.5979807061899549,0.5142012940582728,0.5506605763784594,0.1221470276265178,0.1764238571785311,0.1479051156907494,0.4534504804121284,0.4591042182441102,0.3321146908352806,0.76,33257
0,0,0.6407610076381495,-0.2896312917778125,0.0510803894426436,-0.8516609922317621,0.132484428370131,0.5715371617460968,0.0541864731373086,-0.1417806950288363,-0.4864685772839422,0.1412870890189311,-0.0009688720422725,0.4060468917952879,0.234192265004699,0.5549974019961418,0.0140576463190273,0.3547591622186937,-0.4289470243255512,0.1273973104704045,0.0152293951960787,-0.4844704194330868,0.0027958011959606,0.1321402465769226,0.0524971529590221,0.9985628949714308,0.1299663533732784,0.000840779142992,0.8886985284243151,0.0002029185103068,0.0655687867978563,0.744738069547906,0.2297179975755858,0.3392542327168591,0.5052206273191041,0.3879438869616712,0.7122999315086683,0.3384193364242871,0.4399805827743853,0.5979807061899549,0.5142012940582728,0.5506605763784594,0.1221470276265178,0.1764238571785311,0.1479051156907494,0.4534504804121284,0.4591042182441102,0.3321146908352806,0.76,33267
0,0,0.6407610076381495,-0.2896312917778125,0.0510803894426436,-0.8516609922317621,0.132484428370131,0.5715371617460968,0.0541864731373086,-0.1417806950288363,-0.4864685772839422,0.1412870890189311,-0.0009688720422725,0.4060468917952879,0.234192265004699,0.5549974019961418,0.0140576463190273,0.3547591622186937,-0.4289470243255512,0.1273973104704045,0.0152293951960787,-0.4844704194330868,0.0027958011959606,0.1321402465769226,0.0524971529590221,0.9985628949714308,0.1299663533732784,0.000840779142992,0.8886985284243151,0.0002029185103068,0.0655687867978563,0.744738069547906,0.2297179975755858,0.3392542327168591,0.5052206273191041,0.3879438869616712,0.7122999315086683,0.3384193364242871,0.4399805827743853,0.5979807061899549,0.5142012940582728,0.5506605763784594,0.1221470276265178,0.1764238571785311,0.1479051156907494,0.4534504804121284,0.4591042182441102,0.3321146908352806,0.76,33278
0,0,0.6407610076381495,-0.2896312917778125,0.0510803894426436,-0.8516609922317621,0.132484428370131,0.5715371617460968,0.0541864731373086,-0.1417806950288363,-0.4864685772839422,0.1412870890189311,-0.0009688720422725,0.4060468917952879,0.234192265004699,0.5549974019961418,0.0140576463190273,0.3547591622186937,-0.4289470243255512,0.1273973104704045,0.0152293951960787,-0.4844704194330868,0.0027958011959606,0.1321402465769226,0.0524971529590221,0.9985628949714308,0.1299663533732784,0.000840779142992,0.8886985284243151,0.0002029185103068,0.0655687867978563,0.744738069547906,0.2297179975755858,0.3392542327168591,0.5052206273191041,0.3879438869616712,0.7122999315086683,0.3384193364242871,0.4399805827743853,0.5979807061899549,0.5142012940582728,0.5506605763784594,0.1221470276265178,0.1764238571785311,0.1479051156907494,0.4534504804121284,0.4591042182441102,0.3321146908352806,0.76,33288
0,0,0.6407610076381495,-0.2896312917778125,0.0510803894426436,-0.8516609922317621,0.132484428370131,0.5715371617460968,0.0541864731373086,-0.1417806950288363,-0.4864685772839422,0.1412870890189311,-0.0009688720422725,0.4060468917952879,0.234192265004699,0.5549974019961418,0.0140576463190273,0.3547591622186937,-0.4289470243255512,0.1273973104704045,0.0152293951960787,-0.4844704194330868,0.0027958011959606,0.1321402465769226,0.0524971529590221,0.9985628949714308,0.1299663533732784,0.000840779142992,0.8886985284243151,0.0002029185103068,0.0655687867978563,0.744738069547906,0.2297179975755858,0.3392542327168591,0.5052206273191041,0.3879438869616712,0.7122999315086683,0.3384193364242871,0.4399805827743853,0.5979807061899549,0.5142012940582728,0.5506605763784594,0.1221470276265178,0.1764238571785311,0.1479051156907494,0.4534504804121284,0.4591042182441102,0.3321146908352806,0.76,33299
0,0,0.6407610076381495,-0.2896312917778125,0.0510803894426436,-0.8516609922317621,0.132484428370131,0.5715371617460968,0.0541864731373086,-0.1417806950288363,-0.4864685772839422,0.1412870890189311,-0.0009688720422725,0.4060468917952879,0.234192265004699,0.5549974019961418,0.0140576463190273,0.3547591622186937,-0.4289470243255512,0.1273973104704045,0.0152293951960787,-0.4844704194330868,0.0027958011959606,0.1321402465769226,0.0524971529590221,0.9985628949714308,0.1299663533732784,0.000840779142992,0.8886985284243151,0.0002029185103068,0.0655687867978563,0.744738069547906,0.2297179975755858,0.3392542327168591,0.5052206273191041,0.3879438869616712,0.7122999315086683,0.3384193364242871,0.4399805827743853,0.5979807061899549,0.5142012940582728,0.5506605763784594,0.1221470276265178,0.1764238571785311,0.1479051156907494,0.4534504804121284,0.4591042182441102,0.3321146908352806,0.76,33309
0,0,0.6407610076381495,-0.2896312917778125,0.0510803894426436,-0.8516609922317621,0.132484428370131,0.5715371617460968,0.0541864731373086,-0.1417806950288363,-0.4864685772839422,0.1412870890189311,-0.0009688720422725,0.4060468917952879,0.234192265004699,0.5549974019961418,0.0140576463190273,0.3547591622186937,-0.4289470243255512,0.1273973104704045,0.0152293951960787,-0.4844704194330868,0.0027958011959606,0.1321402465769226,0.0524971529590221,0.9985628949714308,0.1299663533732784,0.000840779142992,0.8886985284243151,0.0002029185103068,0.0655687867978563,0.744738069547906,0.2297179975755858,0.3392542327168591,0.5052206273191041,0.3879438869616712,0.7122999315086683,0.3384193364242871,0.4399805827743853,0.5979807061899549,0.5142012940582728,0.5506605763784594,0.1221470276265178,0.1764238571785311,0.1479051156907494,0.4534504804121284,0.4591042182441102,0.3321146908352806,0.76,33319
0,0,0.6407610076381495,-0.2896312917778125,0.0510803894426436,-0.8516609922317621,0.132484428370131,0.5715371617460968,0.0541864731373086,-0.1417806950288363,-0.4864685772839422,0.1412870890189311,-0.0009688720422725,0.4060468917952879,0.234192265004699,0.5549974019961418,0.0140576463190273,0.3547591622186937,-0.4289470243255512,0.1273973104704045,0.0152293951960787,-0.4844704194330868,0.0027958011959606,0.1321402465769226,0.0524971529590221,0.9985628949714308,0.1299663533732784,0.000840779142992,0.8886985284243151,0.0002029185103068,0.0655687867978563,0.744738069547906,0.2297179975755858,0.3392542327168591,0.5052206273191041,0.3879438869616712,0.7122999315086683,0.3384193364242871,0.4399805827743853,0.5979807061899549,0.5142012940582728,0.5506605763784594,0.1221470276265178,0.1764238571785311,0.1479051156907494,0.4534504804121284,0.4591042182441102,0.3321146908352806,0.76,33329
0,0,0.6407610076381495,-0.2896312917778125,0.0510803894426436,-0.8516609922317621,0.132484428370131,0.5715371617460968,0.0541864731373086,-0.1417806950288363,-0.4864685772839422,0.1412870890189311,-0.0009688720422725,0.4060468917952879,0.234192265004699,0.5549974019961418,0.0140576463190273,0.3547591622186937,-0.4289470243255512,0.1273973104704045,0.0152293951960787,-0.4844704194330868,0.0027958011959606,0.1321402465769226,0.0524971529590221,0.9985628949714308,0.1299663533732784,0.000840779142992,0.8886985284243151,0.0002029185103068,0.0655687867978563,0.744738069547906,0.2297179975755858,0.3392542327168591,0.5052206273191041,0.3879438869616712,0.7122999315086683,0.3384193364242871,0.4399805827743853,0.5979807061899549,0.5142012940582728,0.5506605763784594,0.1221470276265178,0.1764238571785311,0.1479051156907494,0.4534504804121284,0.4591042182441102,0.3321146908352806,0.76,33348
0,0,0.6407610076381495,-0.2896312917778125,0.0510803894426436,-0.8516609922317621,0.132484428370131,0.5715371617460968,0.0541864731373086,-0.1417806950288363,-0.4864685772839422,0.1412870890189311,-0.0009688720422725,0.4060468917952879,0.234192265004699,0.5549974019961418,0.0140576463190273,0.3547591622186937,-0.4289470243255512,0.1273973104704045,0.0152293951960787,-0.4844704194330868,0.0027958011959606,0.1321402465769226,0.0524971529590221,0.9985628949714308,0.1299663533732784,0.000840779142992,0.8886985284243151,0.0002029185103068,0.0655687867978563,0.744738069547906,0.2297179975755858,0.3392542327168591,0.5052206273191041,0.3879438869616712,0.7122999315086683,0.3384193364242871,0.4399805827743853,0.5979807061899549,0.5142012940582728,0.5506605763784594,0.1221470276265178,0.1764238571785311,0.1479051156907494,0.4534504804121284,0.4591042182441102,0.3321146908352806,0.76,33359
0,0,0.6407610076381495,-0.2896312917778125,0.0510803894426436,-0.8516609922317621,0.132484428370131,0.5715371617460968,0.0541864731373086,-0.1417806950288363,-0.4864685772839422,0.1412870890189311,-0.0009688720422725,0.4060468917952879,0.234192265004699,0.5549974019961418,0.0140576463190273,0.3547591622186937,-0.4289470243255512,0.1273973104704045,0.0152293951960787,-0.4844704194330868,0.0027958011959606,0.1321402465769226,0.0524971529590221,0.9985628949714308,0.1299663533732784,0.000840779142992,0.8886985284243151,0.0002029185103068,0.0655687867978563,0.744738069547906,0.2297179975755858,0.3392542327168591,0.5052206273191041,0.3879438869616712,0.7122999315086683,0.3384193364242871,0.4399805827743853,0.5979807061899549,0.5142012940582728,0.5506605763784594,0.1221470276265178,0.1764238571785311,0.1479051156907494,0.4534504804121284,0.4591042182441102,0.3321146908352806,0.76,33369
0,0,0.6407610076381495,-0.2896312917778125,0.0510803894426436,-0.8516609922317621,0.132484428370131,0.5715371617460968,0.0541864731373086,-0.1417806950288363,-0.4864685772839422,0.1412870890189311,-0.0009688720422725,0.4060468917952879,0.234192265004699,0.5549974019961418,0.0140576463190273,0.3547591622186937,-0.4289470243255512,0.1273973104704045,0.0152293951960787,-0.4844704194330868,0.0027958011959606,0.1321402465769226,0.0524971529590221,0.9985628949714308,0.1299663533732784,0.000840779142992,0.8886985284243151,0.0002029185103068,0.0655687867978563,0.744738069547906,0.2297179975755858,0.3392542327168591,0.5052206273191041,0.3879438869616712,0.7122999315086683,0.3384193364242871,0.4399805827743853,0.5979807061899549,0.5142012940582728,0.5506605763784594,0.1221470276265178,0.1764238571785311,0.1479051156907494,0.4534504804121284,0.4591042182441102,0.3321146908352806,0.76,33379
0,0,0.6407610076381495,-0.2896312917778125,0.0510803894426436,-0.8516609922317621,0.132484428370131,0.5715371617460968,0.0541864731373086,-0.1417806950288363,-0.4864685772839422,0.1412870890189311,-0.0009688720422725,0.4060468917952879,0.234192265004699,0.5549974019961418,0.0140576463190273,0.3547591622186937,-0.4289470243255512,0.1273973104704045,0.0152293951960787,-0.4844704194330868,0.0027958011959606,0.1321402465769226,0.0524971529590221,0.9985628949714308,0.1299663533732784,0.000840779142992,0.8886985284243151,0.0002029185103068,0.0655687867978563,0.744738069547906,0.2297179975755858,0.3392542327168591,0.5052206273191041,0.3879438869616712,0.7122999315086683,0.3384193364242871,0.4399805827743853,0.5979807061899549,0.5142012940582728,0.5506605763784594,0.1221470276265178,0.1764238571785311,0.1479051156907494,0.4534504804121284,0.4591042182441102,0.3321146908352806,0.76,33389
0,0,0.6407610076381495,-0.2896312917778125,0.0510803894426436,-0.8516609922317621,0.132484428370131,0.5715371617460968,0.0541864731373086,-0.1417806950288363,-0.4864685772839422,0.1412870890189311,-0.0009688720422725,0.4060468917952879,0.234192265004699,0.5549974019961418,0.0140576463190273,0.3547591622186937,-0.4289470243255512,0.1273973104704045,0.0152293951960787,-0.4844704194330868,0.0027958011959606,0.1321402465769226,0.0524971529590221,0.9985628949714308,0.1299663533732784,0.000840779142992,0.8886985284243151,0.0002029185103068,0.0655687867978563,0.744738069547906,0.2297179975755858,0.3392542327168591,0.5052206273191041,0.3879438869616712,0.7122999315086683,0.3384193364242871,0.4399805827743853,0.5979807061899549,0.5142012940582728,0.5506605763784594,0.1221470276265178,0.1764238571785311,0.1479051156907494,0.4534504804121284,0.4591042182441102,0.3321146908352806,0.76,33399
0,0,0.6407610076381495,-0.2896312917778125,0.0510803894426436,-0.8516609922317621,0.132484428370131,0.5715371617460968,0.0541864731373086,-0.1417806950288363,-0.4864685772839422,0.1412870890189311,-0.0009688720422725,0.4060468917952879,0.234192265004699,0.5549974019961418,0.0140576463190273,0.3547591622186937,-0.4289470243255512,0.1273973104704045,0.0152293951960787,-0.4844704194330868,0.0027958011959606,0.1321402465769226,0.0524971529590221,0.9985628949714308,0.1299663533732784,0.000840779142992,0.8886985284243151,0.0002029185103068,0.0655687867978563,0.744738069547906,0.2297179975755858,0.3392542327168591,0.5052206273191041,0.3879438869616712,0.7122999315086683,0.3384193364242871,0.4399805827743853,0.5979807061899549,0.5142012940582728,0.5506605763784594,0.1221470276265178,0.1764238571785311,0.1479051156907494,0.4534504804121284,0.4591042182441102,0.3321146908352806,0.76,33410
0,0,0.6407610076381495,-0.2896312917778125,0.0510803894426436,-0.8516609922317621,0.132484428370131,0.5715371617460968,0.0541864731373086,-0.1417806950288363,-0.4864685772839422,0.1412870890189311,-0.0009688720422725,0.4060468917952879,0.234192265004699,0.5549974019961418,0.0140576463190273,0.3547591622186937,-0.4289470243255512,0.1273973104704045,0.0152293951960787,-0.4844704194330868,0.0027958011959606,0.1321402465769226,0.0524971529590221,0.9985628949714308,0.1299663533732784,0.000840779142992,0.8886985284243151,0.0002029185103068,0.0655687867978563,0.744738069547906,0.2297179975755858,0.3392542327168591,0.5052206273191041,0.3879438869616712,0.7122999315086683,0.3384193364242871,0.4399805827743853,0.5979807061899549,0.5142012940582728,0.5506605763784594,0.1221470276265178,0.1764238571785311,0.1479051156907494,0.4534504804121284,0.4591042182441102,0.3321146908352806,0.76,33420
0,0,0.6407610076381495,-0.2896312917778125,0.0510803894426436,-0.8516609922317621,0.132484428370131,0.5715371617460968,0.0541864731373086,-0.1417806950288363,-0.4864685772839422,0.1412870890189311,-0.0009688720422725,0.4060468917952879,0.234192265004699,0.5549974019961418,0.0140576463190273,0.3547591622186937,-0.4289470243255512,0.1273973104704045,0.0152293951960787,-0.4844704194330868,0.0027958011959606,0.1321402465769226,0.0524971529590221,0.9985628949714308,0.1299663533732784,0.000840779142992,0.8886985284243151,0.0002029185103068,0.0655687867978563,0.744738069547906,0.2297179975755858,0.3392542327168591,0.5052206273191041,0.3879438869616712,0.7122999315086683,0.3384193364242871,0.4399805827743853,0.5979807061899549,0.5142012940582728,0.5506605763784594,0.1221470276265178,0.1764238571785311,0.1479051156907494,0.4534504804121284,0.4591042182441102,0.3321146908352806,0.76,33430
0,0,0.6407610076381495,-0.2896312917778125,0.0510803894426436,-0.8516609922317621,0.132484428370131,0.5715371617460968,0.0541864731373086,-0.1417806950288363,-0.4864685772839422,0.1412870890189311,-0.0009688720422725,0.4060468917952879,0.234192265004699,0.5549974019961418,0.0140576463190273,0.3547591622186937,-0.4289470243255512,0.1273973104704045,0.0152293951960787,-0.4844704194330868,0.0027958011959606,0.1321402465769226,0.0524971529590221,0.9985628949714308,0.1299663533732784,0.000840779142992,0.8886985284243151,0.0002029185103068,0.0655687867978563,0.744738069547906,0.2297179975755858,0.3392542327168591,0.5052206273191041,0.3879438869616712,0.7122999315086683,0.3384193364242871,0.4399805827743853,0.5979807061899549,0.5142012940582728,0.5506605763784594,0.1221470276265178,0.1764238571785311,0.1479051156907494,0.4534504804121284,0.4591042182441102,0.3321146908352806,0.76,33440
0,0,0.6407610076381495,-0.2896312917778125,0.0510803894426436,-0.8516609922317621,0.132484428370131,0.5715371617460968,0.0541864731373086,-0.1417806950288363,-0.4864685772839422,0.1412870890189311,-0.0009688720422725,0.4060468917952879,0.234192265004699,0.5549974019961418,0.0140576463190273,0.3547591622186937,-0.4289470243255512,0.1273973104704045,0.0152293951960787,-0.4844704194330868,0.0027958011959606,0.1321402465769226,0.0524971529590221,0.9985628949714308,0.1299663533732784,0.000840779142992,0.8886985284243151,0.0002029185103068,0.0655687867978563,0.744738069547906,0.2297179975755858,0.3392542327168591,0.5052206273191041,0.3879438869616712,0.7122999315086683,0.3384193364242871,0.4399805827743853,0.5979807061899549,0.5142012940582728,0.5506605763784594,0.1221470276265178,0.1764238571785311,0.1479051156907494,0.4534504804121284,0.4591042182441102,0.3321146908352806,0.76,33450
0,0,0.6407610076381495,-0.2896312917778125,0.0510803894426436,-0.8516609922317621,0.132484428370131,0.5715371617460968,0.0541864731373086,-0.1417806950288363,-0.4864685772839422,0.1412870890189311,-0.0009688720422725,0.4060468917952879,0.234192265004699,0.5549974019961418,0.0140576463190273,0.3547591622186937,-0.4289470243255512,0.1273973104704045,0.0152293951960787,-0.4844704194330868,0.0027958011959606,0.1321402465769226,0.0524971529590221,0.9985628949714308,0.1299663533732784,0.000840779142992,0.8886985284243151,0.0002029185103068,0.0655687867978563,0.744738069547906,0.2297179975755858,0.3392542327168591,0.5052206273191041,0.3879438869616712,0.7122999315086683,0.3384193364242871,0.4399805827743853,0.5979807061899549,0.5142012940582728,0.5506605763784594,0.1221470276265178,0.1764238571785311,0.1479051156907494,0.4534504804121284,0.4591042182441102,0.3321146908352806,0.76,33460
0,0,0.6407610076381495,-0.2896312917778125,0.0510803894426436,-0.8516609922317621,0.132484428370131,0.5715371617460968,0.0541864731373086,-0.1417806950288363,-0.4864685772839422,0.1412870890189311,-0.0009688720422725,0.4060468917952879,0.234192265004699,0.5549974019961418,0.0140576463190273,0.3547591622186937,-0.4289470243255512,0.1273973104704045,0.0152293951960787,-0.4844704194330868,0.0027958011959606,0.1321402465769226,0.0524971529590221,0.9985628949714308,0.1299663533732784,0.000840779142992,0.8886985284243151,0.0002029185103068,0.0655687867978563,0.744738069547906,0.2297179975755858,0.3392542327168591,0.5052206273191041,0.3879438869616712,0.7122999315086683,0.3384193364242871,0.4399805827743853,0.5979807061899549,0.5142012940582728,0.5506605763784594,0.1221470276265178,0.1764238571785311,0.1479051156907494,0.4534504804121284,0.4591042182441102,0.3321146908352806,0.76,33470
0,0,0.6407610076381495,-0.2896312917778125,0.0510803894426436,-0.8516609922317621,0.132484428370131,0.5715371617460968,0.0541864731373086,-0.1417806950288363,-0.4864685772839422,0.1412870890189311,-0.0009688720422725,0.4060468917952879,0.234192265004699,0.5549974019961418,0.0140576463190273,0.3547591622186937,-0.4289470243255512,0.1273973104704045,0.0152293951960787,-0.4844704194330868,0.0027958011959606,0.1321402465769226,0.0524971529590221,0.9985628949714308,0.1299663533732784,0.000840779142992,0.8886985284243151,0.0002029185103068,0.0655687867978563,0.744738069547906,0.2297179975755858,0.3392542327168591,0.5052206273191041,0.3879438869616712,0.7122999315086683,0.3384193364242871,0.4399805827743853,0.5979807061899549,0.5142012940582728,0.5506605763784594,0.1221470276265178,0.1764238571785311,0.1479051156907494,0.4534504804121284,0.4591042182441102,0.3321146908352806,0.76,33481
0,0,0.6407610076381495,-0.2896312917778125,0.0510803894426436,-0.8516609922317621,0.132484428370131,0.5715371617460968,0.0541864731373086,-0.1417806950288363,-0.4864685772839422,0.1412870890189311,-0.0009688720422725,0.4060468917952879,0.234192265004699,0.5549974019961418,0.0140576463190273,0.3547591622186937,-0.4289470243255512,0.1273973104704045,0.0152293951960787,-0.4844704194330868,0.0027958011959606,0.1321402465769226,0.0524971529590221,0.9985628949714308,0.1299663533732784,0.000840779142992,0.8886985284243151,0.0002029185103068,0.0655687867978563,0.744738069547906,0.2297179975755858,0.3392542327168591,0.5052206273191041,0.3879438869616712,0.7122999315086683,0.3384193364242871,0.4399805827743853,0.5979807061899549,0.5142012940582728,0.5506605763784594,0.1221470276265178,0.1764238571785311,0.1479051156907494,0.4534504804121284,0.4591042182441102,0.3321146908352806,0.76,33491
0,0,0.6407610076381495,-0.2896312917778125,0.0510803894426436,-0.8516609922317621,0.132484428370131,0.5715371617460968,0.0541864731373086,-0.1417806950288363,-0.4864685772839422,0.1412870890189311,-0.0009688720422725,0.4060468917952879,0.234192265004699,0.5549974019961418,0.0140576463190273,0.3547591622186937,-0.4289470243255512,0.1273973104704045,0.0152293951960787,-0.4844704194330868,0.0027958011959606,0.1321402465769226,0.0524971529590221,0.9985628949714308,0.1299663533732784,0.000840779142992,0.8886985284243151,0.0002029185103068,0.0655687867978563,0.744738069547906,0.2297179975755858,0.3392542327168591,0.5052206273191041,0.3879438869616712,0.7122999315086683,0.3384193364242871,0.4399805827743853,0.5979807061899549,0.5142012940582728,0.5506605763784594,0.1221470276265178,0.1764238571785311,0.1479051156907494,0.4534504804121284,0.4591042182441102,0.3321146908352806,0.76,33509
0,0,0.6407610076381495,-0.2896312917778125,0.0510803894426436,-0.8516609922317621,0.132484428370131,0.5715371617460968,0.0541864731373086,-0.1417806950288363,-0.4864685772839422,0.1412870890189311,-0.0009688720422725,0.4060468917952879,0.234192265004699,0.5549974019961418,0.0140576463190273,0.3547591622186937,-0.4289470243255512,0.1273973104704045,0.0152293951960787,-0.4844704194330868,0.0027958011959606,0.1321402465769226,0.0524971529590221,0.9985628949714308,0.1299663533732784,0.000840779142992,0.8886985284243151,0.0002029185103068,0.0655687867978563,0.744738069547906,0.2297179975755858,0.3392542327168591,0.5052206273191041,0.3879438869616712,0.7122999315086683,0.3384193364242871,0.4399805827743853,0.5979807061899549,0.5142012940582728,0.5506605763784594,0.1221470276265178,0.1764238571785311,0.1479051156907494,0.4534504804121284,0.4591042182441102,0.3321146908352806,0.76,33519
0,0,0.6407610076381495,-0.2896312917778125,0.0510803894426436,-0.8516609922317621,0.132484428370131,0.5715371617460968,0.0541864731373086,-0.1417806950288363,-0.4864685772839422,0.1412870890189311,-0.0009688720422725,0.4060468917952879,0.234192265004699,0.5549974019961418,0.0140576463190273,0.3547591622186937,-0.4289470243255512,0.1273973104704045,0.0152293951960787,-0.4844704194330868,0.0027958011959606,0.1321402465769226,0.0524971529590221,0.9985628949714308,0.1299663533732784,0.000840779142992,0.8886985284243151,0.0002029185103068,0.0655687867978563,0.744738069547906,0.2297179975755858,0.3392542327168591,0.5052206273191041,0.3879438869616712,0.7122999315086683,0.3384193364242871,0.4399805827743853,0.5979807061899549,0.5142012940582728,0.5506605763784594,0.1221470276265178,0.1764238571785311,0.1479051156907494,0.4534504804121284,0.4591042182441102,0.3321146908352806,0.76,33529
0,0,0.6407610076381495,-0.2896312917778125,0.0510803894426436,-0.8516609922317621,0.132484428370131,0.5715371617460968,0.0541864731373086,-0.1417806950288363,-0.4864685772839422,0.1412870890189311,-0.0009688720422725,0.4060468917952879,0.234192265004699,0.5549974019961418,0.0140576463190273,0.3547591622186937,-0.4289470243255512,0.1273973104704045,0.0152293951960787,-0.4844704194330868,0.0027958011959606,0.1321402465769226,0.0524971529590221,0.9985628949714308,0.1299663533732784,0.000840779142992,0.8886985284243151,0.0002029185103068,0.0655687867978563,0.744738069547906,0.2297179975755858,0.3392542327168591,0.5052206273191041,0.3879438869616712,0.7122999315086683,0.3384193364242871,0.4399805827743853,0.5979807061899549,0.5142012940582728,0.5506605763784594,0.1221470276265178,0.1764238571785311,0.1479051156907494,0.4534504804121284,0.4591042182441102,0.3321146908352806,0.76,33539
0,0,0.6407610076381495,-0.2896312917778125,0.0510803894426436,-0.8516609922317621,0.132484428370131,0.5715371617460968,0.0541864731373086,-0.1417806950288363,-0.4864685772839422,0.1412870890189311,-0.0009688720422725,0.4060468917952879,0.234192265004699,0.5549974019961418,0.0140576463190273,0.3547591622186937,-0.4289470243255512,0.1273973104704045,0.0152293951960787,-0.4844704194330868,0.0027958011959606,0.1321402465769226,0.0524971529590221,0.9985628949714308,0.1299663533732784,0.000840779142992,0.8886985284243151,0.0002029185103068,0.0655687867978563,0.744738069547906,0.2297179975755858,0.3392542327168591,0.5052206273191041,0.3879438869616712,0.7122999315086683,0.3384193364242871,0.4399805827743853,0.5979807061899549,0.5142012940582728,0.5506605763784594,0.1221470276265178,0.1764238571785311,0.1479051156907494,0.4534504804121284,0.4591042182441102,0.3321146908352806,0.76,33549
0,0,0.6407610076381495,-0.2896312917778125,0.0510803894426436,-0.8516609922317621,0.132484428370131,0.5715371617460968,0.0541864731373086,-0.1417806950288363,-0.4864685772839422,0.1412870890189311,-0.0009688720422725,0.4060468917952879,0.234192265004699,0.5549974019961418,0.0140576463190273,0.3547591622186937,-0.4289470243255512,0.1273973104704045,0.0152293951960787,-0.4844704194330868,0.0027958011959606,0.1321402465769226,0.0524971529590221,0.9985628949714308,0.1299663533732784,0.000840779142992,0.8886985284243151,0.0002029185103068,0.0655687867978563,0.744738069547906,0.2297179975755858,0.3392542327168591,0.5052206273191041,0.3879438869616712,0.7122999315086683,0.3384193364242871,0.4399805827743853,0.5979807061899549,0.5142012940582728,0.5506605763784594,0.1221470276265178,0.1764238571785311,0.1479051156907494,0.4534504804121284,0.4591042182441102,0.3321146908352806,0.76,33569
0,0,0.6407610076381495,-0.2896312917778125,0.0510803894426436,-0.8516609922317621,0.132484428370131,0.5715371617460968,0.0541864731373086,-0.1417806950288363,-0.4864685772839422,0.1412870890189311,-0.0009688720422725,0.4060468917952879,0.234192265004699,0.5549974019961418,0.0140576463190273,0.3547591622186937,-0.4289470243255512,0.1273973104704045,0.0152293951960787,-0.4844704194330868,0.0027958011959606,0.1321402465769226,0.0524971529590221,0.9985628949714308,0.1299663533732784,0.000840779142992,0.8886985284243151,0.0002029185103068,0.0655687867978563,0.744738069547906,0.2297179975755858,0.3392542327168591,0.5052206273191041,0.3879438869616712,0.7122999315086683,0.3384193364242871,0.4399805827743853,0.5979807061899549,0.5142012940582728,0.5506605763784594,0.1221470276265178,0.1764238571785311,0.1479051156907494,0.4534504804121284,0.4591042182441102,0.3321146908352806,0.76,33579
0,0,0.6407610076381495,-0.2896312917778125,0.0510803894426436,-0.8516609922317621,0.132484428370131,0.5715371617460968,0.0541864731373086,-0.1417806950288363,-0.4864685772839422,0.1412870890189311,-0.0009688720422725,0.4060468917952879,0.234192265004699,0.5549974019961418,0.0140576463190273,0.3547591622186937,-0.4289470243255512,0.1273973104704045,0.0152293951960787,-0.4844704194330868,0.0027958011959606,0.1321402465769226,0.0524971529590221,0.9985628949714308,0.1299663533732784,0.000840779142992,0.8886985284243151,0.0002029185103068,0.0655687867978563,0.744738069547906,0.2297179975755858,0.3392542327168591,0.5052206273191041,0.3879438869616712,0.7122999315086683,0.3384193364242871,0.4399805827743853,0.5979807061899549,0.5142012940582728,0.5506605763784594,0.1221470276265178,0.1764238571785311,0.1479051156907494,0.4534504804121284,0.4591042182441102,0.3321146908352806,0.76,33589
0,0,0.6407610076381495,-0.2896312917778125,0.0510803894426436,-0.8516609922317621,0.132484428370131,0.5715371617460968,0.0541864731373086,-0.1417806950288363,-0.4864685772839422,0.1412870890189311,-0.0009688720422725,0.4060468917952879,0.234192265004699,0.5549974019961418,0.0140576463190273,0.3547591622186937,-0.4289470243255512,0.1273973104704045,0.0152293951960787,-0.4844704194330868,0.0027958011959606,0.1321402465769226,0.0524971529590221,0.9985628949714308,0.1299663533732784,0.000840779142992,0.8886985284243151,0.0002029185103068,0.0655687867978563,0.744738069547906,0.2297179975755858,0.3392542327168591,0.5052206273191041,0.3879438869616712,0.7122999315086683,0.3384193364242871,0.4399805827743853,0.5979807061899549,0.5142012940582728,0.5506605763784594,0.1221470276265178,0.1764238571785311,0.1479051156907494,0.4534504804121284,0.4591042182441102,0.3321146908352806,0.76,33608
0,0,0.6407610076381495,-0.2896312917778125,0.0510803894426436,-0.8516609922317621,0.132484428370131,0.5715371617460968,0.0541864731373086,-0.1417806950288363,-0.4864685772839422,0.1412870890189311,-0.0009688720422725,0.4060468917952879,0.234192265004699,0.5549974019961418,0.0140576463190273,0.3547591622186937,-0.4289470243255512,0.1273973104704045,0.0152293951960787,-0.4844704194330868,0.0027958011959606,0.1321402465769226,0.0524971529590221,0.9985628949714308,0.1299663533732784,0.000840779142992,0.8886985284243151,0.0002029185103068,0.0655687867978563,0.744738069547906,0.2297179975755858,0.3392542327168591,0.5052206273191041,0.3879438869616712,0.7122999315086683,0.3384193364242871,0.4399805827743853,0.5979807061899549,0.5142012940582728,0.5506605763784594,0.1221470276265178,0.1764238571785311,0.1479051156907494,0.4534504804121284,0.4591042182441102,0.3321146908352806,0.76,33618
0,0,0.6407610076381495,-0.2896312917778125,0.0510803894426436,-0.8516609922317621,0.132484428370131,0.5715371617460968,0.0541864731373086,-0.1417806950288363,-0.4864685772839422,0.1412870890189311,-0.0009688720422725,0.4060468917952879,0.234192265004699,0.5549974019961418,0.0140576463190273,0.3547591622186937,-0.4289470243255512,0.1273973104704045,0.0152293951960787,-0.4844704194330868,0.0027958011959606,0.1321402465769226,0.0524971529590221,0.9985628949714308,0.1299663533732784,0.000840779142992,0.8886985284243151,0.0002029185103068,0.0655687867978563,0.744738069547906,0.2297179975755858,0.3392542327168591,0.5052206273191041,0.3879438869616712,0.7122999315086683,0.3384193364242871,0.4399805827743853,0.5979807061899549,0.5142012940582728,0.5506605763784594,0.1221470276265178,0.1764238571785311,0.1479051156907494,0.4534504804121284,0.4591042182441102,0.3321146908352806,0.76,33628
0,0,0.6407610076381495,-0.2896312917778125,0.0510803894426436,-0.8516609922317621,0.132484428370131,0.5715371617460968,0.0541864731373086,-0.1417806950288363,-0.4864685772839422,0.1412870890189311,-0.0009688720422725,0.4060468917952879,0.234192265004699,0.5549974019961418,0.0140576463190273,0.3547591622186937,-0.4289470243255512,0.1273973104704045,0.0152293951960787,-0.4844704194330868,0.0027958011959606,0.1321402465769226,0.0524971529590221,0.9985628949714308,0.1299663533732784,0.000840779142992,0.8886985284243151,0.0002029185103068,0.0655687867978563,0.744738069547906,0.2297179975755858,0.3392542327168591,0.5052206273191041,0.3879438869616712,0.7122999315086683,0.3384193364242871,0.4399805827743853,0.5979807061899549,0.5142012940582728,0.5506605763784594,0.1221470276265178,0.1764238571785311,0.1479051156907494,0.4534504804121284,0.4591042182441102,0.3321146908352806,0.76,33638
0,0,0.6407610076381495,-0.2896312917778125,0.0510803894426436,-0.8516609922317621,0.132484428370131,0.5715371617460968,0.0541864731373086,-0.1417806950288363,-0.4864685772839422,0.1412870890189311,-0.0009688720422725,0.4060468917952879,0.234192265004699,0.5549974019961418,0.0140576463190273,0.3547591622186937,-0.4289470243255512,0.1273973104704045,0.0152293951960787,-0.4844704194330868,0.0027958011959606,0.1321402465769226,0.0524971529590221,0.9985628949714308,0.1299663533732784,0.000840779142992,0.8886985284243151,0.0002029185103068,0.0655687867978563,0.744738069547906,0.2297179975755858,0.3392542327168591,0.5052206273191041,0.3879438869616712,0.7122999315086683,0.3384193364242871,0.4399805827743853,0.5979807061899549,0.5142012940582728,0.5506605763784594,0.1221470276265178,0.1764238571785311,0.1479051156907494,0.4534504804121284,0.4591042182441102,0.3321146908352806,0.76,33649
0,0,0.6407610076381495,-0.2896312917778125,0.0510803894426436,-0.8516609922317621,0.132484428370131,0.5715371617460968,0.0541864731373086,-0.1417806950288363,-0.4864685772839422,0.1412870890189311,-0.0009688720422725,0.4060468917952879,0.234192265004699,0.5549974019961418,0.0140576463190273,0.3547591622186937,-0.4289470243255512,0.1273973104704045,0.0152293951960787,-0.4844704194330868,0.0027958011959606,0.1321402465769226,0.0524971529590221,0.9985628949714308,0.1299663533732784,0.000840779142992,0.8886985284243151,0.0002029185103068,0.0655687867978563,0.744738069547906,0.2297179975755858,0.3392542327168591,0.5052206273191041,0.3879438869616712,0.7122999315086683,0.3384193364242871,0.4399805827743853,0.5979807061899549,0.5142012940582728,0.5506605763784594,0.1221470276265178,0.1764238571785311,0.1479051156907494,0.4534504804121284,0.4591042182441102,0.3321146908352806,0.76,33660
0,0,0.6407610076381495,-0.2896312917778125,0.0510803894426436,-0.8516609922317621,0.132484428370131,0.5715371617460968,0.0541864731373086,-0.1417806950288363,-0.4864685772839422,0.1412870890189311,-0.0009688720422725,0.4060468917952879,0.234192265004699,0.5549974019961418,0.0140576463190273,0.3547591622186937,-0.4289470243255512,0.1273973104704045,0.0152293951960787,-0.4844704194330868,0.0027958011959606,0.1321402465769226,0.0524971529590221,0.9985628949714308,0.1299663533732784,0.000840779142992,0.8886985284243151,0.0002029185103068,0.0655687867978563,0.744738069547906,0.2297179975755858,0.3392542327168591,0.5052206273191041,0.3879438869616712,0.7122999315086683,0.3384193364242871,0.4399805827743853,0.5979807061899549,0.5142012940582728,0.5506605763784594,0.1221470276265178,0.1764238571785311,0.1479051156907494,0.4534504804121284,0.4591042182441102,0.3321146908352806,0.76,33670
0,0,0.6407610076381495,-0.2896312917778125,0.0510803894426436,-0.8516609922317621,0.132484428370131,0.5715371617460968,0.0541864731373086,-0.1417806950288363,-0.4864685772839422,0.1412870890189311,-0.0009688720422725,0.4060468917952879,0.234192265004699,0.5549974019961418,0.0140576463190273,0.3547591622186937,-0.4289470243255512,0.1273973104704045,0.0152293951960787,-0.4844704194330868,0.0027958011959606,0.1321402465769226,0.0524971529590221,0.9985628949714308,0.1299663533732784,0.000840779142992,0.8886985284243151,0.0002029185103068,0.0655687867978563,0.744738069547906,0.2297179975755858,0.3392542327168591,0.5052206273191041,0.3879438869616712,0.7122999315086683,0.3384193364242871,0.4399805827743853,0.5979807061899549,0.5142012940582728,0.5506605763784594,0.1221470276265178,0.1764238571785311,0.1479051156907494,0.4534504804121284,0.4591042182441102,0.3321146908352806,0.76,33680
0,0,0.6407610076381495,-0.2896312917778125,0.0510803894426436,-0.8516609922317621,0.132484428370131,0.5715371617460968,0.0541864731373086,-0.1417806950288363,-0.4864685772839422,0.1412870890189311,-0.0009688720422725,0.4060468917952879,0.234192265004699,0.5549974019961418,0.0140576463190273,0.3547591622186937,-0.4289470243255512,0.1273973104704045,0.0152293951960787,-0.4844704194330868,0.0027958011959606,0.1321402465769226,0.0524971529590221,0.9985628949714308,0.1299663533732784,0.000840779142992,0.8886985284243151,0.0002029185103068,0.0655687867978563,0.744738069547906,0.2297179975755858,0.3392542327168591,0.5052206273191041,0.3879438869616712,0.7122999315086683,0.3384193364242871,0.4399805827743853,0.5979807061899549,0.5142012940582728,0.5506605763784594,0.1221470276265178,0.1764238571785311,0.1479051156907494,0.4534504804121284,0.4591042182441102,0.3321146908352806,0.76,33691
0,0,0.6407610076381495,-0.2896312917778125,0.0510803894426436,-0.8516609922317621,0.132484428370131,0.5715371617460968,0.0541864731373086,-0.1417806950288363,-0.4864685772839422,0.1412870890189311,-0.0009688720422725,0.4060468917952879,0.234192265004699,0.5549974019961418,0.0140576463190273,0.3547591622186937,-0.4289470243255512,0.1273973104704045,0.0152293951960787,-0.4844704194330868,0.0027958011959606,0.1321402465769226,0.0524971529590221,0.9985628949714308,0.1299663533732784,0.000840779142992,0.8886985284243151,0.0002029185103068,0.0655687867978563,0.744738069547906,0.2297179975755858,0.3392542327168591,0.5052206273191041,0.3879438869616712,0.7122999315086683,0.3384193364242871,0.4399805827743853,0.5979807061899549,0.5142012940582728,0.5506605763784594,0.1221470276265178,0.1764238571785311,0.1479051156907494,0.4534504804121284,0.4591042182441102,0.3321146908352806,0.76,33701
0,0,0.6407610076381495,-0.2896312917778125,0.0510803894426436,-0.8516609922317621,0.132484428370131,0.5715371617460968,0.0541864731373086,-0.1417806950288363,-0.4864685772839422,0.1412870890189311,-0.0009688720422725,0.4060468917952879,0.234192265004699,0.5549974019961418,0.0140576463190273,0.3547591622186937,-0.4289470243255512,0.1273973104704045,0.0152293951960787,-0.4844704194330868,0.0027958011959606,0.1321402465769226,0.0524971529590221,0.9985628949714308,0.1299663533732784,0.000840779142992,0.8886985284243151,0.0002029185103068,0.0655687867978563,0.744738069547906,0.2297179975755858,0.3392542327168591,0.5052206273191041,0.3879438869616712,0.7122999315086683,0.3384193364242871,0.4399805827743853,0.5979807061899549,0.5142012940582728,0.5506605763784594,0.1221470276265178,0.1764238571785311,0.1479051156907494,0.4534504804121284,0.4591042182441102,0.3321146908352806,0.76,33712
0,0,0.6407610076381495,-0.2896312917778125,0.0510803894426436,-0.8516609922317621,0.132484428370131,0.5715371617460968,0.0541864731373086,-0.1417806950288363,-0.4864685772839422,0.1412870890189311,-0.0009688720422725,0.4060468917952879,0.234192265004699,0.5549974019961418,0.0140576463190273,0.3547591622186937,-0.4289470243255512,0.1273973104704045,0.0152293951960787,-0.4844704194330868,0.0027958011959606,0.1321402465769226,0.0524971529590221,0.9985628949714308,0.1299663533732784,0.000840779142992,0.8886985284243151,0.0002029185103068,0.0655687867978563,0.744738069547906,0.2297179975755858,0.3392542327168591,0.5052206273191041,0.3879438869616712,0.7122999315086683,0.3384193364242871,0.4399805827743853,0.5979807061899549,0.5142012940582728,0.5506605763784594,0.1221470276265178,0.1764238571785311,0.1479051156907494,0.4534504804121284,0.4591042182441102,0.3321146908352806,0.76,33723
0,0,0.6407610076381495,-0.2896312917778125,0.0510803894426436,-0.8516609922317621,0.132484428370131,0.5715371617460968,0.0541864731373086,-0.1417806950288363,-0.4864685772839422,0.1412870890189311,-0.0009688720422725,0.4060468917952879,0.234192265004699,0.5549974019961418,0.0140576463190273,0.3547591622186937,-0.4289470243255512,0.1273973104704045,0.0152293951960787,-0.4844704194330868,0.0027958011959606,0.1321402465769226,0.0524971529590221,0.9985628949714308,0.1299663533732784,0.000840779142992,0.8886985284243151,0.0002029185103068,0.0655687867978563,0.744738069547906,0.2297179975755858,0.3392542327168591,0.5052206273191041,0.3879438869616712,0.7122999315086683,0.3384193364242871,0.4399805827743853,0.5979807061899549,0.5142012940582728,0.5506605763784594,0.1221470276265178,0.1764238571785311,0.1479051156907494,0.4534504804121284,0.4591042182441102,0.3321146908352806,0.76,33734
0,0,0.6407610076381495,-0.2896312917778125,0.0510803894426436,-0.8516609922317621,0.132484428370131,0.5715371617460968,0.0541864731373086,-0.1417806950288363,-0.4864685772839422,0.1412870890189311,-0.0009688720422725,0.4060468917952879,0.234192265004699,0.5549974019961418,0.0140576463190273,0.3547591622186937,-0.4289470243255512,0.1273973104704045,0.0152293951960787,-0.4844704194330868,0.0027958011959606,0.1321402465769226,0.0524971529590221,0.9985628949714308,0.1299663533732784,0.000840779142992,0.8886985284243151,0.0002029185103068,0.0655687867978563,0.744738069547906,0.2297179975755858,0.3392542327168591,0.5052206273191041,0.3879438869616712,0.7122999315086683,0.3384193364242871,0.4399805827743853,0.5979807061899549,0.5142012940582728,0.5506605763784594,0.1221470276265178,0.1764238571785311,0.1479051156907494,0.4534504804121284,0.4591042182441102,0.3321146908352806,0.76,33745
0,0,0.6407610076381495,-0.2896312917778125,0.0510803894426436,-0.8516609922317621,0.132484428370131,0.5715371617460968,0.0541864731373086,-0.1417806950288363,-0.4864685772839422,0.1412870890189311,-0.0009688720422725,0.4060468917952879,0.234192265004699,0.5549974019961418,0.0140576463190273,0.3547591622186937,-0.4289470243255512,0.1273973104704045,0.0152293951960787,-0.4844704194330868,0.0027958011959606,0.1321402465769226,0.0524971529590221,0.9985628949714308,0.1299663533732784,0.000840779142992,0.8886985284243151,0.0002029185103068,0.0655687867978563,0.744738069547906,0.2297179975755858,0.3392542327168591,0.5052206273191041,0.3879438869616712,0.7122999315086683,0.3384193364242871,0.4399805827743853,0.5979807061899549,0.5142012940582728,0.5506605763784594,0.1221470276265178,0.1764238571785311,0.1479051156907494,0.4534504804121284,0.4591042182441102,0.3321146908352806,0.76,33755
0,0,0.6407610076381495,-0.2896312917778125,0.0510803894426436,-0.8516609922317621,0.132484428370131,0.5715371617460968,0.0541864731373086,-0.1417806950288363,-0.4864685772839422,0.1412870890189311,-0.0009688720422725,0.4060468917952879,0.234192265004699,0.5549974019961418,0.0140576463190273,0.3547591622186937,-0.4289470243255512,0.1273973104704045,0.0152293951960787,-0.4844704194330868,0.0027958011959606,0.1321402465769226,0.0524971529590221,0.9985628949714308,0.1299663533732784,0.000840779142992,0.8886985284243151,0.0002029185103068,0.0655687867978563,0.744738069547906,0.2297179975755858,0.3392542327168591,0.5052206273191041,0.3879438869616712,0.7122999315086683,0.3384193364242871,0.4399805827743853,0.5979807061899549,0.5142012940582728,0.5506605763784594,0.1221470276265178,0.1764238571785311,0.1479051156907494,0.4534504804121284,0.4591042182441102,0.3321146908352806,0.76,33765
0,0,0.6407610076381495,-0.2896312917778125,0.0510803894426436,-0.8516609922317621,0.132484428370131,0.5715371617460968,0.0541864731373086,-0.1417806950288363,-0.4864685772839422,0.1412870890189311,-0.0009688720422725,0.4060468917952879,0.234192265004699,0.5549974019961418,0.0140576463190273,0.3547591622186937,-0.4289470243255512,0.1273973104704045,0.0152293951960787,-0.4844704194330868,0.0027958011959606,0.1321402465769226,0.0524971529590221,0.9985628949714308,0.1299663533732784,0.000840779142992,0.8886985284243151,0.0002029185103068,0.0655687867978563,0.744738069547906,0.2297179975755858,0.3392542327168591,0.5052206273191041,0.3879438869616712,0.7122999315086683,0.3384193364242871,0.4399805827743853,0.5979807061899549,0.5142012940582728,0.5506605763784594,0.1221470276265178,0.1764238571785311,0.1479051156907494,0.4534504804121284,0.4591042182441102,0.3321146908352806,0.76,33775
0,0,0.6407610076381495,-0.2896312917778125,0.0510803894426436,-0.8516609922317621,0.132484428370131,0.5715371617460968,0.0541864731373086,-0.1417806950288363,-0.4864685772839422,0.1412870890189311,-0.0009688720422725,0.4060468917952879,0.234192265004699,0.5549974019961418,0.0140576463190273,0.3547591622186937,-0.4289470243255512,0.1273973104704045,0.0152293951960787,-0.4844704194330868,0.0027958011959606,0.1321402465769226,0.0524971529590221,0.9985628949714308,0.1299663533732784,0.000840779142992,0.8886985284243151,0.0002029185103068,0.0655687867978563,0.744738069547906,0.2297179975755858,0.3392542327168591,0.5052206273191041,0.3879438869616712,0.7122999315086683,0.3384193364242871,0.4399805827743853,0.5979807061899549,0.5142012940582728,0.5506605763784594,0.1221470276265178,0.1764238571785311,0.1479051156907494,0.4534504804121284,0.4591042182441102,0.3321146908352806,0.76,33793
0,0,0.6407610076381495,-0.2896312917778125,0.0510803894426436,-0.8516609922317621,0.132484428370131,0.5715371617460968,0.0541864731373086,-0.1417806950288363,-0.4864685772839422,0.1412870890189311,-0.0009688720422725,0.4060468917952879,0.234192265004699,0.5549974019961418,0.0140576463190273,0.3547591622186937,-0.4289470243255512,0.1273973104704045,0.0152293951960787,-0.4844704194330868,0.0027958011959606,0.1321402465769226,0.0524971529590221,0.9985628949714308,0.1299663533732784,0.000840779142992,0.8886985284243151,0.0002029185103068,0.0655687867978563,0.744738069547906,0.2297179975755858,0.3392542327168591,0.5052206273191041,0.3879438869616712,0.7122999315086683,0.3384193364242871,0.4399805827743853,0.5979807061899549,0.5142012940582728,0.5506605763784594,0.1221470276265178,0.1764238571785311,0.1479051156907494,0.4534504804121284,0.4591042182441102,0.3321146908352806,0.76,33804
0,0,0.6407610076381495,-0.2896312917778125,0.0510803894426436,-0.8516609922317621,0.132484428370131,0.5715371617460968,0.0541864731373086,-0.1417806950288363,-0.4864685772839422,0.1412870890189311,-0.0009688720422725,0.4060468917952879,0.234192265004699,0.5549974019961418,0.0140576463190273,0.3547591622186937,-0.4289470243255512,0.1273973104704045,0.0152293951960787,-0.4844704194330868,0.0027958011959606,0.1321402465769226,0.0524971529590221,0.9985628949714308,0.1299663533732784,0.000840779142992,0.8886985284243151,0.0002029185103068,0.0655687867978563,0.744738069547906,0.2297179975755858,0.3392542327168591,0.5052206273191041,0.3879438869616712,0.7122999315086683,0.3384193364242871,0.4399805827743853,0.5979807061899549,0.5142012940582728,0.5506605763784594,0.1221470276265178,0.1764238571785311,0.1479051156907494,0.4534504804121284,0.4591042182441102,0.3321146908352806,0.76,33814
0,0,0.6407610076381495,-0.2896312917778125,0.0510803894426436,-0.8516609922317621,0.132484428370131,0.5715371617460968,0.0541864731373086,-0.1417806950288363,-0.4864685772839422,0.1412870890189311,-0.0009688720422725,0.4060468917952879,0.234192265004699,0.5549974019961418,0.0140576463190273,0.3547591622186937,-0.4289470243255512,0.1273973104704045,0.0152293951960787,-0.4844704194330868,0.0027958011959606,0.1321402465769226,0.0524971529590221,0.9985628949714308,0.1299663533732784,0.000840779142992,0.8886985284243151,0.0002029185103068,0.0655687867978563,0.744738069547906,0.2297179975755858,0.3392542327168591,0.5052206273191041,0.3879438869616712,0.7122999315086683,0.3384193364242871,0.4399805827743853,0.5979807061899549,0.5142012940582728,0.5506605763784594,0.1221470276265178,0.1764238571785311,0.1479051156907494,0.4534504804121284,0.4591042182441102,0.3321146908352806,0.76,33825
0,0,0.6407610076381495,-0.2896312917778125,0.0510803894426436,-0.8516609922317621,0.132484428370131,0.5715371617460968,0.0541864731373086,-0.1417806950288363,-0.4864685772839422,0.1412870890189311,-0.0009688720422725,0.4060468917952879,0.234192265004699,0.5549974019961418,0.0140576463190273,0.3547591622186937,-0.4289470243255512,0.1273973104704045,0.0152293951960787,-0.4844704194330868,0.0027958011959606,0.1321402465769226,0.0524971529590221,0.9985628949714308,0.1299663533732784,0.000840779142992,0.8886985284243151,0.0002029185103068,0.0655687867978563,0.744738069547906,0.2297179975755858,0.3392542327168591,0.5052206273191041,0.3879438869616712,0.7122999315086683,0.3384193364242871,0.4399805827743853,0.5979807061899549,0.5142012940582728,0.5506605763784594,0.1221470276265178,0.1764238571785311,0.1479051156907494,0.4534504804121284,0.4591042182441102,0.3321146908352806,0.76,33836
0,0,0.6407610076381495,-0.2896312917778125,0.0510803894426436,-0.8516609922317621,0.132484428370131,0.5715371617460968,0.0541864731373086,-0.1417806950288363,-0.4864685772839422,0.1412870890189311,-0.0009688720422725,0.4060468917952879,0.234192265004699,0.5549974019961418,0.0140576463190273,0.3547591622186937,-0.4289470243255512,0.1273973104704045,0.0152293951960787,-0.4844704194330868,0.0027958011959606,0.1321402465769226,0.0524971529590221,0.9985628949714308,0.1299663533732784,0.000840779142992,0.8886985284243151,0.0002029185103068,0.0655687867978563,0.744738069547906,0.2297179975755858,0.3392542327168591,0.5052206273191041,0.3879438869616712,0.7122999315086683,0.3384193364242871,0.4399805827743853,0.5979807061899549,0.5142012940582728,0.5506605763784594,0.1221470276265178,0.1764238571785311,0.1479051156907494,0.4534504804121284,0.4591042182441102,0.3321146908352806,0.76,33846
0,0,0.6407610076381495,-0.2896312917778125,0.0510803894426436,-0.8516609922317621,0.132484428370131,0.5715371617460968,0.0541864731373086,-0.1417806950288363,-0.4864685772839422,0.1412870890189311,-0.0009688720422725,0.4060468917952879,0.234192265004699,0.5549974019961418,0.0140576463190273,0.3547591622186937,-0.4289470243255512,0.1273973104704045,0.0152293951960787,-0.4844704194330868,0.0027958011959606,0.1321402465769226,0.0524971529590221,0.9985628949714308,0.1299663533732784,0.000840779142992,0.8886985284243151,0.0002029185103068,0.0655687867978563,0.744738069547906,0.2297179975755858,0.3392542327168591,0.5052206273191041,0.3879438869616712,0.7122999315086683,0.3384193364242871,0.4399805827743853,0.5979807061899549,0.5142012940582728,0.5506605763784594,0.1221470276265178,0.1764238571785311,0.1479051156907494,0.4534504804121284,0.4591042182441102,0.3321146908352806,0.76,33857
0,0,0.6407610076381495,-0.2896312917778125,0.0510803894426436,-0.8516609922317621,0.132484428370131,0.5715371617460968,0.0541864731373086,-0.1417806950288363,-0.4864685772839422,0.1412870890189311,-0.0009688720422725,0.4060468917952879,0.234192265004699,0.5549974019961418,0.0140576463190273,0.3547591622186937,-0.4289470243255512,0.1273973104704045,0.0152293951960787,-0.4844704194330868,0.0027958011959606,0.1321402465769226,0.0524971529590221,0.9985628949714308,0.1299663533732784,0.000840779142992,0.8886985284243151,0.0002029185103068,0.0655687867978563,0.744738069547906,0.2297179975755858,0.3392542327168591,0.5052206273191041,0.3879438869616712,0.7122999315086683,0.3384193364242871,0.4399805827743853,0.5979807061899549,0.5142012940582728,0.5506605763784594,0.1221470276265178,0.1764238571785311,0.1479051156907494,0.4534504804121284,0.4591042182441102,0.3321146908352806,0.76,33876
0,0,0.6407610076381495,-0.2896312917778125,0.0510803894426436,-0.8516609922317621,0.132484428370131,0.5715371617460968,0.0541864731373086,-0.1417806950288363,-0.4864685772839422,0.1412870890189311,-0.0009688720422725,0.4060468917952879,0.234192265004699,0.5549974019961418,0.0140576463190273,0.3547591622186937,-0.4289470243255512,0.1273973104704045,0.0152293951960787,-0.4844704194330868,0.0027958011959606,0.1321402465769226,0.0524971529590221,0.9985628949714308,0.1299663533732784,0.000840779142992,0.8886985284243151,0.0002029185103068,0.0655687867978563,0.744738069547906,0.2297179975755858,0.3392542327168591,0.5052206273191041,0.3879438869616712,0.7122999315086683,0.3384193364242871,0.4399805827743853,0.5979807061899549,0.5142012940582728,0.5506605763784594,0.1221470276265178,0.1764238571785311,0.1479051156907494,0.4534504804121284,0.4591042182441102,0.3321146908352806,0.76,33887
0,0,0.6407610076381495,-0.2896312917778125,0.0510803894426436,-0.8516609922317621,0.132484428370131,0.5715371617460968,0.0541864731373086,-0.1417806950288363,-0.4864685772839422,0.1412870890189311,-0.0009688720422725,0.4060468917952879,0.234192265004699,0.5549974019961418,0.0140576463190273,0.3547591622186937,-0.4289470243255512,0.1273973104704045,0.0152293951960787,-0.4844704194330868,0.0027958011959606,0.1321402465769226,0.0524971529590221,0.9985628949714308,0.1299663533732784,0.000840779142992,0.8886985284243151,0.0002029185103068,0.0655687867978563,0.744738069547906,0.2297179975755858,0.3392542327168591,0.5052206273191041,0.3879438869616712,0.7122999315086683,0.3384193364242871,0.4399805827743853,0.5979807061899549,0.5142012940582728,0.5506605763784594,0.1221470276265178,0.1764238571785311,0.1479051156907494,0.4534504804121284,0.4591042182441102,0.3321146908352806,0.76,33897
0,0,-0.0976570696712949,-0.303445822275788,0.209233169238088,-0.8458416987549137,0.7234433133558472,-0.089313931531811,0.8472601410846784,-0.4708006294981575,0.0374032651754032,0.324445194392836,-0.4628981922133907,0.6434600851856822,0.1073997979753935,0.635329835353113,-0.7226059432698653,0.5505577881588465,-0.7282115449352902,-0.8667151757942182,-0.0808951040765371,-0.6143292066182173,0.0056177929309577,0.1323671002735115,0.0524723563733249,0.9986710552534168,0.1312477853329777,0.0010049369521102,0.883467083976676,0.0001,0.0662591936653835,0.7427017352116702,0.1557515119199026,0.0820792614383577,0.0001116847053189,0.2211245710257516,0.181502900706033,0.186699950451062,0.7582810671655017,0.5408754305132508,0.5620981523100528,0.0279247391516672,0.1467392210682328,0.1652119951905586,0.2103584302544819,0.454546075361101,0.4469489779939055,0.142638722993584,0.85,3390
0,0,0.6407610076381495,-0.2896312917778125,0.0510803894426436,-0.8516609922317621,0.132484428370131,0.5715371617460968,0.0541864731373086,-0.1417806950288363,-0.4864685772839422,0.1412870890189311,-0.0009688720422725,0.4060468917952879,0.234192265004699,0.5549974019961418,0.0140576463190273,0.3547591622186937,-0.4289470243255512,0.1273973104704045,0.0152293951960787,-0.4844704194330868,0.0027958011959606,0.1321402465769226,0.0524971529590221,0.9985628949714308,0.1299663533732784,0.000840779142992,0.8886985284243151,0.0002029185103068,0.0655687867978563,0.744738069547906,0.2297179975755858,0.3392542327168591,0.5052206273191041,0.3879438869616712,0.7122999315086683,0.3384193364242871,0.4399805827743853,0.5979807061899549,0.5142012940582728,0.5506605763784594,0.1221470276265178,0.1764238571785311,0.1479051156907494,0.4534504804121284,0.4591042182441102,0.3321146908352806,0.76,33907
0,0,0.6407610076381495,-0.2896312917778125,0.0510803894426436,-0.8516609922317621,0.132484428370131,0.5715371617460968,0.0541864731373086,-0.1417806950288363,-0.4864685772839422,0.1412870890189311,-0.0009688720422725,0.4060468917952879,0.234192265004699,0.5549974019961418,0.0140576463190273,0.3547591622186937,-0.4289470243255512,0.1273973104704045,0.0152293951960787,-0.4844704194330868,0.0027958011959606,0.1321402465769226,0.0524971529590221,0.9985628949714308,0.1299663533732784,0.000840779142992,0.8886985284243151,0.0002029185103068,0.0655687867978563,0.744738069547906,0.2297179975755858,0.3392542327168591,0.5052206273191041,0.3879438869616712,0.7122999315086683,0.3384193364242871,0.4399805827743853,0.5979807061899549,0.5142012940582728,0.5506605763784594,0.1221470276265178,0.1764238571785311,0.1479051156907494,0.4534504804121284,0.4591042182441102,0.3321146908352806,0.76,33918
0,0,0.6407610076381495,-0.2896312917778125,0.0510803894426436,-0.8516609922317621,0.132484428370131,0.5715371617460968,0.0541864731373086,-0.1417806950288363,-0.4864685772839422,0.1412870890189311,-0.0009688720422725,0.4060468917952879,0.234192265004699,0.5549974019961418,0.0140576463190273,0.3547591622186937,-0.4289470243255512,0.1273973104704045,0.0152293951960787,-0.4844704194330868,0.0027958011959606,0.1321402465769226,0.0524971529590221,0.9985628949714308,0.1299663533732784,0.000840779142992,0.8886985284243151,0.0002029185103068,0.0655687867978563,0.744738069547906,0.2297179975755858,0.3392542327168591,0.5052206273191041,0.3879438869616712,0.7122999315086683,0.3384193364242871,0.4399805827743853,0.5979807061899549,0.5142012940582728,0.5506605763784594,0.1221470276265178,0.1764238571785311,0.1479051156907494,0.4534504804121284,0.4591042182441102,0.3321146908352806,0.76,33928
0,0,0.6407610076381495,-0.2896312917778125,0.0510803894426436,-0.8516609922317621,0.132484428370131,0.5715371617460968,0.0541864731373086,-0.1417806950288363,-0.4864685772839422,0.1412870890189311,-0.0009688720422725,0.4060468917952879,0.234192265004699,0.5549974019961418,0.0140576463190273,0.3547591622186937,-0.4289470243255512,0.1273973104704045,0.0152293951960787,-0.4844704194330868,0.0027958011959606,0.1321402465769226,0.0524971529590221,0.9985628949714308,0.1299663533732784,0.000840779142992,0.8886985284243151,0.0002029185103068,0.0655687867978563,0.744738069547906,0.2297179975755858,0.3392542327168591,0.5052206273191041,0.3879438869616712,0.7122999315086683,0.3384193364242871,0.4399805827743853,0.5979807061899549,0.5142012940582728,0.5506605763784594,0.1221470276265178,0.1764238571785311,0.1479051156907494,0.4534504804121284,0.4591042182441102,0.3321146908352806,0.76,33938
0,0,0.6407610076381495,-0.2896312917778125,0.0510803894426436,-0.8516609922317621,0.132484428370131,0.5715371617460968,0.0541864731373086,-0.1417806950288363,-0.4864685772839422,0.1412870890189311,-0.0009688720422725,0.4060468917952879,0.234192265004699,0.5549974019961418,0.0140576463190273,0.3547591622186937,-0.4289470243255512,0.1273973104704045,0.0152293951960787,-0.4844704194330868,0.0027958011959606,0.1321402465769226,0.0524971529590221,0.9985628949714308,0.1299663533732784,0.000840779142992,0.8886985284243151,0.0002029185103068,0.0655687867978563,0.744738069547906,0.2297179975755858,0.3392542327168591,0.5052206273191041,0.3879438869616712,0.7122999315086683,0.3384193364242871,0.4399805827743853,0.5979807061899549,0.5142012940582728,0.5506605763784594,0.1221470276265178,0.1764238571785311,0.1479051156907494,0.4534504804121284,0.4591042182441102,0.3321146908352806,0.76,33948
0,0,0.6407610076381495,-0.2896312917778125,0.0510803894426436,-0.8516609922317621,0.132484428370131,0.5715371617460968,0.0541864731373086,-0.1417806950288363,-0.4864685772839422,0.1412870890189311,-0.0009688720422725,0.4060468917952879,0.234192265004699,0.5549974019961418,0.0140576463190273,0.3547591622186937,-0.4289470243255512,0.1273973104704045,0.0152293951960787,-0.4844704194330868,0.0027958011959606,0.1321402465769226,0.0524971529590221,0.9985628949714308,0.1299663533732784,0.000840779142992,0.8886985284243151,0.0002029185103068,0.0655687867978563,0.744738069547906,0.2297179975755858,0.3392542327168591,0.5052206273191041,0.3879438869616712,0.7122999315086683,0.3384193364242871,0.4399805827743853,0.5979807061899549,0.5142012940582728,0.5506605763784594,0.1221470276265178,0.1764238571785311,0.1479051156907494,0.4534504804121284,0.4591042182441102,0.3321146908352806,0.76,33959
0,0,0.6407610076381495,-0.2896312917778125,0.0510803894426436,-0.8516609922317621,0.132484428370131,0.5715371617460968,0.0541864731373086,-0.1417806950288363,-0.4864685772839422,0.1412870890189311,-0.0009688720422725,0.4060468917952879,0.234192265004699,0.5549974019961418,0.0140576463190273,0.3547591622186937,-0.4289470243255512,0.1273973104704045,0.0152293951960787,-0.4844704194330868,0.0027958011959606,0.1321402465769226,0.0524971529590221,0.9985628949714308,0.1299663533732784,0.000840779142992,0.8886985284243151,0.0002029185103068,0.0655687867978563,0.744738069547906,0.2297179975755858,0.3392542327168591,0.5052206273191041,0.3879438869616712,0.7122999315086683,0.3384193364242871,0.4399805827743853,0.5979807061899549,0.5142012940582728,0.5506605763784594,0.1221470276265178,0.1764238571785311,0.1479051156907494,0.4534504804121284,0.4591042182441102,0.3321146908352806,0.76,33979
0,0,0.6407610076381495,-0.2896312917778125,0.0510803894426436,-0.8516609922317621,0.132484428370131,0.5715371617460968,0.0541864731373086,-0.1417806950288363,-0.4864685772839422,0.1412870890189311,-0.0009688720422725,0.4060468917952879,0.234192265004699,0.5549974019961418,0.0140576463190273,0.3547591622186937,-0.4289470243255512,0.1273973104704045,0.0152293951960787,-0.4844704194330868,0.0027958011959606,0.1321402465769226,0.0524971529590221,0.9985628949714308,0.1299663533732784,0.000840779142992,0.8886985284243151,0.0002029185103068,0.0655687867978563,0.744738069547906,0.2297179975755858,0.3392542327168591,0.5052206273191041,0.3879438869616712,0.7122999315086683,0.3384193364242871,0.4399805827743853,0.5979807061899549,0.5142012940582728,0.5506605763784594,0.1221470276265178,0.1764238571785311,0.1479051156907494,0.4534504804121284,0.4591042182441102,0.3321146908352806,0.76,33997
0,0,0.6407610076381495,-0.2896312917778125,0.0510803894426436,-0.8516609922317621,0.132484428370131,0.5715371617460968,0.0541864731373086,-0.1417806950288363,-0.4864685772839422,0.1412870890189311,-0.0009688720422725,0.4060468917952879,0.234192265004699,0.5549974019961418,0.0140576463190273,0.3547591622186937,-0.4289470243255512,0.1273973104704045,0.0152293951960787,-0.4844704194330868,0.0027958011959606,0.1321402465769226,0.0524971529590221,0.9985628949714308,0.1299663533732784,0.000840779142992,0.8886985284243151,0.0002029185103068,0.0655687867978563,0.744738069547906,0.2297179975755858,0.3392542327168591,0.5052206273191041,0.3879438869616712,0.7122999315086683,0.3384193364242871,0.4399805827743853,0.5979807061899549,0.5142012940582728,0.5506605763784594,0.1221470276265178,0.1764238571785311,0.1479051156907494,0.4534504804121284,0.4591042182441102,0.3321146908352806,0.76,34007
0,0,0.6407610076381495,-0.2896312917778125,0.0510803894426436,-0.8516609922317621,0.132484428370131,0.5715371617460968,0.0541864731373086,-0.1417806950288363,-0.4864685772839422,0.1412870890189311,-0.0009688720422725,0.4060468917952879,0.234192265004699,0.5549974019961418,0.0140576463190273,0.3547591622186937,-0.4289470243255512,0.1273973104704045,0.0152293951960787,-0.4844704194330868,0.0027958011959606,0.1321402465769226,0.0524971529590221,0.9985628949714308,0.1299663533732784,0.000840779142992,0.8886985284243151,0.0002029185103068,0.0655687867978563,0.744738069547906,0.2297179975755858,0.3392542327168591,0.5052206273191041,0.3879438869616712,0.7122999315086683,0.3384193364242871,0.4399805827743853,0.5979807061899549,0.5142012940582728,0.5506605763784594,0.1221470276265178,0.1764238571785311,0.1479051156907494,0.4534504804121284,0.4591042182441102,0.3321146908352806,0.76,34018
0,0,0.6407610076381495,-0.2896312917778125,0.0510803894426436,-0.8516609922317621,0.132484428370131,0.5715371617460968,0.0541864731373086,-0.1417806950288363,-0.4864685772839422,0.1412870890189311,-0.0009688720422725,0.4060468917952879,0.234192265004699,0.5549974019961418,0.0140576463190273,0.3547591622186937,-0.4289470243255512,0.1273973104704045,0.0152293951960787,-0.4844704194330868,0.0027958011959606,0.1321402465769226,0.0524971529590221,0.9985628949714308,0.1299663533732784,0.000840779142992,0.8886985284243151,0.0002029185103068,0.0655687867978563,0.744738069547906,0.2297179975755858,0.3392542327168591,0.5052206273191041,0.3879438869616712,0.7122999315086683,0.3384193364242871,0.4399805827743853,0.5979807061899549,0.5142012940582728,0.5506605763784594,0.1221470276265178,0.1764238571785311,0.1479051156907494,0.4534504804121284,0.4591042182441102,0.3321146908352806,0.76,34028
0,0,0.6407610076381495,-0.2896312917778125,0.0510803894426436,-0.8516609922317621,0.132484428370131,0.5715371617460968,0.0541864731373086,-0.1417806950288363,-0.4864685772839422,0.1412870890189311,-0.0009688720422725,0.4060468917952879,0.234192265004699,0.5549974019961418,0.0140576463190273,0.3547591622186937,-0.4289470243255512,0.1273973104704045,0.0152293951960787,-0.4844704194330868,0.0027958011959606,0.1321402465769226,0.0524971529590221,0.9985628949714308,0.1299663533732784,0.000840779142992,0.8886985284243151,0.0002029185103068,0.0655687867978563,0.744738069547906,0.2297179975755858,0.3392542327168591,0.5052206273191041,0.3879438869616712,0.7122999315086683,0.3384193364242871,0.4399805827743853,0.5979807061899549,0.5142012940582728,0.5506605763784594,0.1221470276265178,0.1764238571785311,0.1479051156907494,0.4534504804121284,0.4591042182441102,0.3321146908352806,0.76,34039
0,0,0.6407610076381495,-0.2896312917778125,0.0510803894426436,-0.8516609922317621,0.132484428370131,0.5715371617460968,0.0541864731373086,-0.1417806950288363,-0.4864685772839422,0.1412870890189311,-0.0009688720422725,0.4060468917952879,0.234192265004699,0.5549974019961418,0.0140576463190273,0.3547591622186937,-0.4289470243255512,0.1273973104704045,0.0152293951960787,-0.4844704194330868,0.0027958011959606,0.1321402465769226,0.0524971529590221,0.9985628949714308,0.1299663533732784,0.000840779142992,0.8886985284243151,0.0002029185103068,0.0655687867978563,0.744738069547906,0.2297179975755858,0.3392542327168591,0.5052206273191041,0.3879438869616712,0.7122999315086683,0.3384193364242871,0.4399805827743853,0.5979807061899549,0.5142012940582728,0.5506605763784594,0.1221470276265178,0.1764238571785311,0.1479051156907494,0.4534504804121284,0.4591042182441102,0.3321146908352806,0.76,34059
0,0,0.6407610076381495,-0.2896312917778125,0.0510803894426436,-0.8516609922317621,0.132484428370131,0.5715371617460968,0.0541864731373086,-0.1417806950288363,-0.4864685772839422,0.1412870890189311,-0.0009688720422725,0.4060468917952879,0.234192265004699,0.5549974019961418,0.0140576463190273,0.3547591622186937,-0.4289470243255512,0.1273973104704045,0.0152293951960787,-0.4844704194330868,0.0027958011959606,0.1321402465769226,0.0524971529590221,0.9985628949714308,0.1299663533732784,0.000840779142992,0.8886985284243151,0.0002029185103068,0.0655687867978563,0.744738069547906,0.2297179975755858,0.3392542327168591,0.5052206273191041,0.3879438869616712,0.7122999315086683,0.3384193364242871,0.4399805827743853,0.5979807061899549,0.5142012940582728,0.5506605763784594,0.1221470276265178,0.1764238571785311,0.1479051156907494,0.4534504804121284,0.4591042182441102,0.3321146908352806,0.76,34070
0,0,0.6407610076381495,-0.2896312917778125,0.0510803894426436,-0.8516609922317621,0.132484428370131,0.5715371617460968,0.0541864731373086,-0.1417806950288363,-0.4864685772839422,0.1412870890189311,-0.0009688720422725,0.4060468917952879,0.234192265004699,0.5549974019961418,0.0140576463190273,0.3547591622186937,-0.4289470243255512,0.1273973104704045,0.0152293951960787,-0.4844704194330868,0.0027958011959606,0.1321402465769226,0.0524971529590221,0.9985628949714308,0.1299663533732784,0.000840779142992,0.8886985284243151,0.0002029185103068,0.0655687867978563,0.744738069547906,0.2297179975755858,0.3392542327168591,0.5052206273191041,0.3879438869616712,0.7122999315086683,0.3384193364242871,0.4399805827743853,0.5979807061899549,0.5142012940582728,0.5506605763784594,0.1221470276265178,0.1764238571785311,0.1479051156907494,0.4534504804121284,0.4591042182441102,0.3321146908352806,0.76,34087
0,0,0.6407610076381495,-0.2896312917778125,0.0510803894426436,-0.8516609922317621,0.132484428370131,0.5715371617460968,0.0541864731373086,-0.1417806950288363,-0.4864685772839422,0.1412870890189311,-0.0009688720422725,0.4060468917952879,0.234192265004699,0.5549974019961418,0.0140576463190273,0.3547591622186937,-0.4289470243255512,0.1273973104704045,0.0152293951960787,-0.4844704194330868,0.0027958011959606,0.1321402465769226,0.0524971529590221,0.9985628949714308,0.1299663533732784,0.000840779142992,0.8886985284243151,0.0002029185103068,0.0655687867978563,0.744738069547906,0.2297179975755858,0.3392542327168591,0.5052206273191041,0.3879438869616712,0.7122999315086683,0.3384193364242871,0.4399805827743853,0.5979807061899549,0.5142012940582728,0.5506605763784594,0.1221470276265178,0.1764238571785311,0.1479051156907494,0.4534504804121284,0.4591042182441102,0.3321146908352806,0.76,34098
0,0,0.6407610076381495,-0.2896312917778125,0.0510803894426436,-0.8516609922317621,0.132484428370131,0.5715371617460968,0.0541864731373086,-0.1417806950288363,-0.4864685772839422,0.1412870890189311,-0.0009688720422725,0.4060468917952879,0.234192265004699,0.5549974019961418,0.0140576463190273,0.3547591622186937,-0.4289470243255512,0.1273973104704045,0.0152293951960787,-0.4844704194330868,0.0027958011959606,0.1321402465769226,0.0524971529590221,0.9985628949714308,0.1299663533732784,0.000840779142992,0.8886985284243151,0.0002029185103068,0.0655687867978563,0.744738069547906,0.2297179975755858,0.3392542327168591,0.5052206273191041,0.3879438869616712,0.7122999315086683,0.3384193364242871,0.4399805827743853,0.5979807061899549,0.5142012940582728,0.5506605763784594,0.1221470276265178,0.1764238571785311,0.1479051156907494,0.4534504804121284,0.4591042182441102,0.3321146908352806,0.76,34108
0,0,0.6407610076381495,-0.2896312917778125,0.0510803894426436,-0.8516609922317621,0.132484428370131,0.5715371617460968,0.0541864731373086,-0.1417806950288363,-0.4864685772839422,0.1412870890189311,-0.0009688720422725,0.4060468917952879,0.234192265004699,0.5549974019961418,0.0140576463190273,0.3547591622186937,-0.4289470243255512,0.1273973104704045,0.0152293951960787,-0.4844704194330868,0.0027958011959606,0.1321402465769226,0.0524971529590221,0.9985628949714308,0.1299663533732784,0.000840779142992,0.8886985284243151,0.0002029185103068,0.0655687867978563,0.744738069547906,0.2297179975755858,0.3392542327168591,0.5052206273191041,0.3879438869616712,0.7122999315086683,0.3384193364242871,0.4399805827743853,0.5979807061899549,0.5142012940582728,0.5506605763784594,0.1221470276265178,0.1764238571785311,0.1479051156907494,0.4534504804121284,0.4591042182441102,0.3321146908352806,0.76,34119
0,0,0.6407610076381495,-0.2896312917778125,0.0510803894426436,-0.8516609922317621,0.132484428370131,0.5715371617460968,0.0541864731373086,-0.1417806950288363,-0.4864685772839422,0.1412870890189311,-0.0009688720422725,0.4060468917952879,0.234192265004699,0.5549974019961418,0.0140576463190273,0.3547591622186937,-0.4289470243255512,0.1273973104704045,0.0152293951960787,-0.4844704194330868,0.0027958011959606,0.1321402465769226,0.0524971529590221,0.9985628949714308,0.1299663533732784,0.000840779142992,0.8886985284243151,0.0002029185103068,0.0655687867978563,0.744738069547906,0.2297179975755858,0.3392542327168591,0.5052206273191041,0.3879438869616712,0.7122999315086683,0.3384193364242871,0.4399805827743853,0.5979807061899549,0.5142012940582728,0.5506605763784594,0.1221470276265178,0.1764238571785311,0.1479051156907494,0.4534504804121284,0.4591042182441102,0.3321146908352806,0.76,34138
0,0,0.6407610076381495,-0.2896312917778125,0.0510803894426436,-0.8516609922317621,0.132484428370131,0.5715371617460968,0.0541864731373086,-0.1417806950288363,-0.4864685772839422,0.1412870890189311,-0.0009688720422725,0.4060468917952879,0.234192265004699,0.5549974019961418,0.0140576463190273,0.3547591622186937,-0.4289470243255512,0.1273973104704045,0.0152293951960787,-0.4844704194330868,0.0027958011959606,0.1321402465769226,0.0524971529590221,0.9985628949714308,0.1299663533732784,0.000840779142992,0.8886985284243151,0.0002029185103068,0.0655687867978563,0.744738069547906,0.2297179975755858,0.3392542327168591,0.5052206273191041,0.3879438869616712,0.7122999315086683,0.3384193364242871,0.4399805827743853,0.5979807061899549,0.5142012940582728,0.5506605763784594,0.1221470276265178,0.1764238571785311,0.1479051156907494,0.4534504804121284,0.4591042182441102,0.3321146908352806,0.76,34148
0,0,0.6407610076381495,-0.2896312917778125,0.0510803894426436,-0.8516609922317621,0.132484428370131,0.5715371617460968,0.0541864731373086,-0.1417806950288363,-0.4864685772839422,0.1412870890189311,-0.0009688720422725,0.4060468917952879,0.234192265004699,0.5549974019961418,0.0140576463190273,0.3547591622186937,-0.4289470243255512,0.1273973104704045,0.0152293951960787,-0.4844704194330868,0.0027958011959606,0.1321402465769226,0.0524971529590221,0.9985628949714308,0.1299663533732784,0.000840779142992,0.8886985284243151,0.0002029185103068,0.0655687867978563,0.744738069547906,0.2297179975755858,0.3392542327168591,0.5052206273191041,0.3879438869616712,0.7122999315086683,0.3384193364242871,0.4399805827743853,0.5979807061899549,0.5142012940582728,0.5506605763784594,0.1221470276265178,0.1764238571785311,0.1479051156907494,0.4534504804121284,0.4591042182441102,0.3321146908352806,0.76,34166
0,0,0.6407610076381495,-0.2896312917778125,0.0510803894426436,-0.8516609922317621,0.132484428370131,0.5715371617460968,0.0541864731373086,-0.1417806950288363,-0.4864685772839422,0.1412870890189311,-0.0009688720422725,0.4060468917952879,0.234192265004699,0.5549974019961418,0.0140576463190273,0.3547591622186937,-0.4289470243255512,0.1273973104704045,0.0152293951960787,-0.4844704194330868,0.0027958011959606,0.1321402465769226,0.0524971529590221,0.9985628949714308,0.1299663533732784,0.000840779142992,0.8886985284243151,0.0002029185103068,0.0655687867978563,0.744738069547906,0.2297179975755858,0.3392542327168591,0.5052206273191041,0.3879438869616712,0.7122999315086683,0.3384193364242871,0.4399805827743853,0.5979807061899549,0.5142012940582728,0.5506605763784594,0.1221470276265178,0.1764238571785311,0.1479051156907494,0.4534504804121284,0.4591042182441102,0.3321146908352806,0.76,34177
0,0,0.6407610076381495,-0.2896312917778125,0.0510803894426436,-0.8516609922317621,0.132484428370131,0.5715371617460968,0.0541864731373086,-0.1417806950288363,-0.4864685772839422,0.1412870890189311,-0.0009688720422725,0.4060468917952879,0.234192265004699,0.5549974019961418,0.0140576463190273,0.3547591622186937,-0.4289470243255512,0.1273973104704045,0.0152293951960787,-0.4844704194330868,0.0027958011959606,0.1321402465769226,0.0524971529590221,0.9985628949714308,0.1299663533732784,0.000840779142992,0.8886985284243151,0.0002029185103068,0.0655687867978563,0.744738069547906,0.2297179975755858,0.3392542327168591,0.5052206273191041,0.3879438869616712,0.7122999315086683,0.3384193364242871,0.4399805827743853,0.5979807061899549,0.5142012940582728,0.5506605763784594,0.1221470276265178,0.1764238571785311,0.1479051156907494,0.4534504804121284,0.4591042182441102,0.3321146908352806,0.76,34187
0,0,0.6407610076381495,-0.2896312917778125,0.0510803894426436,-0.8516609922317621,0.132484428370131,0.5715371617460968,0.0541864731373086,-0.1417806950288363,-0.4864685772839422,0.1412870890189311,-0.0009688720422725,0.4060468917952879,0.234192265004699,0.5549974019961418,0.0140576463190273,0.3547591622186937,-0.4289470243255512,0.1273973104704045,0.0152293951960787,-0.4844704194330868,0.0027958011959606,0.1321402465769226,0.0524971529590221,0.9985628949714308,0.1299663533732784,0.000840779142992,0.8886985284243151,0.0002029185103068,0.0655687867978563,0.744738069547906,0.2297179975755858,0.3392542327168591,0.5052206273191041,0.3879438869616712,0.7122999315086683,0.3384193364242871,0.4399805827743853,0.5979807061899549,0.5142012940582728,0.5506605763784594,0.1221470276265178,0.1764238571785311,0.1479051156907494,0.4534504804121284,0.4591042182441102,0.3321146908352806,0.76,34198
0,0,0.6407610076381495,-0.2896312917778125,0.0510803894426436,-0.8516609922317621,0.132484428370131,0.5715371617460968,0.0541864731373086,-0.1417806950288363,-0.4864685772839422,0.1412870890189311,-0.0009688720422725,0.4060468917952879,0.234192265004699,0.5549974019961418,0.0140576463190273,0.3547591622186937,-0.4289470243255512,0.1273973104704045,0.0152293951960787,-0.4844704194330868,0.0027958011959606,0.1321402465769226,0.0524971529590221,0.9985628949714308,0.1299663533732784,0.000840779142992,0.8886985284243151,0.0002029185103068,0.0655687867978563,0.744738069547906,0.2297179975755858,0.3392542327168591,0.5052206273191041,0.3879438869616712,0.7122999315086683,0.3384193364242871,0.4399805827743853,0.5979807061899549,0.5142012940582728,0.5506605763784594,0.1221470276265178,0.1764238571785311,0.1479051156907494,0.4534504804121284,0.4591042182441102,0.3321146908352806,0.76,34209
0,0,0.6407610076381495,-0.2896312917778125,0.0510803894426436,-0.8516609922317621,0.132484428370131,0.5715371617460968,0.0541864731373086,-0.1417806950288363,-0.4864685772839422,0.1412870890189311,-0.0009688720422725,0.4060468917952879,0.234192265004699,0.5549974019961418,0.0140576463190273,0.3547591622186937,-0.4289470243255512,0.1273973104704045,0.0152293951960787,-0.4844704194330868,0.0027958011959606,0.1321402465769226,0.0524971529590221,0.9985628949714308,0.1299663533732784,0.000840779142992,0.8886985284243151,0.0002029185103068,0.0655687867978563,0.744738069547906,0.2297179975755858,0.3392542327168591,0.5052206273191041,0.3879438869616712,0.7122999315086683,0.3384193364242871,0.4399805827743853,0.5979807061899549,0.5142012940582728,0.5506605763784594,0.1221470276265178,0.1764238571785311,0.1479051156907494,0.4534504804121284,0.4591042182441102,0.3321146908352806,0.76,34219
0,0,0.6407610076381495,-0.2896312917778125,0.0510803894426436,-0.8516609922317621,0.132484428370131,0.5715371617460968,0.0541864731373086,-0.1417806950288363,-0.4864685772839422,0.1412870890189311,-0.0009688720422725,0.4060468917952879,0.234192265004699,0.5549974019961418,0.0140576463190273,0.3547591622186937,-0.4289470243255512,0.1273973104704045,0.0152293951960787,-0.4844704194330868,0.0027958011959606,0.1321402465769226,0.0524971529590221,0.9985628949714308,0.1299663533732784,0.000840779142992,0.8886985284243151,0.0002029185103068,0.0655687867978563,0.744738069547906,0.2297179975755858,0.3392542327168591,0.5052206273191041,0.3879438869616712,0.7122999315086683,0.3384193364242871,0.4399805827743853,0.5979807061899549,0.5142012940582728,0.5506605763784594,0.1221470276265178,0.1764238571785311,0.1479051156907494,0.4534504804121284,0.4591042182441102,0.3321146908352806,0.76,34238
0,0,0.6407610076381495,-0.2896312917778125,0.0510803894426436,-0.8516609922317621,0.132484428370131,0.5715371617460968,0.0541864731373086,-0.1417806950288363,-0.4864685772839422,0.1412870890189311,-0.0009688720422725,0.4060468917952879,0.234192265004699,0.5549974019961418,0.0140576463190273,0.3547591622186937,-0.4289470243255512,0.1273973104704045,0.0152293951960787,-0.4844704194330868,0.0027958011959606,0.1321402465769226,0.0524971529590221,0.9985628949714308,0.1299663533732784,0.000840779142992,0.8886985284243151,0.0002029185103068,0.0655687867978563,0.744738069547906,0.2297179975755858,0.3392542327168591,0.5052206273191041,0.3879438869616712,0.7122999315086683,0.3384193364242871,0.4399805827743853,0.5979807061899549,0.5142012940582728,0.5506605763784594,0.1221470276265178,0.1764238571785311,0.1479051156907494,0.4534504804121284,0.4591042182441102,0.3321146908352806,0.76,34249
0,0,0.6407610076381495,-0.2896312917778125,0.0510803894426436,-0.8516609922317621,0.132484428370131,0.5715371617460968,0.0541864731373086,-0.1417806950288363,-0.4864685772839422,0.1412870890189311,-0.0009688720422725,0.4060468917952879,0.234192265004699,0.5549974019961418,0.0140576463190273,0.3547591622186937,-0.4289470243255512,0.1273973104704045,0.0152293951960787,-0.4844704194330868,0.0027958011959606,0.1321402465769226,0.0524971529590221,0.9985628949714308,0.1299663533732784,0.000840779142992,0.8886985284243151,0.0002029185103068,0.0655687867978563,0.744738069547906,0.2297179975755858,0.3392542327168591,0.5052206273191041,0.3879438869616712,0.7122999315086683,0.3384193364242871,0.4399805827743853,0.5979807061899549,0.5142012940582728,0.5506605763784594,0.1221470276265178,0.1764238571785311,0.1479051156907494,0.4534504804121284,0.4591042182441102,0.3321146908352806,0.76,34260
0,0,0.6407610076381495,-0.2896312917778125,0.0510803894426436,-0.8516609922317621,0.132484428370131,0.5715371617460968,0.0541864731373086,-0.1417806950288363,-0.4864685772839422,0.1412870890189311,-0.0009688720422725,0.4060468917952879,0.234192265004699,0.5549974019961418,0.0140576463190273,0.3547591622186937,-0.4289470243255512,0.1273973104704045,0.0152293951960787,-0.4844704194330868,0.0027958011959606,0.1321402465769226,0.0524971529590221,0.9985628949714308,0.1299663533732784,0.000840779142992,0.8886985284243151,0.0002029185103068,0.0655687867978563,0.744738069547906,0.2297179975755858,0.3392542327168591,0.5052206273191041,0.3879438869616712,0.7122999315086683,0.3384193364242871,0.4399805827743853,0.5979807061899549,0.5142012940582728,0.5506605763784594,0.1221470276265178,0.1764238571785311,0.1479051156907494,0.4534504804121284,0.4591042182441102,0.3321146908352806,0.76,34270
0,0,0.6407610076381495,-0.2896312917778125,0.0510803894426436,-0.8516609922317621,0.132484428370131,0.5715371617460968,0.0541864731373086,-0.1417806950288363,-0.4864685772839422,0.1412870890189311,-0.0009688720422725,0.4060468917952879,0.234192265004699,0.5549974019961418,0.0140576463190273,0.3547591622186937,-0.4289470243255512,0.1273973104704045,0.0152293951960787,-0.4844704194330868,0.0027958011959606,0.1321402465769226,0.0524971529590221,0.9985628949714308,0.1299663533732784,0.000840779142992,0.8886985284243151,0.0002029185103068,0.0655687867978563,0.744738069547906,0.2297179975755858,0.3392542327168591,0.5052206273191041,0.3879438869616712,0.7122999315086683,0.3384193364242871,0.4399805827743853,0.5979807061899549,0.5142012940582728,0.5506605763784594,0.1221470276265178,0.1764238571785311,0.1479051156907494,0.4534504804121284,0.4591042182441102,0.3321146908352806,0.76,34281
0,0,0.6407610076381495,-0.2896312917778125,0.0510803894426436,-0.8516609922317621,0.132484428370131,0.5715371617460968,0.0541864731373086,-0.1417806950288363,-0.4864685772839422,0.1412870890189311,-0.0009688720422725,0.4060468917952879,0.234192265004699,0.5549974019961418,0.0140576463190273,0.3547591622186937,-0.4289470243255512,0.1273973104704045,0.0152293951960787,-0.4844704194330868,0.0027958011959606,0.1321402465769226,0.0524971529590221,0.9985628949714308,0.1299663533732784,0.000840779142992,0.8886985284243151,0.0002029185103068,0.0655687867978563,0.744738069547906,0.2297179975755858,0.3392542327168591,0.5052206273191041,0.3879438869616712,0.7122999315086683,0.3384193364242871,0.4399805827743853,0.5979807061899549,0.5142012940582728,0.5506605763784594,0.1221470276265178,0.1764238571785311,0.1479051156907494,0.4534504804121284,0.4591042182441102,0.3321146908352806,0.76,34292
0,0,0.6407610076381495,-0.2896312917778125,0.0510803894426436,-0.8516609922317621,0.132484428370131,0.5715371617460968,0.0541864731373086,-0.1417806950288363,-0.4864685772839422,0.1412870890189311,-0.0009688720422725,0.4060468917952879,0.234192265004699,0.5549974019961418,0.0140576463190273,0.3547591622186937,-0.4289470243255512,0.1273973104704045,0.0152293951960787,-0.4844704194330868,0.0027958011959606,0.1321402465769226,0.0524971529590221,0.9985628949714308,0.1299663533732784,0.000840779142992,0.8886985284243151,0.0002029185103068,0.0655687867978563,0.744738069547906,0.2297179975755858,0.3392542327168591,0.5052206273191041,0.3879438869616712,0.7122999315086683,0.3384193364242871,0.4399805827743853,0.5979807061899549,0.5142012940582728,0.5506605763784594,0.1221470276265178,0.1764238571785311,0.1479051156907494,0.4534504804121284,0.4591042182441102,0.3321146908352806,0.76,34302
0,0,0.6407610076381495,-0.2896312917778125,0.0510803894426436,-0.8516609922317621,0.132484428370131,0.5715371617460968,0.0541864731373086,-0.1417806950288363,-0.4864685772839422,0.1412870890189311,-0.0009688720422725,0.4060468917952879,0.234192265004699,0.5549974019961418,0.0140576463190273,0.3547591622186937,-0.4289470243255512,0.1273973104704045,0.0152293951960787,-0.4844704194330868,0.0027958011959606,0.1321402465769226,0.0524971529590221,0.9985628949714308,0.1299663533732784,0.000840779142992,0.8886985284243151,0.0002029185103068,0.0655687867978563,0.744738069547906,0.2297179975755858,0.3392542327168591,0.5052206273191041,0.3879438869616712,0.7122999315086683,0.3384193364242871,0.4399805827743853,0.5979807061899549,0.5142012940582728,0.5506605763784594,0.1221470276265178,0.1764238571785311,0.1479051156907494,0.4534504804121284,0.4591042182441102,0.3321146908352806,0.76,34320
0,0,0.6407610076381495,-0.2896312917778125,0.0510803894426436,-0.8516609922317621,0.132484428370131,0.5715371617460968,0.0541864731373086,-0.1417806950288363,-0.4864685772839422,0.1412870890189311,-0.0009688720422725,0.4060468917952879,0.234192265004699,0.5549974019961418,0.0140576463190273,0.3547591622186937,-0.4289470243255512,0.1273973104704045,0.0152293951960787,-0.4844704194330868,0.0027958011959606,0.1321402465769226,0.0524971529590221,0.9985628949714308,0.1299663533732784,0.000840779142992,0.8886985284243151,0.0002029185103068,0.0655687867978563,0.744738069547906,0.2297179975755858,0.3392542327168591,0.5052206273191041,0.3879438869616712,0.7122999315086683,0.3384193364242871,0.4399805827743853,0.5979807061899549,0.5142012940582728,0.5506605763784594,0.1221470276265178,0.1764238571785311,0.1479051156907494,0.4534504804121284,0.4591042182441102,0.3321146908352806,0.76,34330
0,0,0.6407610076381495,-0.2896312917778125,0.0510803894426436,-0.8516609922317621,0.132484428370131,0.5715371617460968,0.0541864731373086,-0.1417806950288363,-0.4864685772839422,0.1412870890189311,-0.0009688720422725,0.4060468917952879,0.234192265004699,0.5549974019961418,0.0140576463190273,0.3547591622186937,-0.4289470243255512,0.1273973104704045,0.0152293951960787,-0.4844704194330868,0.0027958011959606,0.1321402465769226,0.0524971529590221,0.9985628949714308,0.1299663533732784,0.000840779142992,0.8886985284243151,0.0002029185103068,0.0655687867978563,0.744738069547906,0.2297179975755858,0.3392542327168591,0.5052206273191041,0.3879438869616712,0.7122999315086683,0.3384193364242871,0.4399805827743853,0.5979807061899549,0.5142012940582728,0.5506605763784594,0.1221470276265178,0.1764238571785311,0.1479051156907494,0.4534504804121284,0.4591042182441102,0.3321146908352806,0.76,34340
0,0,0.6407610076381495,-0.2896312917778125,0.0510803894426436,-0.8516609922317621,0.132484428370131,0.5715371617460968,0.0541864731373086,-0.1417806950288363,-0.4864685772839422,0.1412870890189311,-0.0009688720422725,0.4060468917952879,0.234192265004699,0.5549974019961418,0.0140576463190273,0.3547591622186937,-0.4289470243255512,0.1273973104704045,0.0152293951960787,-0.4844704194330868,0.0027958011959606,0.1321402465769226,0.0524971529590221,0.9985628949714308,0.1299663533732784,0.000840779142992,0.8886985284243151,0.0002029185103068,0.0655687867978563,0.744738069547906,0.2297179975755858,0.3392542327168591,0.5052206273191041,0.3879438869616712,0.7122999315086683,0.3384193364242871,0.4399805827743853,0.5979807061899549,0.5142012940582728,0.5506605763784594,0.1221470276265178,0.1764238571785311,0.1479051156907494,0.4534504804121284,0.4591042182441102,0.3321146908352806,0.76,34350
0,0,0.6407610076381495,-0.2896312917778125,0.0510803894426436,-0.8516609922317621,0.132484428370131,0.5715371617460968,0.0541864731373086,-0.1417806950288363,-0.4864685772839422,0.1412870890189311,-0.0009688720422725,0.4060468917952879,0.234192265004699,0.5549974019961418,0.0140576463190273,0.3547591622186937,-0.4289470243255512,0.1273973104704045,0.0152293951960787,-0.4844704194330868,0.0027958011959606,0.1321402465769226,0.0524971529590221,0.9985628949714308,0.1299663533732784,0.000840779142992,0.8886985284243151,0.0002029185103068,0.0655687867978563,0.744738069547906,0.2297179975755858,0.3392542327168591,0.5052206273191041,0.3879438869616712,0.7122999315086683,0.3384193364242871,0.4399805827743853,0.5979807061899549,0.5142012940582728,0.5506605763784594,0.1221470276265178,0.1764238571785311,0.1479051156907494,0.4534504804121284,0.4591042182441102,0.3321146908352806,0.76,34360
0,0,0.6407610076381495,-0.2896312917778125,0.0510803894426436,-0.8516609922317621,0.132484428370131,0.5715371617460968,0.0541864731373086,-0.1417806950288363,-0.4864685772839422,0.1412870890189311,-0.0009688720422725,0.4060468917952879,0.234192265004699,0.5549974019961418,0.0140576463190273,0.3547591622186937,-0.4289470243255512,0.1273973104704045,0.0152293951960787,-0.4844704194330868,0.0027958011959606,0.1321402465769226,0.0524971529590221,0.9985628949714308,0.1299663533732784,0.000840779142992,0.8886985284243151,0.0002029185103068,0.0655687867978563,0.744738069547906,0.2297179975755858,0.3392542327168591,0.5052206273191041,0.3879438869616712,0.7122999315086683,0.3384193364242871,0.4399805827743853,0.5979807061899549,0.5142012940582728,0.5506605763784594,0.1221470276265178,0.1764238571785311,0.1479051156907494,0.4534504804121284,0.4591042182441102,0.3321146908352806,0.76,34370
0,0,0.6407610076381495,-0.2896312917778125,0.0510803894426436,-0.8516609922317621,0.132484428370131,0.5715371617460968,0.0541864731373086,-0.1417806950288363,-0.4864685772839422,0.1412870890189311,-0.0009688720422725,0.4060468917952879,0.234192265004699,0.5549974019961418,0.0140576463190273,0.3547591622186937,-0.4289470243255512,0.1273973104704045,0.0152293951960787,-0.4844704194330868,0.0027958011959606,0.1321402465769226,0.0524971529590221,0.9985628949714308,0.1299663533732784,0.000840779142992,0.8886985284243151,0.0002029185103068,0.0655687867978563,0.744738069547906,0.2297179975755858,0.3392542327168591,0.5052206273191041,0.3879438869616712,0.7122999315086683,0.3384193364242871,0.4399805827743853,0.5979807061899549,0.5142012940582728,0.5506605763784594,0.1221470276265178,0.1764238571785311,0.1479051156907494,0.4534504804121284,0.4591042182441102,0.3321146908352806,0.76,34390
0,0,0.6407610076381495,-0.2896312917778125,0.0510803894426436,-0.8516609922317621,0.132484428370131,0.5715371617460968,0.0541864731373086,-0.1417806950288363,-0.4864685772839422,0.1412870890189311,-0.0009688720422725,0.4060468917952879,0.234192265004699,0.5549974019961418,0.0140576463190273,0.3547591622186937,-0.4289470243255512,0.1273973104704045,0.0152293951960787,-0.4844704194330868,0.0027958011959606,0.1321402465769226,0.0524971529590221,0.9985628949714308,0.1299663533732784,0.000840779142992,0.8886985284243151,0.0002029185103068,0.0655687867978563,0.744738069547906,0.2297179975755858,0.3392542327168591,0.5052206273191041,0.3879438869616712,0.7122999315086683,0.3384193364242871,0.4399805827743853,0.5979807061899549,0.5142012940582728,0.5506605763784594,0.1221470276265178,0.1764238571785311,0.1479051156907494,0.4534504804121284,0.4591042182441102,0.3321146908352806,0.76,34400
0,0,0.6407610076381495,-0.2896312917778125,0.0510803894426436,-0.8516609922317621,0.132484428370131,0.5715371617460968,0.0541864731373086,-0.1417806950288363,-0.4864685772839422,0.1412870890189311,-0.0009688720422725,0.4060468917952879,0.234192265004699,0.5549974019961418,0.0140576463190273,0.3547591622186937,-0.4289470243255512,0.1273973104704045,0.0152293951960787,-0.4844704194330868,0.0027958011959606,0.1321402465769226,0.0524971529590221,0.9985628949714308,0.1299663533732784,0.000840779142992,0.8886985284243151,0.0002029185103068,0.0655687867978563,0.744738069547906,0.2297179975755858,0.3392542327168591,0.5052206273191041,0.3879438869616712,0.7122999315086683,0.3384193364242871,0.4399805827743853,0.5979807061899549,0.5142012940582728,0.5506605763784594,0.1221470276265178,0.1764238571785311,0.1479051156907494,0.4534504804121284,0.4591042182441102,0.3321146908352806,0.76,34410
0,0,0.6407610076381495,-0.2896312917778125,0.0510803894426436,-0.8516609922317621,0.132484428370131,0.5715371617460968,0.0541864731373086,-0.1417806950288363,-0.4864685772839422,0.1412870890189311,-0.0009688720422725,0.4060468917952879,0.234192265004699,0.5549974019961418,0.0140576463190273,0.3547591622186937,-0.4289470243255512,0.1273973104704045,0.0152293951960787,-0.4844704194330868,0.0027958011959606,0.1321402465769226,0.0524971529590221,0.9985628949714308,0.1299663533732784,0.000840779142992,0.8886985284243151,0.0002029185103068,0.0655687867978563,0.744738069547906,0.2297179975755858,0.3392542327168591,0.5052206273191041,0.3879438869616712,0.7122999315086683,0.3384193364242871,0.4399805827743853,0.5979807061899549,0.5142012940582728,0.5506605763784594,0.1221470276265178,0.1764238571785311,0.1479051156907494,0.4534504804121284,0.4591042182441102,0.3321146908352806,0.76,34421
0,0,0.6407610076381495,-0.2896312917778125,0.0510803894426436,-0.8516609922317621,0.132484428370131,0.5715371617460968,0.0541864731373086,-0.1417806950288363,-0.4864685772839422,0.1412870890189311,-0.0009688720422725,0.4060468917952879,0.234192265004699,0.5549974019961418,0.0140576463190273,0.3547591622186937,-0.4289470243255512,0.1273973104704045,0.0152293951960787,-0.4844704194330868,0.0027958011959606,0.1321402465769226,0.0524971529590221,0.9985628949714308,0.1299663533732784,0.000840779142992,0.8886985284243151,0.0002029185103068,0.0655687867978563,0.744738069547906,0.2297179975755858,0.3392542327168591,0.5052206273191041,0.3879438869616712,0.7122999315086683,0.3384193364242871,0.4399805827743853,0.5979807061899549,0.5142012940582728,0.5506605763784594,0.1221470276265178,0.1764238571785311,0.1479051156907494,0.4534504804121284,0.4591042182441102,0.3321146908352806,0.76,34439
0,0,0.6407610076381495,-0.2896312917778125,0.0510803894426436,-0.8516609922317621,0.132484428370131,0.5715371617460968,0.0541864731373086,-0.1417806950288363,-0.4864685772839422,0.1412870890189311,-0.0009688720422725,0.4060468917952879,0.234192265004699,0.5549974019961418,0.0140576463190273,0.3547591622186937,-0.4289470243255512,0.1273973104704045,0.0152293951960787,-0.4844704194330868,0.0027958011959606,0.1321402465769226,0.0524971529590221,0.9985628949714308,0.1299663533732784,0.000840779142992,0.8886985284243151,0.0002029185103068,0.0655687867978563,0.744738069547906,0.2297179975755858,0.3392542327168591,0.5052206273191041,0.3879438869616712,0.7122999315086683,0.3384193364242871,0.4399805827743853,0.5979807061899549,0.5142012940582728,0.5506605763784594,0.1221470276265178,0.1764238571785311,0.1479051156907494,0.4534504804121284,0.4591042182441102,0.3321146908352806,0.76,34449
0,0,0.6407610076381495,-0.2896312917778125,0.0510803894426436,-0.8516609922317621,0.132484428370131,0.5715371617460968,0.0541864731373086,-0.1417806950288363,-0.4864685772839422,0.1412870890189311,-0.0009688720422725,0.4060468917952879,0.234192265004699,0.5549974019961418,0.0140576463190273,0.3547591622186937,-0.4289470243255512,0.1273973104704045,0.0152293951960787,-0.4844704194330868,0.0027958011959606,0.1321402465769226,0.0524971529590221,0.9985628949714308,0.1299663533732784,0.000840779142992,0.8886985284243151,0.0002029185103068,0.0655687867978563,0.744738069547906,0.2297179975755858,0.3392542327168591,0.5052206273191041,0.3879438869616712,0.7122999315086683,0.3384193364242871,0.4399805827743853,0.5979807061899549,0.5142012940582728,0.5506605763784594,0.1221470276265178,0.1764238571785311,0.1479051156907494,0.4534504804121284,0.4591042182441102,0.3321146908352806,0.76,34460
0,0,0.6407610076381495,-0.2896312917778125,0.0510803894426436,-0.8516609922317621,0.132484428370131,0.5715371617460968,0.0541864731373086,-0.1417806950288363,-0.4864685772839422,0.1412870890189311,-0.0009688720422725,0.4060468917952879,0.234192265004699,0.5549974019961418,0.0140576463190273,0.3547591622186937,-0.4289470243255512,0.1273973104704045,0.0152293951960787,-0.4844704194330868,0.0027958011959606,0.1321402465769226,0.0524971529590221,0.9985628949714308,0.1299663533732784,0.000840779142992,0.8886985284243151,0.0002029185103068,0.0655687867978563,0.744738069547906,0.2297179975755858,0.3392542327168591,0.5052206273191041,0.3879438869616712,0.7122999315086683,0.3384193364242871,0.4399805827743853,0.5979807061899549,0.5142012940582728,0.5506605763784594,0.1221470276265178,0.1764238571785311,0.1479051156907494,0.4534504804121284,0.4591042182441102,0.3321146908352806,0.76,34470
0,0,0.6407610076381495,-0.2896312917778125,0.0510803894426436,-0.8516609922317621,0.132484428370131,0.5715371617460968,0.0541864731373086,-0.1417806950288363,-0.4864685772839422,0.1412870890189311,-0.0009688720422725,0.4060468917952879,0.234192265004699,0.5549974019961418,0.0140576463190273,0.3547591622186937,-0.4289470243255512,0.1273973104704045,0.0152293951960787,-0.4844704194330868,0.0027958011959606,0.1321402465769226,0.0524971529590221,0.9985628949714308,0.1299663533732784,0.000840779142992,0.8886985284243151,0.0002029185103068,0.0655687867978563,0.744738069547906,0.2297179975755858,0.3392542327168591,0.5052206273191041,0.3879438869616712,0.7122999315086683,0.3384193364242871,0.4399805827743853,0.5979807061899549,0.5142012940582728,0.5506605763784594,0.1221470276265178,0.1764238571785311,0.1479051156907494,0.4534504804121284,0.4591042182441102,0.3321146908352806,0.76,34481
0,0,0.6407610076381495,-0.2896312917778125,0.0510803894426436,-0.8516609922317621,0.132484428370131,0.5715371617460968,0.0541864731373086,-0.1417806950288363,-0.4864685772839422,0.1412870890189311,-0.0009688720422725,0.4060468917952879,0.234192265004699,0.5549974019961418,0.0140576463190273,0.3547591622186937,-0.4289470243255512,0.1273973104704045,0.0152293951960787,-0.4844704194330868,0.0027958011959606,0.1321402465769226,0.0524971529590221,0.9985628949714308,0.1299663533732784,0.000840779142992,0.8886985284243151,0.0002029185103068,0.0655687867978563,0.744738069547906,0.2297179975755858,0.3392542327168591,0.5052206273191041,0.3879438869616712,0.7122999315086683,0.3384193364242871,0.4399805827743853,0.5979807061899549,0.5142012940582728,0.5506605763784594,0.1221470276265178,0.1764238571785311,0.1479051156907494,0.4534504804121284,0.4591042182441102,0.3321146908352806,0.76,34498
0,0,0.6407610076381495,-0.2896312917778125,0.0510803894426436,-0.8516609922317621,0.132484428370131,0.5715371617460968,0.0541864731373086,-0.1417806950288363,-0.4864685772839422,0.1412870890189311,-0.0009688720422725,0.4060468917952879,0.234192265004699,0.5549974019961418,0.0140576463190273,0.3547591622186937,-0.4289470243255512,0.1273973104704045,0.0152293951960787,-0.4844704194330868,0.0027958011959606,0.1321402465769226,0.0524971529590221,0.9985628949714308,0.1299663533732784,0.000840779142992,0.8886985284243151,0.0002029185103068,0.0655687867978563,0.744738069547906,0.2297179975755858,0.3392542327168591,0.5052206273191041,0.3879438869616712,0.7122999315086683,0.3384193364242871,0.4399805827743853,0.5979807061899549,0.5142012940582728,0.5506605763784594,0.1221470276265178,0.1764238571785311,0.1479051156907494,0.4534504804121284,0.4591042182441102,0.3321146908352806,0.76,34508
0,0,0.6407610076381495,-0.2896312917778125,0.0510803894426436,-0.8516609922317621,0.132484428370131,0.5715371617460968,0.0541864731373086,-0.1417806950288363,-0.4864685772839422,0.1412870890189311,-0.0009688720422725,0.4060468917952879,0.234192265004699,0.5549974019961418,0.0140576463190273,0.3547591622186937,-0.4289470243255512,0.1273973104704045,0.0152293951960787,-0.4844704194330868,0.0027958011959606,0.1321402465769226,0.0524971529590221,0.9985628949714308,0.1299663533732784,0.000840779142992,0.8886985284243151,0.0002029185103068,0.0655687867978563,0.744738069547906,0.2297179975755858,0.3392542327168591,0.5052206273191041,0.3879438869616712,0.7122999315086683,0.3384193364242871,0.4399805827743853,0.5979807061899549,0.5142012940582728,0.5506605763784594,0.1221470276265178,0.1764238571785311,0.1479051156907494,0.4534504804121284,0.4591042182441102,0.3321146908352806,0.76,34519
0,0,0.6407610076381495,-0.2896312917778125,0.0510803894426436,-0.8516609922317621,0.132484428370131,0.5715371617460968,0.0541864731373086,-0.1417806950288363,-0.4864685772839422,0.1412870890189311,-0.0009688720422725,0.4060468917952879,0.234192265004699,0.5549974019961418,0.0140576463190273,0.3547591622186937,-0.4289470243255512,0.1273973104704045,0.0152293951960787,-0.4844704194330868,0.0027958011959606,0.1321402465769226,0.0524971529590221,0.9985628949714308,0.1299663533732784,0.000840779142992,0.8886985284243151,0.0002029185103068,0.0655687867978563,0.744738069547906,0.2297179975755858,0.3392542327168591,0.5052206273191041,0.3879438869616712,0.7122999315086683,0.3384193364242871,0.4399805827743853,0.5979807061899549,0.5142012940582728,0.5506605763784594,0.1221470276265178,0.1764238571785311,0.1479051156907494,0.4534504804121284,0.4591042182441102,0.3321146908352806,0.76,34530
0,0,0.6407610076381495,-0.2896312917778125,0.0510803894426436,-0.8516609922317621,0.132484428370131,0.5715371617460968,0.0541864731373086,-0.1417806950288363,-0.4864685772839422,0.1412870890189311,-0.0009688720422725,0.4060468917952879,0.234192265004699,0.5549974019961418,0.0140576463190273,0.3547591622186937,-0.4289470243255512,0.1273973104704045,0.0152293951960787,-0.4844704194330868,0.0027958011959606,0.1321402465769226,0.0524971529590221,0.9985628949714308,0.1299663533732784,0.000840779142992,0.8886985284243151,0.0002029185103068,0.0655687867978563,0.744738069547906,0.2297179975755858,0.3392542327168591,0.5052206273191041,0.3879438869616712,0.7122999315086683,0.3384193364242871,0.4399805827743853,0.5979807061899549,0.5142012940582728,0.5506605763784594,0.1221470276265178,0.1764238571785311,0.1479051156907494,0.4534504804121284,0.4591042182441102,0.3321146908352806,0.76,34540
0,0,0.6407610076381495,-0.2896312917778125,0.0510803894426436,-0.8516609922317621,0.132484428370131,0.5715371617460968,0.0541864731373086,-0.1417806950288363,-0.4864685772839422,0.1412870890189311,-0.0009688720422725,0.4060468917952879,0.234192265004699,0.5549974019961418,0.0140576463190273,0.3547591622186937,-0.4289470243255512,0.1273973104704045,0.0152293951960787,-0.4844704194330868,0.0027958011959606,0.1321402465769226,0.0524971529590221,0.9985628949714308,0.1299663533732784,0.000840779142992,0.8886985284243151,0.0002029185103068,0.0655687867978563,0.744738069547906,0.2297179975755858,0.3392542327168591,0.5052206273191041,0.3879438869616712,0.7122999315086683,0.3384193364242871,0.4399805827743853,0.5979807061899549,0.5142012940582728,0.5506605763784594,0.1221470276265178,0.1764238571785311,0.1479051156907494,0.4534504804121284,0.4591042182441102,0.3321146908352806,0.76,34550
0,0,0.6407610076381495,-0.2896312917778125,0.0510803894426436,-0.8516609922317621,0.132484428370131,0.5715371617460968,0.0541864731373086,-0.1417806950288363,-0.4864685772839422,0.1412870890189311,-0.0009688720422725,0.4060468917952879,0.234192265004699,0.5549974019961418,0.0140576463190273,0.3547591622186937,-0.4289470243255512,0.1273973104704045,0.0152293951960787,-0.4844704194330868,0.0027958011959606,0.1321402465769226,0.0524971529590221,0.9985628949714308,0.1299663533732784,0.000840779142992,0.8886985284243151,0.0002029185103068,0.0655687867978563,0.744738069547906,0.2297179975755858,0.3392542327168591,0.5052206273191041,0.3879438869616712,0.7122999315086683,0.3384193364242871,0.4399805827743853,0.5979807061899549,0.5142012940582728,0.5506605763784594,0.1221470276265178,0.1764238571785311,0.1479051156907494,0.4534504804121284,0.4591042182441102,0.3321146908352806,0.76,34560
0,0,0.6407610076381495,-0.2896312917778125,0.0510803894426436,-0.8516609922317621,0.132484428370131,0.5715371617460968,0.0541864731373086,-0.1417806950288363,-0.4864685772839422,0.1412870890189311,-0.0009688720422725,0.4060468917952879,0.234192265004699,0.5549974019961418,0.0140576463190273,0.3547591622186937,-0.4289470243255512,0.1273973104704045,0.0152293951960787,-0.4844704194330868,0.0027958011959606,0.1321402465769226,0.0524971529590221,0.9985628949714308,0.1299663533732784,0.000840779142992,0.8886985284243151,0.0002029185103068,0.0655687867978563,0.744738069547906,0.2297179975755858,0.3392542327168591,0.5052206273191041,0.3879438869616712,0.7122999315086683,0.3384193364242871,0.4399805827743853,0.5979807061899549,0.5142012940582728,0.5506605763784594,0.1221470276265178,0.1764238571785311,0.1479051156907494,0.4534504804121284,0.4591042182441102,0.3321146908352806,0.76,34571
0,0,0.6407610076381495,-0.2896312917778125,0.0510803894426436,-0.8516609922317621,0.132484428370131,0.5715371617460968,0.0541864731373086,-0.1417806950288363,-0.4864685772839422,0.1412870890189311,-0.0009688720422725,0.4060468917952879,0.234192265004699,0.5549974019961418,0.0140576463190273,0.3547591622186937,-0.4289470243255512,0.1273973104704045,0.0152293951960787,-0.4844704194330868,0.0027958011959606,0.1321402465769226,0.0524971529590221,0.9985628949714308,0.1299663533732784,0.000840779142992,0.8886985284243151,0.0002029185103068,0.0655687867978563,0.744738069547906,0.2297179975755858,0.3392542327168591,0.5052206273191041,0.3879438869616712,0.7122999315086683,0.3384193364242871,0.4399805827743853,0.5979807061899549,0.5142012940582728,0.5506605763784594,0.1221470276265178,0.1764238571785311,0.1479051156907494,0.4534504804121284,0.4591042182441102,0.3321146908352806,0.76,34588
0,0,0.6407610076381495,-0.2896312917778125,0.0510803894426436,-0.8516609922317621,0.132484428370131,0.5715371617460968,0.0541864731373086,-0.1417806950288363,-0.4864685772839422,0.1412870890189311,-0.0009688720422725,0.4060468917952879,0.234192265004699,0.5549974019961418,0.0140576463190273,0.3547591622186937,-0.4289470243255512,0.1273973104704045,0.0152293951960787,-0.4844704194330868,0.0027958011959606,0.1321402465769226,0.0524971529590221,0.9985628949714308,0.1299663533732784,0.000840779142992,0.8886985284243151,0.0002029185103068,0.0655687867978563,0.744738069547906,0.2297179975755858,0.3392542327168591,0.5052206273191041,0.3879438869616712,0.7122999315086683,0.3384193364242871,0.4399805827743853,0.5979807061899549,0.5142012940582728,0.5506605763784594,0.1221470276265178,0.1764238571785311,0.1479051156907494,0.4534504804121284,0.4591042182441102,0.3321146908352806,0.76,34599
0,0,0.6407610076381495,-0.2896312917778125,0.0510803894426436,-0.8516609922317621,0.132484428370131,0.5715371617460968,0.0541864731373086,-0.1417806950288363,-0.4864685772839422,0.1412870890189311,-0.0009688720422725,0.4060468917952879,0.234192265004699,0.5549974019961418,0.0140576463190273,0.3547591622186937,-0.4289470243255512,0.1273973104704045,0.0152293951960787,-0.4844704194330868,0.0027958011959606,0.1321402465769226,0.0524971529590221,0.9985628949714308,0.1299663533732784,0.000840779142992,0.8886985284243151,0.0002029185103068,0.0655687867978563,0.744738069547906,0.2297179975755858,0.3392542327168591,0.5052206273191041,0.3879438869616712,0.7122999315086683,0.3384193364242871,0.4399805827743853,0.5979807061899549,0.5142012940582728,0.5506605763784594,0.1221470276265178,0.1764238571785311,0.1479051156907494,0.4534504804121284,0.4591042182441102,0.3321146908352806,0.76,34609
0,0,0.6407610076381495,-0.2896312917778125,0.0510803894426436,-0.8516609922317621,0.132484428370131,0.5715371617460968,0.0541864731373086,-0.1417806950288363,-0.4864685772839422,0.1412870890189311,-0.0009688720422725,0.4060468917952879,0.234192265004699,0.5549974019961418,0.0140576463190273,0.3547591622186937,-0.4289470243255512,0.1273973104704045,0.0152293951960787,-0.4844704194330868,0.0027958011959606,0.1321402465769226,0.0524971529590221,0.9985628949714308,0.1299663533732784,0.000840779142992,0.8886985284243151,0.0002029185103068,0.0655687867978563,0.744738069547906,0.2297179975755858,0.3392542327168591,0.5052206273191041,0.3879438869616712,0.7122999315086683,0.3384193364242871,0.4399805827743853,0.5979807061899549,0.5142012940582728,0.5506605763784594,0.1221470276265178,0.1764238571785311,0.1479051156907494,0.4534504804121284,0.4591042182441102,0.3321146908352806,0.76,34619
0,0,0.6407610076381495,-0.2896312917778125,0.0510803894426436,-0.8516609922317621,0.132484428370131,0.5715371617460968,0.0541864731373086,-0.1417806950288363,-0.4864685772839422,0.1412870890189311,-0.0009688720422725,0.4060468917952879,0.234192265004699,0.5549974019961418,0.0140576463190273,0.3547591622186937,-0.4289470243255512,0.1273973104704045,0.0152293951960787,-0.4844704194330868,0.0027958011959606,0.1321402465769226,0.0524971529590221,0.9985628949714308,0.1299663533732784,0.000840779142992,0.8886985284243151,0.0002029185103068,0.0655687867978563,0.744738069547906,0.2297179975755858,0.3392542327168591,0.5052206273191041,0.3879438869616712,0.7122999315086683,0.3384193364242871,0.4399805827743853,0.5979807061899549,0.5142012940582728,0.5506605763784594,0.1221470276265178,0.1764238571785311,0.1479051156907494,0.4534504804121284,0.4591042182441102,0.3321146908352806,0.76,34629
0,0,0.6407610076381495,-0.2896312917778125,0.0510803894426436,-0.8516609922317621,0.132484428370131,0.5715371617460968,0.0541864731373086,-0.1417806950288363,-0.4864685772839422,0.1412870890189311,-0.0009688720422725,0.4060468917952879,0.234192265004699,0.5549974019961418,0.0140576463190273,0.3547591622186937,-0.4289470243255512,0.1273973104704045,0.0152293951960787,-0.4844704194330868,0.0027958011959606,0.1321402465769226,0.0524971529590221,0.9985628949714308,0.1299663533732784,0.000840779142992,0.8886985284243151,0.0002029185103068,0.0655687867978563,0.744738069547906,0.2297179975755858,0.3392542327168591,0.5052206273191041,0.3879438869616712,0.7122999315086683,0.3384193364242871,0.4399805827743853,0.5979807061899549,0.5142012940582728,0.5506605763784594,0.1221470276265178,0.1764238571785311,0.1479051156907494,0.4534504804121284,0.4591042182441102,0.3321146908352806,0.76,34639
0,0,0.6407610076381495,-0.2896312917778125,0.0510803894426436,-0.8516609922317621,0.132484428370131,0.5715371617460968,0.0541864731373086,-0.1417806950288363,-0.4864685772839422,0.1412870890189311,-0.0009688720422725,0.4060468917952879,0.234192265004699,0.5549974019961418,0.0140576463190273,0.3547591622186937,-0.4289470243255512,0.1273973104704045,0.0152293951960787,-0.4844704194330868,0.0027958011959606,0.1321402465769226,0.0524971529590221,0.9985628949714308,0.1299663533732784,0.000840779142992,0.8886985284243151,0.0002029185103068,0.0655687867978563,0.744738069547906,0.2297179975755858,0.3392542327168591,0.5052206273191041,0.3879438869616712,0.7122999315086683,0.3384193364242871,0.4399805827743853,0.5979807061899549,0.5142012940582728,0.5506605763784594,0.1221470276265178,0.1764238571785311,0.1479051156907494,0.4534504804121284,0.4591042182441102,0.3321146908352806,0.76,34649
0,0,0.6407610076381495,-0.2896312917778125,0.0510803894426436,-0.8516609922317621,0.132484428370131,0.5715371617460968,0.0541864731373086,-0.1417806950288363,-0.4864685772839422,0.1412870890189311,-0.0009688720422725,0.4060468917952879,0.234192265004699,0.5549974019961418,0.0140576463190273,0.3547591622186937,-0.4289470243255512,0.1273973104704045,0.0152293951960787,-0.4844704194330868,0.0027958011959606,0.1321402465769226,0.0524971529590221,0.9985628949714308,0.1299663533732784,0.000840779142992,0.8886985284243151,0.0002029185103068,0.0655687867978563,0.744738069547906,0.2297179975755858,0.3392542327168591,0.5052206273191041,0.3879438869616712,0.7122999315086683,0.3384193364242871,0.4399805827743853,0.5979807061899549,0.5142012940582728,0.5506605763784594,0.1221470276265178,0.1764238571785311,0.1479051156907494,0.4534504804121284,0.4591042182441102,0.3321146908352806,0.76,34659
0,0,0.6407610076381495,-0.2896312917778125,0.0510803894426436,-0.8516609922317621,0.132484428370131,0.5715371617460968,0.0541864731373086,-0.1417806950288363,-0.4864685772839422,0.1412870890189311,-0.0009688720422725,0.4060468917952879,0.234192265004699,0.5549974019961418,0.0140576463190273,0.3547591622186937,-0.4289470243255512,0.1273973104704045,0.0152293951960787,-0.4844704194330868,0.0027958011959606,0.1321402465769226,0.0524971529590221,0.9985628949714308,0.1299663533732784,0.000840779142992,0.8886985284243151,0.0002029185103068,0.0655687867978563,0.744738069547906,0.2297179975755858,0.3392542327168591,0.5052206273191041,0.3879438869616712,0.7122999315086683,0.3384193364242871,0.4399805827743853,0.5979807061899549,0.5142012940582728,0.5506605763784594,0.1221470276265178,0.1764238571785311,0.1479051156907494,0.4534504804121284,0.4591042182441102,0.3321146908352806,0.76,34669
0,0,0.6407610076381495,-0.2896312917778125,0.0510803894426436,-0.8516609922317621,0.132484428370131,0.5715371617460968,0.0541864731373086,-0.1417806950288363,-0.4864685772839422,0.1412870890189311,-0.0009688720422725,0.4060468917952879,0.234192265004699,0.5549974019961418,0.0140576463190273,0.3547591622186937,-0.4289470243255512,0.1273973104704045,0.0152293951960787,-0.4844704194330868,0.0027958011959606,0.1321402465769226,0.0524971529590221,0.9985628949714308,0.1299663533732784,0.000840779142992,0.8886985284243151,0.0002029185103068,0.0655687867978563,0.744738069547906,0.2297179975755858,0.3392542327168591,0.5052206273191041,0.3879438869616712,0.7122999315086683,0.3384193364242871,0.4399805827743853,0.5979807061899549,0.5142012940582728,0.5506605763784594,0.1221470276265178,0.1764238571785311,0.1479051156907494,0.4534504804121284,0.4591042182441102,0.3321146908352806,0.76,34680
0,0,0.6407610076381495,-0.2896312917778125,0.0510803894426436,-0.8516609922317621,0.132484428370131,0.5715371617460968,0.0541864731373086,-0.1417806950288363,-0.4864685772839422,0.1412870890189311,-0.0009688720422725,0.4060468917952879,0.234192265004699,0.5549974019961418,0.0140576463190273,0.3547591622186937,-0.4289470243255512,0.1273973104704045,0.0152293951960787,-0.4844704194330868,0.0027958011959606,0.1321402465769226,0.0524971529590221,0.9985628949714308,0.1299663533732784,0.000840779142992,0.8886985284243151,0.0002029185103068,0.0655687867978563,0.744738069547906,0.2297179975755858,0.3392542327168591,0.5052206273191041,0.3879438869616712,0.7122999315086683,0.3384193364242871,0.4399805827743853,0.5979807061899549,0.5142012940582728,0.5506605763784594,0.1221470276265178,0.1764238571785311,0.1479051156907494,0.4534504804121284,0.4591042182441102,0.3321146908352806,0.76,34691
0,0,0.6407610076381495,-0.2896312917778125,0.0510803894426436,-0.8516609922317621,0.132484428370131,0.5715371617460968,0.0541864731373086,-0.1417806950288363,-0.4864685772839422,0.1412870890189311,-0.0009688720422725,0.4060468917952879,0.234192265004699,0.5549974019961418,0.0140576463190273,0.3547591622186937,-0.4289470243255512,0.1273973104704045,0.0152293951960787,-0.4844704194330868,0.0027958011959606,0.1321402465769226,0.0524971529590221,0.9985628949714308,0.1299663533732784,0.000840779142992,0.8886985284243151,0.0002029185103068,0.0655687867978563,0.744738069547906,0.2297179975755858,0.3392542327168591,0.5052206273191041,0.3879438869616712,0.7122999315086683,0.3384193364242871,0.4399805827743853,0.5979807061899549,0.5142012940582728,0.5506605763784594,0.1221470276265178,0.1764238571785311,0.1479051156907494,0.4534504804121284,0.4591042182441102,0.3321146908352806,0.76,34702
0,0,0.6407610076381495,-0.2896312917778125,0.0510803894426436,-0.8516609922317621,0.132484428370131,0.5715371617460968,0.0541864731373086,-0.1417806950288363,-0.4864685772839422,0.1412870890189311,-0.0009688720422725,0.4060468917952879,0.234192265004699,0.5549974019961418,0.0140576463190273,0.3547591622186937,-0.4289470243255512,0.1273973104704045,0.0152293951960787,-0.4844704194330868,0.0027958011959606,0.1321402465769226,0.0524971529590221,0.9985628949714308,0.1299663533732784,0.000840779142992,0.8886985284243151,0.0002029185103068,0.0655687867978563,0.744738069547906,0.2297179975755858,0.3392542327168591,0.5052206273191041,0.3879438869616712,0.7122999315086683,0.3384193364242871,0.4399805827743853,0.5979807061899549,0.5142012940582728,0.5506605763784594,0.1221470276265178,0.1764238571785311,0.1479051156907494,0.4534504804121284,0.4591042182441102,0.3321146908352806,0.76,34712
0,0,0.6407610076381495,-0.2896312917778125,0.0510803894426436,-0.8516609922317621,0.132484428370131,0.5715371617460968,0.0541864731373086,-0.1417806950288363,-0.4864685772839422,0.1412870890189311,-0.0009688720422725,0.4060468917952879,0.234192265004699,0.5549974019961418,0.0140576463190273,0.3547591622186937,-0.4289470243255512,0.1273973104704045,0.0152293951960787,-0.4844704194330868,0.0027958011959606,0.1321402465769226,0.0524971529590221,0.9985628949714308,0.1299663533732784,0.000840779142992,0.8886985284243151,0.0002029185103068,0.0655687867978563,0.744738069547906,0.2297179975755858,0.3392542327168591,0.5052206273191041,0.3879438869616712,0.7122999315086683,0.3384193364242871,0.4399805827743853,0.5979807061899549,0.5142012940582728,0.5506605763784594,0.1221470276265178,0.1764238571785311,0.1479051156907494,0.4534504804121284,0.4591042182441102,0.3321146908352806,0.76,34723
0,0,0.6407610076381495,-0.2896312917778125,0.0510803894426436,-0.8516609922317621,0.132484428370131,0.5715371617460968,0.0541864731373086,-0.1417806950288363,-0.4864685772839422,0.1412870890189311,-0.0009688720422725,0.4060468917952879,0.234192265004699,0.5549974019961418,0.0140576463190273,0.3547591622186937,-0.4289470243255512,0.1273973104704045,0.0152293951960787,-0.4844704194330868,0.0027958011959606,0.1321402465769226,0.0524971529590221,0.9985628949714308,0.1299663533732784,0.000840779142992,0.8886985284243151,0.0002029185103068,0.0655687867978563,0.744738069547906,0.2297179975755858,0.3392542327168591,0.5052206273191041,0.3879438869616712,0.7122999315086683,0.3384193364242871,0.4399805827743853,0.5979807061899549,0.5142012940582728,0.5506605763784594,0.1221470276265178,0.1764238571785311,0.1479051156907494,0.4534504804121284,0.4591042182441102,0.3321146908352806,0.76,34734
0,0,0.6407610076381495,-0.2896312917778125,0.0510803894426436,-0.8516609922317621,0.132484428370131,0.5715371617460968,0.0541864731373086,-0.1417806950288363,-0.4864685772839422,0.1412870890189311,-0.0009688720422725,0.4060468917952879,0.234192265004699,0.5549974019961418,0.0140576463190273,0.3547591622186937,-0.4289470243255512,0.1273973104704045,0.0152293951960787,-0.4844704194330868,0.0027958011959606,0.1321402465769226,0.0524971529590221,0.9985628949714308,0.1299663533732784,0.000840779142992,0.8886985284243151,0.0002029185103068,0.0655687867978563,0.744738069547906,0.2297179975755858,0.3392542327168591,0.5052206273191041,0.3879438869616712,0.7122999315086683,0.3384193364242871,0.4399805827743853,0.5979807061899549,0.5142012940582728,0.5506605763784594,0.1221470276265178,0.1764238571785311,0.1479051156907494,0.4534504804121284,0.4591042182441102,0.3321146908352806,0.76,34744
0,0,0.6407610076381495,-0.2896312917778125,0.0510803894426436,-0.8516609922317621,0.132484428370131,0.5715371617460968,0.0541864731373086,-0.1417806950288363,-0.4864685772839422,0.1412870890189311,-0.0009688720422725,0.4060468917952879,0.234192265004699,0.5549974019961418,0.0140576463190273,0.3547591622186937,-0.4289470243255512,0.1273973104704045,0.0152293951960787,-0.4844704194330868,0.0027958011959606,0.1321402465769226,0.0524971529590221,0.9985628949714308,0.1299663533732784,0.000840779142992,0.8886985284243151,0.0002029185103068,0.0655687867978563,0.744738069547906,0.2297179975755858,0.3392542327168591,0.5052206273191041,0.3879438869616712,0.7122999315086683,0.3384193364242871,0.4399805827743853,0.5979807061899549,0.5142012940582728,0.5506605763784594,0.1221470276265178,0.1764238571785311,0.1479051156907494,0.4534504804121284,0.4591042182441102,0.3321146908352806,0.76,34754
0,0,0.6407610076381495,-0.2896312917778125,0.0510803894426436,-0.8516609922317621,0.132484428370131,0.5715371617460968,0.0541864731373086,-0.1417806950288363,-0.4864685772839422,0.1412870890189311,-0.0009688720422725,0.4060468917952879,0.234192265004699,0.5549974019961418,0.0140576463190273,0.3547591622186937,-0.4289470243255512,0.1273973104704045,0.0152293951960787,-0.4844704194330868,0.0027958011959606,0.1321402465769226,0.0524971529590221,0.9985628949714308,0.1299663533732784,0.000840779142992,0.8886985284243151,0.0002029185103068,0.0655687867978563,0.744738069547906,0.2297179975755858,0.3392542327168591,0.5052206273191041,0.3879438869616712,0.7122999315086683,0.3384193364242871,0.4399805827743853,0.5979807061899549,0.5142012940582728,0.5506605763784594,0.1221470276265178,0.1764238571785311,0.1479051156907494,0.4534504804121284,0.4591042182441102,0.3321146908352806,0.76,34764
0,0,0.6407610076381495,-0.2896312917778125,0.0510803894426436,-0.8516609922317621,0.132484428370131,0.5715371617460968,0.0541864731373086,-0.1417806950288363,-0.4864685772839422,0.1412870890189311,-0.0009688720422725,0.4060468917952879,0.234192265004699,0.5549974019961418,0.0140576463190273,0.3547591622186937,-0.4289470243255512,0.1273973104704045,0.0152293951960787,-0.4844704194330868,0.0027958011959606,0.1321402465769226,0.0524971529590221,0.9985628949714308,0.1299663533732784,0.000840779142992,0.8886985284243151,0.0002029185103068,0.0655687867978563,0.744738069547906,0.2297179975755858,0.3392542327168591,0.5052206273191041,0.3879438869616712,0.7122999315086683,0.3384193364242871,0.4399805827743853,0.5979807061899549,0.5142012940582728,0.5506605763784594,0.1221470276265178,0.1764238571785311,0.1479051156907494,0.4534504804121284,0.4591042182441102,0.3321146908352806,0.76,34775
0,0,0.6407610076381495,-0.2896312917778125,0.0510803894426436,-0.8516609922317621,0.132484428370131,0.5715371617460968,0.0541864731373086,-0.1417806950288363,-0.4864685772839422,0.1412870890189311,-0.0009688720422725,0.4060468917952879,0.234192265004699,0.5549974019961418,0.0140576463190273,0.3547591622186937,-0.4289470243255512,0.1273973104704045,0.0152293951960787,-0.4844704194330868,0.0027958011959606,0.1321402465769226,0.0524971529590221,0.9985628949714308,0.1299663533732784,0.000840779142992,0.8886985284243151,0.0002029185103068,0.0655687867978563,0.744738069547906,0.2297179975755858,0.3392542327168591,0.5052206273191041,0.3879438869616712,0.7122999315086683,0.3384193364242871,0.4399805827743853,0.5979807061899549,0.5142012940582728,0.5506605763784594,0.1221470276265178,0.1764238571785311,0.1479051156907494,0.4534504804121284,0.4591042182441102,0.3321146908352806,0.76,34785
0,0,0.6407610076381495,-0.2896312917778125,0.0510803894426436,-0.8516609922317621,0.132484428370131,0.5715371617460968,0.0541864731373086,-0.1417806950288363,-0.4864685772839422,0.1412870890189311,-0.0009688720422725,0.4060468917952879,0.234192265004699,0.5549974019961418,0.0140576463190273,0.3547591622186937,-0.4289470243255512,0.1273973104704045,0.0152293951960787,-0.4844704194330868,0.0027958011959606,0.1321402465769226,0.0524971529590221,0.9985628949714308,0.1299663533732784,0.000840779142992,0.8886985284243151,0.0002029185103068,0.0655687867978563,0.744738069547906,0.2297179975755858,0.3392542327168591,0.5052206273191041,0.3879438869616712,0.7122999315086683,0.3384193364242871,0.4399805827743853,0.5979807061899549,0.5142012940582728,0.5506605763784594,0.1221470276265178,0.1764238571785311,0.1479051156907494,0.4534504804121284,0.4591042182441102,0.3321146908352806,0.76,34795
0,0,0.6407610076381495,-0.2896312917778125,0.0510803894426436,-0.8516609922317621,0.132484428370131,0.5715371617460968,0.0541864731373086,-0.1417806950288363,-0.4864685772839422,0.1412870890189311,-0.0009688720422725,0.4060468917952879,0.234192265004699,0.5549974019961418,0.0140576463190273,0.3547591622186937,-0.4289470243255512,0.1273973104704045,0.0152293951960787,-0.4844704194330868,0.0027958011959606,0.1321402465769226,0.0524971529590221,0.9985628949714308,0.1299663533732784,0.000840779142992,0.8886985284243151,0.0002029185103068,0.0655687867978563,0.744738069547906,0.2297179975755858,0.3392542327168591,0.5052206273191041,0.3879438869616712,0.7122999315086683,0.3384193364242871,0.4399805827743853,0.5979807061899549,0.5142012940582728,0.5506605763784594,0.1221470276265178,0.1764238571785311,0.1479051156907494,0.4534504804121284,0.4591042182441102,0.3321146908352806,0.76,34814
0,0,0.6407610076381495,-0.2896312917778125,0.0510803894426436,-0.8516609922317621,0.132484428370131,0.5715371617460968,0.0541864731373086,-0.1417806950288363,-0.4864685772839422,0.1412870890189311,-0.0009688720422725,0.4060468917952879,0.234192265004699,0.5549974019961418,0.0140576463190273,0.3547591622186937,-0.4289470243255512,0.1273973104704045,0.0152293951960787,-0.4844704194330868,0.0027958011959606,0.1321402465769226,0.0524971529590221,0.9985628949714308,0.1299663533732784,0.000840779142992,0.8886985284243151,0.0002029185103068,0.0655687867978563,0.744738069547906,0.2297179975755858,0.3392542327168591,0.5052206273191041,0.3879438869616712,0.7122999315086683,0.3384193364242871,0.4399805827743853,0.5979807061899549,0.5142012940582728,0.5506605763784594,0.1221470276265178,0.1764238571785311,0.1479051156907494,0.4534504804121284,0.4591042182441102,0.3321146908352806,0.76,34825
0,0,0.6407610076381495,-0.2896312917778125,0.0510803894426436,-0.8516609922317621,0.132484428370131,0.5715371617460968,0.0541864731373086,-0.1417806950288363,-0.4864685772839422,0.1412870890189311,-0.0009688720422725,0.4060468917952879,0.234192265004699,0.5549974019961418,0.0140576463190273,0.3547591622186937,-0.4289470243255512,0.1273973104704045,0.0152293951960787,-0.4844704194330868,0.0027958011959606,0.1321402465769226,0.0524971529590221,0.9985628949714308,0.1299663533732784,0.000840779142992,0.8886985284243151,0.0002029185103068,0.0655687867978563,0.744738069547906,0.2297179975755858,0.3392542327168591,0.5052206273191041,0.3879438869616712,0.7122999315086683,0.3384193364242871,0.4399805827743853,0.5979807061899549,0.5142012940582728,0.5506605763784594,0.1221470276265178,0.1764238571785311,0.1479051156907494,0.4534504804121284,0.4591042182441102,0.3321146908352806,0.76,34835
0,0,0.6407610076381495,-0.2896312917778125,0.0510803894426436,-0.8516609922317621,0.132484428370131,0.5715371617460968,0.0541864731373086,-0.1417806950288363,-0.4864685772839422,0.1412870890189311,-0.0009688720422725,0.4060468917952879,0.234192265004699,0.5549974019961418,0.0140576463190273,0.3547591622186937,-0.4289470243255512,0.1273973104704045,0.0152293951960787,-0.4844704194330868,0.0027958011959606,0.1321402465769226,0.0524971529590221,0.9985628949714308,0.1299663533732784,0.000840779142992,0.8886985284243151,0.0002029185103068,0.0655687867978563,0.744738069547906,0.2297179975755858,0.3392542327168591,0.5052206273191041,0.3879438869616712,0.7122999315086683,0.3384193364242871,0.4399805827743853,0.5979807061899549,0.5142012940582728,0.5506605763784594,0.1221470276265178,0.1764238571785311,0.1479051156907494,0.4534504804121284,0.4591042182441102,0.3321146908352806,0.76,34852
0,0,0.6407610076381495,-0.2896312917778125,0.0510803894426436,-0.8516609922317621,0.132484428370131,0.5715371617460968,0.0541864731373086,-0.1417806950288363,-0.4864685772839422,0.1412870890189311,-0.0009688720422725,0.4060468917952879,0.234192265004699,0.5549974019961418,0.0140576463190273,0.3547591622186937,-0.4289470243255512,0.1273973104704045,0.0152293951960787,-0.4844704194330868,0.0027958011959606,0.1321402465769226,0.0524971529590221,0.9985628949714308,0.1299663533732784,0.000840779142992,0.8886985284243151,0.0002029185103068,0.0655687867978563,0.744738069547906,0.2297179975755858,0.3392542327168591,0.5052206273191041,0.3879438869616712,0.7122999315086683,0.3384193364242871,0.4399805827743853,0.5979807061899549,0.5142012940582728,0.5506605763784594,0.1221470276265178,0.1764238571785311,0.1479051156907494,0.4534504804121284,0.4591042182441102,0.3321146908352806,0.76,34863
0,0,0.6407610076381495,-0.2896312917778125,0.0510803894426436,-0.8516609922317621,0.132484428370131,0.5715371617460968,0.0541864731373086,-0.1417806950288363,-0.4864685772839422,0.1412870890189311,-0.0009688720422725,0.4060468917952879,0.234192265004699,0.5549974019961418,0.0140576463190273,0.3547591622186937,-0.4289470243255512,0.1273973104704045,0.0152293951960787,-0.4844704194330868,0.0027958011959606,0.1321402465769226,0.0524971529590221,0.9985628949714308,0.1299663533732784,0.000840779142992,0.8886985284243151,0.0002029185103068,0.0655687867978563,0.744738069547906,0.2297179975755858,0.3392542327168591,0.5052206273191041,0.3879438869616712,0.7122999315086683,0.3384193364242871,0.4399805827743853,0.5979807061899549,0.5142012940582728,0.5506605763784594,0.1221470276265178,0.1764238571785311,0.1479051156907494,0.4534504804121284,0.4591042182441102,0.3321146908352806,0.76,34873
0,0,-0.0976570696712949,-0.303445822275788,0.209233169238088,-0.8458416987549137,0.7234433133558472,-0.089313931531811,0.8472601410846784,-0.4708006294981575,0.0374032651754032,0.324445194392836,-0.4628981922133907,0.6434600851856822,0.1073997979753935,0.635329835353113,-0.7226059432698653,0.5505577881588465,-0.7282115449352902,-0.8667151757942182,-0.0808951040765371,-0.6143292066182173,0.0056177929309577,0.1323671002735115,0.0524723563733249,0.9986710552534168,0.1312477853329777,0.0010049369521102,0.883467083976676,0.0001,0.0662591936653835,0.7427017352116702,0.1557515119199026,0.0820792614383577,0.0001116847053189,0.2211245710257516,0.181502900706033,0.186699950451062,0.7582810671655017,0.5408754305132508,0.5620981523100528,0.0279247391516672,0.1467392210682328,0.1652119951905586,0.2103584302544819,0.454546075361101,0.4469489779939055,0.142638722993584,0.85,3488
0,0,0.6407610076381495,-0.2896312917778125,0.0510803894426436,-0.8516609922317621,0.132484428370131,0.5715371617460968,0.0541864731373086,-0.1417806950288363,-0.4864685772839422,0.1412870890189311,-0.0009688720422725,0.4060468917952879,0.234192265004699,0.5549974019961418,0.0140576463190273,0.3547591622186937,-0.4289470243255512,0.1273973104704045,0.0152293951960787,-0.4844704194330868,0.0027958011959606,0.1321402465769226,0.0524971529590221,0.9985628949714308,0.1299663533732784,0.000840779142992,0.8886985284243151,0.0002029185103068,0.0655687867978563,0.744738069547906,0.2297179975755858,0.3392542327168591,0.5052206273191041,0.3879438869616712,0.7122999315086683,0.3384193364242871,0.4399805827743853,0.5979807061899549,0.5142012940582728,0.5506605763784594,0.1221470276265178,0.1764238571785311,0.1479051156907494,0.4534504804121284,0.4591042182441102,0.3321146908352806,0.76,34891
0,0,0.6407610076381495,-0.2896312917778125,0.0510803894426436,-0.8516609922317621,0.132484428370131,0.5715371617460968,0.0541864731373086,-0.1417806950288363,-0.4864685772839422,0.1412870890189311,-0.0009688720422725,0.4060468917952879,0.234192265004699,0.5549974019961418,0.0140576463190273,0.3547591622186937,-0.4289470243255512,0.1273973104704045,0.0152293951960787,-0.4844704194330868,0.0027958011959606,0.1321402465769226,0.0524971529590221,0.9985628949714308,0.1299663533732784,0.000840779142992,0.8886985284243151,0.0002029185103068,0.0655687867978563,0.744738069547906,0.2297179975755858,0.3392542327168591,0.5052206273191041,0.3879438869616712,0.7122999315086683,0.3384193364242871,0.4399805827743853,0.5979807061899549,0.5142012940582728,0.5506605763784594,0.1221470276265178,0.1764238571785311,0.1479051156907494,0.4534504804121284,0.4591042182441102,0.3321146908352806,0.76,34910
0,0,0.6407610076381495,-0.2896312917778125,0.0510803894426436,-0.8516609922317621,0.132484428370131,0.5715371617460968,0.0541864731373086,-0.1417806950288363,-0.4864685772839422,0.1412870890189311,-0.0009688720422725,0.4060468917952879,0.234192265004699,0.5549974019961418,0.0140576463190273,0.3547591622186937,-0.4289470243255512,0.1273973104704045,0.0152293951960787,-0.4844704194330868,0.0027958011959606,0.1321402465769226,0.0524971529590221,0.9985628949714308,0.1299663533732784,0.000840779142992,0.8886985284243151,0.0002029185103068,0.0655687867978563,0.744738069547906,0.2297179975755858,0.3392542327168591,0.5052206273191041,0.3879438869616712,0.7122999315086683,0.3384193364242871,0.4399805827743853,0.5979807061899549,0.5142012940582728,0.5506605763784594,0.1221470276265178,0.1764238571785311,0.1479051156907494,0.4534504804121284,0.4591042182441102,0.3321146908352806,0.76,34929
0,0,0.6407610076381495,-0.2896312917778125,0.0510803894426436,-0.8516609922317621,0.132484428370131,0.5715371617460968,0.0541864731373086,-0.1417806950288363,-0.4864685772839422,0.1412870890189311,-0.0009688720422725,0.4060468917952879,0.234192265004699,0.5549974019961418,0.0140576463190273,0.3547591622186937,-0.4289470243255512,0.1273973104704045,0.0152293951960787,-0.4844704194330868,0.0027958011959606,0.1321402465769226,0.0524971529590221,0.9985628949714308,0.1299663533732784,0.000840779142992,0.8886985284243151,0.0002029185103068,0.0655687867978563,0.744738069547906,0.2297179975755858,0.3392542327168591,0.5052206273191041,0.3879438869616712,0.7122999315086683,0.3384193364242871,0.4399805827743853,0.5979807061899549,0.5142012940582728,0.5506605763784594,0.1221470276265178,0.1764238571785311,0.1479051156907494,0.4534504804121284,0.4591042182441102,0.3321146908352806,0.76,34949
0,0,0.6407610076381495,-0.2896312917778125,0.0510803894426436,-0.8516609922317621,0.132484428370131,0.5715371617460968,0.0541864731373086,-0.1417806950288363,-0.4864685772839422,0.1412870890189311,-0.0009688720422725,0.4060468917952879,0.234192265004699,0.5549974019961418,0.0140576463190273,0.3547591622186937,-0.4289470243255512,0.1273973104704045,0.0152293951960787,-0.4844704194330868,0.0027958011959606,0.1321402465769226,0.0524971529590221,0.9985628949714308,0.1299663533732784,0.000840779142992,0.8886985284243151,0.0002029185103068,0.0655687867978563,0.744738069547906,0.2297179975755858,0.3392542327168591,0.5052206273191041,0.3879438869616712,0.7122999315086683,0.3384193364242871,0.4399805827743853,0.5979807061899549,0.5142012940582728,0.5506605763784594,0.1221470276265178,0.1764238571785311,0.1479051156907494,0.4534504804121284,0.4591042182441102,0.3321146908352806,0.76,34959
0,0,0.6407610076381495,-0.2896312917778125,0.0510803894426436,-0.8516609922317621,0.132484428370131,0.5715371617460968,0.0541864731373086,-0.1417806950288363,-0.4864685772839422,0.1412870890189311,-0.0009688720422725,0.4060468917952879,0.234192265004699,0.5549974019961418,0.0140576463190273,0.3547591622186937,-0.4289470243255512,0.1273973104704045,0.0152293951960787,-0.4844704194330868,0.0027958011959606,0.1321402465769226,0.0524971529590221,0.9985628949714308,0.1299663533732784,0.000840779142992,0.8886985284243151,0.0002029185103068,0.0655687867978563,0.744738069547906,0.2297179975755858,0.3392542327168591,0.5052206273191041,0.3879438869616712,0.7122999315086683,0.3384193364242871,0.4399805827743853,0.5979807061899549,0.5142012940582728,0.5506605763784594,0.1221470276265178,0.1764238571785311,0.1479051156907494,0.4534504804121284,0.4591042182441102,0.3321146908352806,0.76,34969
0,0,0.6407610076381495,-0.2896312917778125,0.0510803894426436,-0.8516609922317621,0.132484428370131,0.5715371617460968,0.0541864731373086,-0.1417806950288363,-0.4864685772839422,0.1412870890189311,-0.0009688720422725,0.4060468917952879,0.234192265004699,0.5549974019961418,0.0140576463190273,0.3547591622186937,-0.4289470243255512,0.1273973104704045,0.0152293951960787,-0.4844704194330868,0.0027958011959606,0.1321402465769226,0.0524971529590221,0.9985628949714308,0.1299663533732784,0.000840779142992,0.8886985284243151,0.0002029185103068,0.0655687867978563,0.744738069547906,0.2297179975755858,0.3392542327168591,0.5052206273191041,0.3879438869616712,0.7122999315086683,0.3384193364242871,0.4399805827743853,0.5979807061899549,0.5142012940582728,0.5506605763784594,0.1221470276265178,0.1764238571785311,0.1479051156907494,0.4534504804121284,0.4591042182441102,0.3321146908352806,0.76,34979
0,0,0.6407610076381495,-0.2896312917778125,0.0510803894426436,-0.8516609922317621,0.132484428370131,0.5715371617460968,0.0541864731373086,-0.1417806950288363,-0.4864685772839422,0.1412870890189311,-0.0009688720422725,0.4060468917952879,0.234192265004699,0.5549974019961418,0.0140576463190273,0.3547591622186937,-0.4289470243255512,0.1273973104704045,0.0152293951960787,-0.4844704194330868,0.0027958011959606,0.1321402465769226,0.0524971529590221,0.9985628949714308,0.1299663533732784,0.000840779142992,0.8886985284243151,0.0002029185103068,0.0655687867978563,0.744738069547906,0.2297179975755858,0.3392542327168591,0.5052206273191041,0.3879438869616712,0.7122999315086683,0.3384193364242871,0.4399805827743853,0.5979807061899549,0.5142012940582728,0.5506605763784594,0.1221470276265178,0.1764238571785311,0.1479051156907494,0.4534504804121284,0.4591042182441102,0.3321146908352806,0.76,34989
0,0,0.6407610076381495,-0.2896312917778125,0.0510803894426436,-0.8516609922317621,0.132484428370131,0.5715371617460968,0.0541864731373086,-0.1417806950288363,-0.4864685772839422,0.1412870890189311,-0.0009688720422725,0.4060468917952879,0.234192265004699,0.5549974019961418,0.0140576463190273,0.3547591622186937,-0.4289470243255512,0.1273973104704045,0.0152293951960787,-0.4844704194330868,0.0027958011959606,0.1321402465769226,0.0524971529590221,0.9985628949714308,0.1299663533732784,0.000840779142992,0.8886985284243151,0.0002029185103068,0.0655687867978563,0.744738069547906,0.2297179975755858,0.3392542327168591,0.5052206273191041,0.3879438869616712,0.7122999315086683,0.3384193364242871,0.4399805827743853,0.5979807061899549,0.5142012940582728,0.5506605763784594,0.1221470276265178,0.1764238571785311,0.1479051156907494,0.4534504804121284,0.4591042182441102,0.3321146908352806,0.76,34999
0,0,0.6407610076381495,-0.2896312917778125,0.0510803894426436,-0.8516609922317621,0.132484428370131,0.5715371617460968,0.0541864731373086,-0.1417806950288363,-0.4864685772839422,0.1412870890189311,-0.0009688720422725,0.4060468917952879,0.234192265004699,0.5549974019961418,0.0140576463190273,0.3547591622186937,-0.4289470243255512,0.1273973104704045,0.0152293951960787,-0.4844704194330868,0.0027958011959606,0.1321402465769226,0.0524971529590221,0.9985628949714308,0.1299663533732784,0.000840779142992,0.8886985284243151,0.0002029185103068,0.0655687867978563,0.744738069547906,0.2297179975755858,0.3392542327168591,0.5052206273191041,0.3879438869616712,0.7122999315086683,0.3384193364242871,0.4399805827743853,0.5979807061899549,0.5142012940582728,0.5506605763784594,0.1221470276265178,0.1764238571785311,0.1479051156907494,0.4534504804121284,0.4591042182441102,0.3321146908352806,0.76,35009
0,0,0.6407610076381495,-0.2896312917778125,0.0510803894426436,-0.8516609922317621,0.132484428370131,0.5715371617460968,0.0541864731373086,-0.1417806950288363,-0.4864685772839422,0.1412870890189311,-0.0009688720422725,0.4060468917952879,0.234192265004699,0.5549974019961418,0.0140576463190273,0.3547591622186937,-0.4289470243255512,0.1273973104704045,0.0152293951960787,-0.4844704194330868,0.0027958011959606,0.1321402465769226,0.0524971529590221,0.9985628949714308,0.1299663533732784,0.000840779142992,0.8886985284243151,0.0002029185103068,0.0655687867978563,0.744738069547906,0.2297179975755858,0.3392542327168591,0.5052206273191041,0.3879438869616712,0.7122999315086683,0.3384193364242871,0.4399805827743853,0.5979807061899549,0.5142012940582728,0.5506605763784594,0.1221470276265178,0.1764238571785311,0.1479051156907494,0.4534504804121284,0.4591042182441102,0.3321146908352806,0.76,35019
0,0,0.6407610076381495,-0.2896312917778125,0.0510803894426436,-0.8516609922317621,0.132484428370131,0.5715371617460968,0.0541864731373086,-0.1417806950288363,-0.4864685772839422,0.1412870890189311,-0.0009688720422725,0.4060468917952879,0.234192265004699,0.5549974019961418,0.0140576463190273,0.3547591622186937,-0.4289470243255512,0.1273973104704045,0.0152293951960787,-0.4844704194330868,0.0027958011959606,0.1321402465769226,0.0524971529590221,0.9985628949714308,0.1299663533732784,0.000840779142992,0.8886985284243151,0.0002029185103068,0.0655687867978563,0.744738069547906,0.2297179975755858,0.3392542327168591,0.5052206273191041,0.3879438869616712,0.7122999315086683,0.3384193364242871,0.4399805827743853,0.5979807061899549,0.5142012940582728,0.5506605763784594,0.1221470276265178,0.1764238571785311,0.1479051156907494,0.4534504804121284,0.4591042182441102,0.3321146908352806,0.76,35030
0,0,0.6407610076381495,-0.2896312917778125,0.0510803894426436,-0.8516609922317621,0.132484428370131,0.5715371617460968,0.0541864731373086,-0.1417806950288363,-0.4864685772839422,0.1412870890189311,-0.0009688720422725,0.4060468917952879,0.234192265004699,0.5549974019961418,0.0140576463190273,0.3547591622186937,-0.4289470243255512,0.1273973104704045,0.0152293951960787,-0.4844704194330868,0.0027958011959606,0.1321402465769226,0.0524971529590221,0.9985628949714308,0.1299663533732784,0.000840779142992,0.8886985284243151,0.0002029185103068,0.0655687867978563,0.744738069547906,0.2297179975755858,0.3392542327168591,0.5052206273191041,0.3879438869616712,0.7122999315086683,0.3384193364242871,0.4399805827743853,0.5979807061899549,0.5142012940582728,0.5506605763784594,0.1221470276265178,0.1764238571785311,0.1479051156907494,0.4534504804121284,0.4591042182441102,0.3321146908352806,0.76,35041
0,0,0.6407610076381495,-0.2896312917778125,0.0510803894426436,-0.8516609922317621,0.132484428370131,0.5715371617460968,0.0541864731373086,-0.1417806950288363,-0.4864685772839422,0.1412870890189311,-0.0009688720422725,0.4060468917952879,0.234192265004699,0.5549974019961418,0.0140576463190273,0.3547591622186937,-0.4289470243255512,0.1273973104704045,0.0152293951960787,-0.4844704194330868,0.0027958011959606,0.1321402465769226,0.0524971529590221,0.9985628949714308,0.1299663533732784,0.000840779142992,0.8886985284243151,0.0002029185103068,0.0655687867978563,0.744738069547906,0.2297179975755858,0.3392542327168591,0.5052206273191041,0.3879438869616712,0.7122999315086683,0.3384193364242871,0.4399805827743853,0.5979807061899549,0.5142012940582728,0.5506605763784594,0.1221470276265178,0.1764238571785311,0.1479051156907494,0.4534504804121284,0.4591042182441102,0.3321146908352806,0.76,35052
0,0,0.6407610076381495,-0.2896312917778125,0.0510803894426436,-0.8516609922317621,0.132484428370131,0.5715371617460968,0.0541864731373086,-0.1417806950288363,-0.4864685772839422,0.1412870890189311,-0.0009688720422725,0.4060468917952879,0.234192265004699,0.5549974019961418,0.0140576463190273,0.3547591622186937,-0.4289470243255512,0.1273973104704045,0.0152293951960787,-0.4844704194330868,0.0027958011959606,0.1321402465769226,0.0524971529590221,0.9985628949714308,0.1299663533732784,0.000840779142992,0.8886985284243151,0.0002029185103068,0.0655687867978563,0.744738069547906,0.2297179975755858,0.3392542327168591,0.5052206273191041,0.3879438869616712,0.7122999315086683,0.3384193364242871,0.4399805827743853,0.5979807061899549,0.5142012940582728,0.5506605763784594,0.1221470276265178,0.1764238571785311,0.1479051156907494,0.4534504804121284,0.4591042182441102,0.3321146908352806,0.76,35062
0,0,0.6407610076381495,-0.2896312917778125,0.0510803894426436,-0.8516609922317621,0.132484428370131,0.5715371617460968,0.0541864731373086,-0.1417806950288363,-0.4864685772839422,0.1412870890189311,-0.0009688720422725,0.4060468917952879,0.234192265004699,0.5549974019961418,0.0140576463190273,0.3547591622186937,-0.4289470243255512,0.1273973104704045,0.0152293951960787,-0.4844704194330868,0.0027958011959606,0.1321402465769226,0.0524971529590221,0.9985628949714308,0.1299663533732784,0.000840779142992,0.8886985284243151,0.0002029185103068,0.0655687867978563,0.744738069547906,0.2297179975755858,0.3392542327168591,0.5052206273191041,0.3879438869616712,0.7122999315086683,0.3384193364242871,0.4399805827743853,0.5979807061899549,0.5142012940582728,0.5506605763784594,0.1221470276265178,0.1764238571785311,0.1479051156907494,0.4534504804121284,0.4591042182441102,0.3321146908352806,0.76,35081
0,0,0.6407610076381495,-0.2896312917778125,0.0510803894426436,-0.8516609922317621,0.132484428370131,0.5715371617460968,0.0541864731373086,-0.1417806950288363,-0.4864685772839422,0.1412870890189311,-0.0009688720422725,0.4060468917952879,0.234192265004699,0.5549974019961418,0.0140576463190273,0.3547591622186937,-0.4289470243255512,0.1273973104704045,0.0152293951960787,-0.4844704194330868,0.0027958011959606,0.1321402465769226,0.0524971529590221,0.9985628949714308,0.1299663533732784,0.000840779142992,0.8886985284243151,0.0002029185103068,0.0655687867978563,0.744738069547906,0.2297179975755858,0.3392542327168591,0.5052206273191041,0.3879438869616712,0.7122999315086683,0.3384193364242871,0.4399805827743853,0.5979807061899549,0.5142012940582728,0.5506605763784594,0.1221470276265178,0.1764238571785311,0.1479051156907494,0.4534504804121284,0.4591042182441102,0.3321146908352806,0.76,35091
0,0,0.6407610076381495,-0.2896312917778125,0.0510803894426436,-0.8516609922317621,0.132484428370131,0.5715371617460968,0.0541864731373086,-0.1417806950288363,-0.4864685772839422,0.1412870890189311,-0.0009688720422725,0.4060468917952879,0.234192265004699,0.5549974019961418,0.0140576463190273,0.3547591622186937,-0.4289470243255512,0.1273973104704045,0.0152293951960787,-0.4844704194330868,0.0027958011959606,0.1321402465769226,0.0524971529590221,0.9985628949714308,0.1299663533732784,0.000840779142992,0.8886985284243151,0.0002029185103068,0.0655687867978563,0.744738069547906,0.2297179975755858,0.3392542327168591,0.5052206273191041,0.3879438869616712,0.7122999315086683,0.3384193364242871,0.4399805827743853,0.5979807061899549,0.5142012940582728,0.5506605763784594,0.1221470276265178,0.1764238571785311,0.1479051156907494,0.4534504804121284,0.4591042182441102,0.3321146908352806,0.76,35102
0,0,0.6407610076381495,-0.2896312917778125,0.0510803894426436,-0.8516609922317621,0.132484428370131,0.5715371617460968,0.0541864731373086,-0.1417806950288363,-0.4864685772839422,0.1412870890189311,-0.0009688720422725,0.4060468917952879,0.234192265004699,0.5549974019961418,0.0140576463190273,0.3547591622186937,-0.4289470243255512,0.1273973104704045,0.0152293951960787,-0.4844704194330868,0.0027958011959606,0.1321402465769226,0.0524971529590221,0.9985628949714308,0.1299663533732784,0.000840779142992,0.8886985284243151,0.0002029185103068,0.0655687867978563,0.744738069547906,0.2297179975755858,0.3392542327168591,0.5052206273191041,0.3879438869616712,0.7122999315086683,0.3384193364242871,0.4399805827743853,0.5979807061899549,0.5142012940582728,0.5506605763784594,0.1221470276265178,0.1764238571785311,0.1479051156907494,0.4534504804121284,0.4591042182441102,0.3321146908352806,0.76,35112
0,0,0.6407610076381495,-0.2896312917778125,0.0510803894426436,-0.8516609922317621,0.132484428370131,0.5715371617460968,0.0541864731373086,-0.1417806950288363,-0.4864685772839422,0.1412870890189311,-0.0009688720422725,0.4060468917952879,0.234192265004699,0.5549974019961418,0.0140576463190273,0.3547591622186937,-0.4289470243255512,0.1273973104704045,0.0152293951960787,-0.4844704194330868,0.0027958011959606,0.1321402465769226,0.0524971529590221,0.9985628949714308,0.1299663533732784,0.000840779142992,0.8886985284243151,0.0002029185103068,0.0655687867978563,0.744738069547906,0.2297179975755858,0.3392542327168591,0.5052206273191041,0.3879438869616712,0.7122999315086683,0.3384193364242871,0.4399805827743853,0.5979807061899549,0.5142012940582728,0.5506605763784594,0.1221470276265178,0.1764238571785311,0.1479051156907494,0.4534504804121284,0.4591042182441102,0.3321146908352806,0.76,35123
0,0,0.6407610076381495,-0.2896312917778125,0.0510803894426436,-0.8516609922317621,0.132484428370131,0.5715371617460968,0.0541864731373086,-0.1417806950288363,-0.4864685772839422,0.1412870890189311,-0.0009688720422725,0.4060468917952879,0.234192265004699,0.5549974019961418,0.0140576463190273,0.3547591622186937,-0.4289470243255512,0.1273973104704045,0.0152293951960787,-0.4844704194330868,0.0027958011959606,0.1321402465769226,0.0524971529590221,0.9985628949714308,0.1299663533732784,0.000840779142992,0.8886985284243151,0.0002029185103068,0.0655687867978563,0.744738069547906,0.2297179975755858,0.3392542327168591,0.5052206273191041,0.3879438869616712,0.7122999315086683,0.3384193364242871,0.4399805827743853,0.5979807061899549,0.5142012940582728,0.5506605763784594,0.1221470276265178,0.1764238571785311,0.1479051156907494,0.4534504804121284,0.4591042182441102,0.3321146908352806,0.76,35133
0,0,0.6407610076381495,-0.2896312917778125,0.0510803894426436,-0.8516609922317621,0.132484428370131,0.5715371617460968,0.0541864731373086,-0.1417806950288363,-0.4864685772839422,0.1412870890189311,-0.0009688720422725,0.4060468917952879,0.234192265004699,0.5549974019961418,0.0140576463190273,0.3547591622186937,-0.4289470243255512,0.1273973104704045,0.0152293951960787,-0.4844704194330868,0.0027958011959606,0.1321402465769226,0.0524971529590221,0.9985628949714308,0.1299663533732784,0.000840779142992,0.8886985284243151,0.0002029185103068,0.0655687867978563,0.744738069547906,0.2297179975755858,0.3392542327168591,0.5052206273191041,0.3879438869616712,0.7122999315086683,0.3384193364242871,0.4399805827743853,0.5979807061899549,0.5142012940582728,0.5506605763784594,0.1221470276265178,0.1764238571785311,0.1479051156907494,0.4534504804121284,0.4591042182441102,0.3321146908352806,0.76,35152
0,0,0.6407610076381495,-0.2896312917778125,0.0510803894426436,-0.8516609922317621,0.132484428370131,0.5715371617460968,0.0541864731373086,-0.1417806950288363,-0.4864685772839422,0.1412870890189311,-0.0009688720422725,0.4060468917952879,0.234192265004699,0.5549974019961418,0.0140576463190273,0.3547591622186937,-0.4289470243255512,0.1273973104704045,0.0152293951960787,-0.4844704194330868,0.0027958011959606,0.1321402465769226,0.0524971529590221,0.9985628949714308,0.1299663533732784,0.000840779142992,0.8886985284243151,0.0002029185103068,0.0655687867978563,0.744738069547906,0.2297179975755858,0.3392542327168591,0.5052206273191041,0.3879438869616712,0.7122999315086683,0.3384193364242871,0.4399805827743853,0.5979807061899549,0.5142012940582728,0.5506605763784594,0.1221470276265178,0.1764238571785311,0.1479051156907494,0.4534504804121284,0.4591042182441102,0.3321146908352806,0.76,35171
0,0,0.6407610076381495,-0.2896312917778125,0.0510803894426436,-0.8516609922317621,0.132484428370131,0.5715371617460968,0.0541864731373086,-0.1417806950288363,-0.4864685772839422,0.1412870890189311,-0.0009688720422725,0.4060468917952879,0.234192265004699,0.5549974019961418,0.0140576463190273,0.3547591622186937,-0.4289470243255512,0.1273973104704045,0.0152293951960787,-0.4844704194330868,0.0027958011959606,0.1321402465769226,0.0524971529590221,0.9985628949714308,0.1299663533732784,0.000840779142992,0.8886985284243151,0.0002029185103068,0.0655687867978563,0.744738069547906,0.2297179975755858,0.3392542327168591,0.5052206273191041,0.3879438869616712,0.7122999315086683,0.3384193364242871,0.4399805827743853,0.5979807061899549,0.5142012940582728,0.5506605763784594,0.1221470276265178,0.1764238571785311,0.1479051156907494,0.4534504804121284,0.4591042182441102,0.3321146908352806,0.76,35190
0,0,0.6407610076381495,-0.2896312917778125,0.0510803894426436,-0.8516609922317621,0.132484428370131,0.5715371617460968,0.0541864731373086,-0.1417806950288363,-0.4864685772839422,0.1412870890189311,-0.0009688720422725,0.4060468917952879,0.234192265004699,0.5549974019961418,0.0140576463190273,0.3547591622186937,-0.4289470243255512,0.1273973104704045,0.0152293951960787,-0.4844704194330868,0.0027958011959606,0.1321402465769226,0.0524971529590221,0.9985628949714308,0.1299663533732784,0.000840779142992,0.8886985284243151,0.0002029185103068,0.0655687867978563,0.744738069547906,0.2297179975755858,0.3392542327168591,0.5052206273191041,0.3879438869616712,0.7122999315086683,0.3384193364242871,0.4399805827743853,0.5979807061899549,0.5142012940582728,0.5506605763784594,0.1221470276265178,0.1764238571785311,0.1479051156907494,0.4534504804121284,0.4591042182441102,0.3321146908352806,0.76,35210
0,0,0.6407610076381495,-0.2896312917778125,0.0510803894426436,-0.8516609922317621,0.132484428370131,0.5715371617460968,0.0541864731373086,-0.1417806950288363,-0.4864685772839422,0.1412870890189311,-0.0009688720422725,0.4060468917952879,0.234192265004699,0.5549974019961418,0.0140576463190273,0.3547591622186937,-0.4289470243255512,0.1273973104704045,0.0152293951960787,-0.4844704194330868,0.0027958011959606,0.1321402465769226,0.0524971529590221,0.9985628949714308,0.1299663533732784,0.000840779142992,0.8886985284243151,0.0002029185103068,0.0655687867978563,0.744738069547906,0.2297179975755858,0.3392542327168591,0.5052206273191041,0.3879438869616712,0.7122999315086683,0.3384193364242871,0.4399805827743853,0.5979807061899549,0.5142012940582728,0.5506605763784594,0.1221470276265178,0.1764238571785311,0.1479051156907494,0.4534504804121284,0.4591042182441102,0.3321146908352806,0.76,35220
0,0,0.6407610076381495,-0.2896312917778125,0.0510803894426436,-0.8516609922317621,0.132484428370131,0.5715371617460968,0.0541864731373086,-0.1417806950288363,-0.4864685772839422,0.1412870890189311,-0.0009688720422725,0.4060468917952879,0.234192265004699,0.5549974019961418,0.0140576463190273,0.3547591622186937,-0.4289470243255512,0.1273973104704045,0.0152293951960787,-0.4844704194330868,0.0027958011959606,0.1321402465769226,0.0524971529590221,0.9985628949714308,0.1299663533732784,0.000840779142992,0.8886985284243151,0.0002029185103068,0.0655687867978563,0.744738069547906,0.2297179975755858,0.3392542327168591,0.5052206273191041,0.3879438869616712,0.7122999315086683,0.3384193364242871,0.4399805827743853,0.5979807061899549,0.5142012940582728,0.5506605763784594,0.1221470276265178,0.1764238571785311,0.1479051156907494,0.4534504804121284,0.4591042182441102,0.3321146908352806,0.76,35231
0,0,0.6407610076381495,-0.2896312917778125,0.0510803894426436,-0.8516609922317621,0.132484428370131,0.5715371617460968,0.0541864731373086,-0.1417806950288363,-0.4864685772839422,0.1412870890189311,-0.0009688720422725,0.4060468917952879,0.234192265004699,0.5549974019961418,0.0140576463190273,0.3547591622186937,-0.4289470243255512,0.1273973104704045,0.0152293951960787,-0.4844704194330868,0.0027958011959606,0.1321402465769226,0.0524971529590221,0.9985628949714308,0.1299663533732784,0.000840779142992,0.8886985284243151,0.0002029185103068,0.0655687867978563,0.744738069547906,0.2297179975755858,0.3392542327168591,0.5052206273191041,0.3879438869616712,0.7122999315086683,0.3384193364242871,0.4399805827743853,0.5979807061899549,0.5142012940582728,0.5506605763784594,0.1221470276265178,0.1764238571785311,0.1479051156907494,0.4534504804121284,0.4591042182441102,0.3321146908352806,0.76,35241
0,0,0.6407610076381495,-0.2896312917778125,0.0510803894426436,-0.8516609922317621,0.132484428370131,0.5715371617460968,0.0541864731373086,-0.1417806950288363,-0.4864685772839422,0.1412870890189311,-0.0009688720422725,0.4060468917952879,0.234192265004699,0.5549974019961418,0.0140576463190273,0.3547591622186937,-0.4289470243255512,0.1273973104704045,0.0152293951960787,-0.4844704194330868,0.0027958011959606,0.1321402465769226,0.0524971529590221,0.9985628949714308,0.1299663533732784,0.000840779142992,0.8886985284243151,0.0002029185103068,0.0655687867978563,0.744738069547906,0.2297179975755858,0.3392542327168591,0.5052206273191041,0.3879438869616712,0.7122999315086683,0.3384193364242871,0.4399805827743853,0.5979807061899549,0.5142012940582728,0.5506605763784594,0.1221470276265178,0.1764238571785311,0.1479051156907494,0.4534504804121284,0.4591042182441102,0.3321146908352806,0.76,35251
0,0,0.6407610076381495,-0.2896312917778125,0.0510803894426436,-0.8516609922317621,0.132484428370131,0.5715371617460968,0.0541864731373086,-0.1417806950288363,-0.4864685772839422,0.1412870890189311,-0.0009688720422725,0.4060468917952879,0.234192265004699,0.5549974019961418,0.0140576463190273,0.3547591622186937,-0.4289470243255512,0.1273973104704045,0.0152293951960787,-0.4844704194330868,0.0027958011959606,0.1321402465769226,0.0524971529590221,0.9985628949714308,0.1299663533732784,0.000840779142992,0.8886985284243151,0.0002029185103068,0.0655687867978563,0.744738069547906,0.2297179975755858,0.3392542327168591,0.5052206273191041,0.3879438869616712,0.7122999315086683,0.3384193364242871,0.4399805827743853,0.5979807061899549,0.5142012940582728,0.5506605763784594,0.1221470276265178,0.1764238571785311,0.1479051156907494,0.4534504804121284,0.4591042182441102,0.3321146908352806,0.76,35262
0,0,0.6407610076381495,-0.2896312917778125,0.0510803894426436,-0.8516609922317621,0.132484428370131,0.5715371617460968,0.0541864731373086,-0.1417806950288363,-0.4864685772839422,0.1412870890189311,-0.0009688720422725,0.4060468917952879,0.234192265004699,0.5549974019961418,0.0140576463190273,0.3547591622186937,-0.4289470243255512,0.1273973104704045,0.0152293951960787,-0.4844704194330868,0.0027958011959606,0.1321402465769226,0.0524971529590221,0.9985628949714308,0.1299663533732784,0.000840779142992,0.8886985284243151,0.0002029185103068,0.0655687867978563,0.744738069547906,0.2297179975755858,0.3392542327168591,0.5052206273191041,0.3879438869616712,0.7122999315086683,0.3384193364242871,0.4399805827743853,0.5979807061899549,0.5142012940582728,0.5506605763784594,0.1221470276265178,0.1764238571785311,0.1479051156907494,0.4534504804121284,0.4591042182441102,0.3321146908352806,0.76,35273
0,0,0.6407610076381495,-0.2896312917778125,0.0510803894426436,-0.8516609922317621,0.132484428370131,0.5715371617460968,0.0541864731373086,-0.1417806950288363,-0.4864685772839422,0.1412870890189311,-0.0009688720422725,0.4060468917952879,0.234192265004699,0.5549974019961418,0.0140576463190273,0.3547591622186937,-0.4289470243255512,0.1273973104704045,0.0152293951960787,-0.4844704194330868,0.0027958011959606,0.1321402465769226,0.0524971529590221,0.9985628949714308,0.1299663533732784,0.000840779142992,0.8886985284243151,0.0002029185103068,0.0655687867978563,0.744738069547906,0.2297179975755858,0.3392542327168591,0.5052206273191041,0.3879438869616712,0.7122999315086683,0.3384193364242871,0.4399805827743853,0.5979807061899549,0.5142012940582728,0.5506605763784594,0.1221470276265178,0.1764238571785311,0.1479051156907494,0.4534504804121284,0.4591042182441102,0.3321146908352806,0.76,35283
0,0,0.6407610076381495,-0.2896312917778125,0.0510803894426436,-0.8516609922317621,0.132484428370131,0.5715371617460968,0.0541864731373086,-0.1417806950288363,-0.4864685772839422,0.1412870890189311,-0.0009688720422725,0.4060468917952879,0.234192265004699,0.5549974019961418,0.0140576463190273,0.3547591622186937,-0.4289470243255512,0.1273973104704045,0.0152293951960787,-0.4844704194330868,0.0027958011959606,0.1321402465769226,0.0524971529590221,0.9985628949714308,0.1299663533732784,0.000840779142992,0.8886985284243151,0.0002029185103068,0.0655687867978563,0.744738069547906,0.2297179975755858,0.3392542327168591,0.5052206273191041,0.3879438869616712,0.7122999315086683,0.3384193364242871,0.4399805827743853,0.5979807061899549,0.5142012940582728,0.5506605763784594,0.1221470276265178,0.1764238571785311,0.1479051156907494,0.4534504804121284,0.4591042182441102,0.3321146908352806,0.76,35293
0,0,0.6407610076381495,-0.2896312917778125,0.0510803894426436,-0.8516609922317621,0.132484428370131,0.5715371617460968,0.0541864731373086,-0.1417806950288363,-0.4864685772839422,0.1412870890189311,-0.0009688720422725,0.4060468917952879,0.234192265004699,0.5549974019961418,0.0140576463190273,0.3547591622186937,-0.4289470243255512,0.1273973104704045,0.0152293951960787,-0.4844704194330868,0.0027958011959606,0.1321402465769226,0.0524971529590221,0.9985628949714308,0.1299663533732784,0.000840779142992,0.8886985284243151,0.0002029185103068,0.0655687867978563,0.744738069547906,0.2297179975755858,0.3392542327168591,0.5052206273191041,0.3879438869616712,0.7122999315086683,0.3384193364242871,0.4399805827743853,0.5979807061899549,0.5142012940582728,0.5506605763784594,0.1221470276265178,0.1764238571785311,0.1479051156907494,0.4534504804121284,0.4591042182441102,0.3321146908352806,0.76,35304
0,0,0.6407610076381495,-0.2896312917778125,0.0510803894426436,-0.8516609922317621,0.132484428370131,0.5715371617460968,0.0541864731373086,-0.1417806950288363,-0.4864685772839422,0.1412870890189311,-0.0009688720422725,0.4060468917952879,0.234192265004699,0.5549974019961418,0.0140576463190273,0.3547591622186937,-0.4289470243255512,0.1273973104704045,0.0152293951960787,-0.4844704194330868,0.0027958011959606,0.1321402465769226,0.0524971529590221,0.9985628949714308,0.1299663533732784,0.000840779142992,0.8886985284243151,0.0002029185103068,0.0655687867978563,0.744738069547906,0.2297179975755858,0.3392542327168591,0.5052206273191041,0.3879438869616712,0.7122999315086683,0.3384193364242871,0.4399805827743853,0.5979807061899549,0.5142012940582728,0.5506605763784594,0.1221470276265178,0.1764238571785311,0.1479051156907494,0.4534504804121284,0.4591042182441102,0.3321146908352806,0.76,35314
0,0,0.6407610076381495,-0.2896312917778125,0.0510803894426436,-0.8516609922317621,0.132484428370131,0.5715371617460968,0.0541864731373086,-0.1417806950288363,-0.4864685772839422,0.1412870890189311,-0.0009688720422725,0.4060468917952879,0.234192265004699,0.5549974019961418,0.0140576463190273,0.3547591622186937,-0.4289470243255512,0.1273973104704045,0.0152293951960787,-0.4844704194330868,0.0027958011959606,0.1321402465769226,0.0524971529590221,0.9985628949714308,0.1299663533732784,0.000840779142992,0.8886985284243151,0.0002029185103068,0.0655687867978563,0.744738069547906,0.2297179975755858,0.3392542327168591,0.5052206273191041,0.3879438869616712,0.7122999315086683,0.3384193364242871,0.4399805827743853,0.5979807061899549,0.5142012940582728,0.5506605763784594,0.1221470276265178,0.1764238571785311,0.1479051156907494,0.4534504804121284,0.4591042182441102,0.3321146908352806,0.76,35324
0,0,0.6407610076381495,-0.2896312917778125,0.0510803894426436,-0.8516609922317621,0.132484428370131,0.5715371617460968,0.0541864731373086,-0.1417806950288363,-0.4864685772839422,0.1412870890189311,-0.0009688720422725,0.4060468917952879,0.234192265004699,0.5549974019961418,0.0140576463190273,0.3547591622186937,-0.4289470243255512,0.1273973104704045,0.0152293951960787,-0.4844704194330868,0.0027958011959606,0.1321402465769226,0.0524971529590221,0.9985628949714308,0.1299663533732784,0.000840779142992,0.8886985284243151,0.0002029185103068,0.0655687867978563,0.744738069547906,0.2297179975755858,0.3392542327168591,0.5052206273191041,0.3879438869616712,0.7122999315086683,0.3384193364242871,0.4399805827743853,0.5979807061899549,0.5142012940582728,0.5506605763784594,0.1221470276265178,0.1764238571785311,0.1479051156907494,0.4534504804121284,0.4591042182441102,0.3321146908352806,0.76,35334
0,0,0.6407610076381495,-0.2896312917778125,0.0510803894426436,-0.8516609922317621,0.132484428370131,0.5715371617460968,0.0541864731373086,-0.1417806950288363,-0.4864685772839422,0.1412870890189311,-0.0009688720422725,0.4060468917952879,0.234192265004699,0.5549974019961418,0.0140576463190273,0.3547591622186937,-0.4289470243255512,0.1273973104704045,0.0152293951960787,-0.4844704194330868,0.0027958011959606,0.1321402465769226,0.0524971529590221,0.9985628949714308,0.1299663533732784,0.000840779142992,0.8886985284243151,0.0002029185103068,0.0655687867978563,0.744738069547906,0.2297179975755858,0.3392542327168591,0.5052206273191041,0.3879438869616712,0.7122999315086683,0.3384193364242871,0.4399805827743853,0.5979807061899549,0.5142012940582728,0.5506605763784594,0.1221470276265178,0.1764238571785311,0.1479051156907494,0.4534504804121284,0.4591042182441102,0.3321146908352806,0.76,35344
0,0,0.6407610076381495,-0.2896312917778125,0.0510803894426436,-0.8516609922317621,0.132484428370131,0.5715371617460968,0.0541864731373086,-0.1417806950288363,-0.4864685772839422,0.1412870890189311,-0.0009688720422725,0.4060468917952879,0.234192265004699,0.5549974019961418,0.0140576463190273,0.3547591622186937,-0.4289470243255512,0.1273973104704045,0.0152293951960787,-0.4844704194330868,0.0027958011959606,0.1321402465769226,0.0524971529590221,0.9985628949714308,0.1299663533732784,0.000840779142992,0.8886985284243151,0.0002029185103068,0.0655687867978563,0.744738069547906,0.2297179975755858,0.3392542327168591,0.5052206273191041,0.3879438869616712,0.7122999315086683,0.3384193364242871,0.4399805827743853,0.5979807061899549,0.5142012940582728,0.5506605763784594,0.1221470276265178,0.1764238571785311,0.1479051156907494,0.4534504804121284,0.4591042182441102,0.3321146908352806,0.76,35355
0,0,0.6407610076381495,-0.2896312917778125,0.0510803894426436,-0.8516609922317621,0.132484428370131,0.5715371617460968,0.0541864731373086,-0.1417806950288363,-0.4864685772839422,0.1412870890189311,-0.0009688720422725,0.4060468917952879,0.234192265004699,0.5549974019961418,0.0140576463190273,0.3547591622186937,-0.4289470243255512,0.1273973104704045,0.0152293951960787,-0.4844704194330868,0.0027958011959606,0.1321402465769226,0.0524971529590221,0.9985628949714308,0.1299663533732784,0.000840779142992,0.8886985284243151,0.0002029185103068,0.0655687867978563,0.744738069547906,0.2297179975755858,0.3392542327168591,0.5052206273191041,0.3879438869616712,0.7122999315086683,0.3384193364242871,0.4399805827743853,0.5979807061899549,0.5142012940582728,0.5506605763784594,0.1221470276265178,0.1764238571785311,0.1479051156907494,0.4534504804121284,0.4591042182441102,0.3321146908352806,0.76,35374
0,0,0.6407610076381495,-0.2896312917778125,0.0510803894426436,-0.8516609922317621,0.132484428370131,0.5715371617460968,0.0541864731373086,-0.1417806950288363,-0.4864685772839422,0.1412870890189311,-0.0009688720422725,0.4060468917952879,0.234192265004699,0.5549974019961418,0.0140576463190273,0.3547591622186937,-0.4289470243255512,0.1273973104704045,0.0152293951960787,-0.4844704194330868,0.0027958011959606,0.1321402465769226,0.0524971529590221,0.9985628949714308,0.1299663533732784,0.000840779142992,0.8886985284243151,0.0002029185103068,0.0655687867978563,0.744738069547906,0.2297179975755858,0.3392542327168591,0.5052206273191041,0.3879438869616712,0.7122999315086683,0.3384193364242871,0.4399805827743853,0.5979807061899549,0.5142012940582728,0.5506605763784594,0.1221470276265178,0.1764238571785311,0.1479051156907494,0.4534504804121284,0.4591042182441102,0.3321146908352806,0.76,35390
0,0,0.6407610076381495,-0.2896312917778125,0.0510803894426436,-0.8516609922317621,0.132484428370131,0.5715371617460968,0.0541864731373086,-0.1417806950288363,-0.4864685772839422,0.1412870890189311,-0.0009688720422725,0.4060468917952879,0.234192265004699,0.5549974019961418,0.0140576463190273,0.3547591622186937,-0.4289470243255512,0.1273973104704045,0.0152293951960787,-0.4844704194330868,0.0027958011959606,0.1321402465769226,0.0524971529590221,0.9985628949714308,0.1299663533732784,0.000840779142992,0.8886985284243151,0.0002029185103068,0.0655687867978563,0.744738069547906,0.2297179975755858,0.3392542327168591,0.5052206273191041,0.3879438869616712,0.7122999315086683,0.3384193364242871,0.4399805827743853,0.5979807061899549,0.5142012940582728,0.5506605763784594,0.1221470276265178,0.1764238571785311,0.1479051156907494,0.4534504804121284,0.4591042182441102,0.3321146908352806,0.76,35400
0,0,0.6407610076381495,-0.2896312917778125,0.0510803894426436,-0.8516609922317621,0.132484428370131,0.5715371617460968,0.0541864731373086,-0.1417806950288363,-0.4864685772839422,0.1412870890189311,-0.0009688720422725,0.4060468917952879,0.234192265004699,0.5549974019961418,0.0140576463190273,0.3547591622186937,-0.4289470243255512,0.1273973104704045,0.0152293951960787,-0.4844704194330868,0.0027958011959606,0.1321402465769226,0.0524971529590221,0.9985628949714308,0.1299663533732784,0.000840779142992,0.8886985284243151,0.0002029185103068,0.0655687867978563,0.744738069547906,0.2297179975755858,0.3392542327168591,0.5052206273191041,0.3879438869616712,0.7122999315086683,0.3384193364242871,0.4399805827743853,0.5979807061899549,0.5142012940582728,0.5506605763784594,0.1221470276265178,0.1764238571785311,0.1479051156907494,0.4534504804121284,0.4591042182441102,0.3321146908352806,0.76,35410
0,0,0.6407610076381495,-0.2896312917778125,0.0510803894426436,-0.8516609922317621,0.132484428370131,0.5715371617460968,0.0541864731373086,-0.1417806950288363,-0.4864685772839422,0.1412870890189311,-0.0009688720422725,0.4060468917952879,0.234192265004699,0.5549974019961418,0.0140576463190273,0.3547591622186937,-0.4289470243255512,0.1273973104704045,0.0152293951960787,-0.4844704194330868,0.0027958011959606,0.1321402465769226,0.0524971529590221,0.9985628949714308,0.1299663533732784,0.000840779142992,0.8886985284243151,0.0002029185103068,0.0655687867978563,0.744738069547906,0.2297179975755858,0.3392542327168591,0.5052206273191041,0.3879438869616712,0.7122999315086683,0.3384193364242871,0.4399805827743853,0.5979807061899549,0.5142012940582728,0.5506605763784594,0.1221470276265178,0.1764238571785311,0.1479051156907494,0.4534504804121284,0.4591042182441102,0.3321146908352806,0.76,35421
0,0,0.6407610076381495,-0.2896312917778125,0.0510803894426436,-0.8516609922317621,0.132484428370131,0.5715371617460968,0.0541864731373086,-0.1417806950288363,-0.4864685772839422,0.1412870890189311,-0.0009688720422725,0.4060468917952879,0.234192265004699,0.5549974019961418,0.0140576463190273,0.3547591622186937,-0.4289470243255512,0.1273973104704045,0.0152293951960787,-0.4844704194330868,0.0027958011959606,0.1321402465769226,0.0524971529590221,0.9985628949714308,0.1299663533732784,0.000840779142992,0.8886985284243151,0.0002029185103068,0.0655687867978563,0.744738069547906,0.2297179975755858,0.3392542327168591,0.5052206273191041,0.3879438869616712,0.7122999315086683,0.3384193364242871,0.4399805827743853,0.5979807061899549,0.5142012940582728,0.5506605763784594,0.1221470276265178,0.1764238571785311,0.1479051156907494,0.4534504804121284,0.4591042182441102,0.3321146908352806,0.76,35431
0,0,0.6407610076381495,-0.2896312917778125,0.0510803894426436,-0.8516609922317621,0.132484428370131,0.5715371617460968,0.0541864731373086,-0.1417806950288363,-0.4864685772839422,0.1412870890189311,-0.0009688720422725,0.4060468917952879,0.234192265004699,0.5549974019961418,0.0140576463190273,0.3547591622186937,-0.4289470243255512,0.1273973104704045,0.0152293951960787,-0.4844704194330868,0.0027958011959606,0.1321402465769226,0.0524971529590221,0.9985628949714308,0.1299663533732784,0.000840779142992,0.8886985284243151,0.0002029185103068,0.0655687867978563,0.744738069547906,0.2297179975755858,0.3392542327168591,0.5052206273191041,0.3879438869616712,0.7122999315086683,0.3384193364242871,0.4399805827743853,0.5979807061899549,0.5142012940582728,0.5506605763784594,0.1221470276265178,0.1764238571785311,0.1479051156907494,0.4534504804121284,0.4591042182441102,0.3321146908352806,0.76,35441
0,0,0.6407610076381495,-0.2896312917778125,0.0510803894426436,-0.8516609922317621,0.132484428370131,0.5715371617460968,0.0541864731373086,-0.1417806950288363,-0.4864685772839422,0.1412870890189311,-0.0009688720422725,0.4060468917952879,0.234192265004699,0.5549974019961418,0.0140576463190273,0.3547591622186937,-0.4289470243255512,0.1273973104704045,0.0152293951960787,-0.4844704194330868,0.0027958011959606,0.1321402465769226,0.0524971529590221,0.9985628949714308,0.1299663533732784,0.000840779142992,0.8886985284243151,0.0002029185103068,0.0655687867978563,0.744738069547906,0.2297179975755858,0.3392542327168591,0.5052206273191041,0.3879438869616712,0.7122999315086683,0.3384193364242871,0.4399805827743853,0.5979807061899549,0.5142012940582728,0.5506605763784594,0.1221470276265178,0.1764238571785311,0.1479051156907494,0.4534504804121284,0.4591042182441102,0.3321146908352806,0.76,35452
0,0,0.6407610076381495,-0.2896312917778125,0.0510803894426436,-0.8516609922317621,0.132484428370131,0.5715371617460968,0.0541864731373086,-0.1417806950288363,-0.4864685772839422,0.1412870890189311,-0.0009688720422725,0.4060468917952879,0.234192265004699,0.5549974019961418,0.0140576463190273,0.3547591622186937,-0.4289470243255512,0.1273973104704045,0.0152293951960787,-0.4844704194330868,0.0027958011959606,0.1321402465769226,0.0524971529590221,0.9985628949714308,0.1299663533732784,0.000840779142992,0.8886985284243151,0.0002029185103068,0.0655687867978563,0.744738069547906,0.2297179975755858,0.3392542327168591,0.5052206273191041,0.3879438869616712,0.7122999315086683,0.3384193364242871,0.4399805827743853,0.5979807061899549,0.5142012940582728,0.5506605763784594,0.1221470276265178,0.1764238571785311,0.1479051156907494,0.4534504804121284,0.4591042182441102,0.3321146908352806,0.76,35462
0,0,0.6407610076381495,-0.2896312917778125,0.0510803894426436,-0.8516609922317621,0.132484428370131,0.5715371617460968,0.0541864731373086,-0.1417806950288363,-0.4864685772839422,0.1412870890189311,-0.0009688720422725,0.4060468917952879,0.234192265004699,0.5549974019961418,0.0140576463190273,0.3547591622186937,-0.4289470243255512,0.1273973104704045,0.0152293951960787,-0.4844704194330868,0.0027958011959606,0.1321402465769226,0.0524971529590221,0.9985628949714308,0.1299663533732784,0.000840779142992,0.8886985284243151,0.0002029185103068,0.0655687867978563,0.744738069547906,0.2297179975755858,0.3392542327168591,0.5052206273191041,0.3879438869616712,0.7122999315086683,0.3384193364242871,0.4399805827743853,0.5979807061899549,0.5142012940582728,0.5506605763784594,0.1221470276265178,0.1764238571785311,0.1479051156907494,0.4534504804121284,0.4591042182441102,0.3321146908352806,0.76,35473
0,0,0.6407610076381495,-0.2896312917778125,0.0510803894426436,-0.8516609922317621,0.132484428370131,0.5715371617460968,0.0541864731373086,-0.1417806950288363,-0.4864685772839422,0.1412870890189311,-0.0009688720422725,0.4060468917952879,0.234192265004699,0.5549974019961418,0.0140576463190273,0.3547591622186937,-0.4289470243255512,0.1273973104704045,0.0152293951960787,-0.4844704194330868,0.0027958011959606,0.1321402465769226,0.0524971529590221,0.9985628949714308,0.1299663533732784,0.000840779142992,0.8886985284243151,0.0002029185103068,0.0655687867978563,0.744738069547906,0.2297179975755858,0.3392542327168591,0.5052206273191041,0.3879438869616712,0.7122999315086683,0.3384193364242871,0.4399805827743853,0.5979807061899549,0.5142012940582728,0.5506605763784594,0.1221470276265178,0.1764238571785311,0.1479051156907494,0.4534504804121284,0.4591042182441102,0.3321146908352806,0.76,35483
0,0,0.6407610076381495,-0.2896312917778125,0.0510803894426436,-0.8516609922317621,0.132484428370131,0.5715371617460968,0.0541864731373086,-0.1417806950288363,-0.4864685772839422,0.1412870890189311,-0.0009688720422725,0.4060468917952879,0.234192265004699,0.5549974019961418,0.0140576463190273,0.3547591622186937,-0.4289470243255512,0.1273973104704045,0.0152293951960787,-0.4844704194330868,0.0027958011959606,0.1321402465769226,0.0524971529590221,0.9985628949714308,0.1299663533732784,0.000840779142992,0.8886985284243151,0.0002029185103068,0.0655687867978563,0.744738069547906,0.2297179975755858,0.3392542327168591,0.5052206273191041,0.3879438869616712,0.7122999315086683,0.3384193364242871,0.4399805827743853,0.5979807061899549,0.5142012940582728,0.5506605763784594,0.1221470276265178,0.1764238571785311,0.1479051156907494,0.4534504804121284,0.4591042182441102,0.3321146908352806,0.76,35493
0,0,0.6407610076381495,-0.2896312917778125,0.0510803894426436,-0.8516609922317621,0.132484428370131,0.5715371617460968,0.0541864731373086,-0.1417806950288363,-0.4864685772839422,0.1412870890189311,-0.0009688720422725,0.4060468917952879,0.234192265004699,0.5549974019961418,0.0140576463190273,0.3547591622186937,-0.4289470243255512,0.1273973104704045,0.0152293951960787,-0.4844704194330868,0.0027958011959606,0.1321402465769226,0.0524971529590221,0.9985628949714308,0.1299663533732784,0.000840779142992,0.8886985284243151,0.0002029185103068,0.0655687867978563,0.744738069547906,0.2297179975755858,0.3392542327168591,0.5052206273191041,0.3879438869616712,0.7122999315086683,0.3384193364242871,0.4399805827743853,0.5979807061899549,0.5142012940582728,0.5506605763784594,0.1221470276265178,0.1764238571785311,0.1479051156907494,0.4534504804121284,0.4591042182441102,0.3321146908352806,0.76,35503
0,0,0.6407610076381495,-0.2896312917778125,0.0510803894426436,-0.8516609922317621,0.132484428370131,0.5715371617460968,0.0541864731373086,-0.1417806950288363,-0.4864685772839422,0.1412870890189311,-0.0009688720422725,0.4060468917952879,0.234192265004699,0.5549974019961418,0.0140576463190273,0.3547591622186937,-0.4289470243255512,0.1273973104704045,0.0152293951960787,-0.4844704194330868,0.0027958011959606,0.1321402465769226,0.0524971529590221,0.9985628949714308,0.1299663533732784,0.000840779142992,0.8886985284243151,0.0002029185103068,0.0655687867978563,0.744738069547906,0.2297179975755858,0.3392542327168591,0.5052206273191041,0.3879438869616712,0.7122999315086683,0.3384193364242871,0.4399805827743853,0.5979807061899549,0.5142012940582728,0.5506605763784594,0.1221470276265178,0.1764238571785311,0.1479051156907494,0.4534504804121284,0.4591042182441102,0.3321146908352806,0.76,35513
0,0,0.6407610076381495,-0.2896312917778125,0.0510803894426436,-0.8516609922317621,0.132484428370131,0.5715371617460968,0.0541864731373086,-0.1417806950288363,-0.4864685772839422,0.1412870890189311,-0.0009688720422725,0.4060468917952879,0.234192265004699,0.5549974019961418,0.0140576463190273,0.3547591622186937,-0.4289470243255512,0.1273973104704045,0.0152293951960787,-0.4844704194330868,0.0027958011959606,0.1321402465769226,0.0524971529590221,0.9985628949714308,0.1299663533732784,0.000840779142992,0.8886985284243151,0.0002029185103068,0.0655687867978563,0.744738069547906,0.2297179975755858,0.3392542327168591,0.5052206273191041,0.3879438869616712,0.7122999315086683,0.3384193364242871,0.4399805827743853,0.5979807061899549,0.5142012940582728,0.5506605763784594,0.1221470276265178,0.1764238571785311,0.1479051156907494,0.4534504804121284,0.4591042182441102,0.3321146908352806,0.76,35523
0,0,0.6407610076381495,-0.2896312917778125,0.0510803894426436,-0.8516609922317621,0.132484428370131,0.5715371617460968,0.0541864731373086,-0.1417806950288363,-0.4864685772839422,0.1412870890189311,-0.0009688720422725,0.4060468917952879,0.234192265004699,0.5549974019961418,0.0140576463190273,0.3547591622186937,-0.4289470243255512,0.1273973104704045,0.0152293951960787,-0.4844704194330868,0.0027958011959606,0.1321402465769226,0.0524971529590221,0.9985628949714308,0.1299663533732784,0.000840779142992,0.8886985284243151,0.0002029185103068,0.0655687867978563,0.744738069547906,0.2297179975755858,0.3392542327168591,0.5052206273191041,0.3879438869616712,0.7122999315086683,0.3384193364242871,0.4399805827743853,0.5979807061899549,0.5142012940582728,0.5506605763784594,0.1221470276265178,0.1764238571785311,0.1479051156907494,0.4534504804121284,0.4591042182441102,0.3321146908352806,0.76,35534
0,0,0.6407610076381495,-0.2896312917778125,0.0510803894426436,-0.8516609922317621,0.132484428370131,0.5715371617460968,0.0541864731373086,-0.1417806950288363,-0.4864685772839422,0.1412870890189311,-0.0009688720422725,0.4060468917952879,0.234192265004699,0.5549974019961418,0.0140576463190273,0.3547591622186937,-0.4289470243255512,0.1273973104704045,0.0152293951960787,-0.4844704194330868,0.0027958011959606,0.1321402465769226,0.0524971529590221,0.9985628949714308,0.1299663533732784,0.000840779142992,0.8886985284243151,0.0002029185103068,0.0655687867978563,0.744738069547906,0.2297179975755858,0.3392542327168591,0.5052206273191041,0.3879438869616712,0.7122999315086683,0.3384193364242871,0.4399805827743853,0.5979807061899549,0.5142012940582728,0.5506605763784594,0.1221470276265178,0.1764238571785311,0.1479051156907494,0.4534504804121284,0.4591042182441102,0.3321146908352806,0.76,35544
0,0,0.6407610076381495,-0.2896312917778125,0.0510803894426436,-0.8516609922317621,0.132484428370131,0.5715371617460968,0.0541864731373086,-0.1417806950288363,-0.4864685772839422,0.1412870890189311,-0.0009688720422725,0.4060468917952879,0.234192265004699,0.5549974019961418,0.0140576463190273,0.3547591622186937,-0.4289470243255512,0.1273973104704045,0.0152293951960787,-0.4844704194330868,0.0027958011959606,0.1321402465769226,0.0524971529590221,0.9985628949714308,0.1299663533732784,0.000840779142992,0.8886985284243151,0.0002029185103068,0.0655687867978563,0.744738069547906,0.2297179975755858,0.3392542327168591,0.5052206273191041,0.3879438869616712,0.7122999315086683,0.3384193364242871,0.4399805827743853,0.5979807061899549,0.5142012940582728,0.5506605763784594,0.1221470276265178,0.1764238571785311,0.1479051156907494,0.4534504804121284,0.4591042182441102,0.3321146908352806,0.76,35555
0,0,0.6407610076381495,-0.2896312917778125,0.0510803894426436,-0.8516609922317621,0.132484428370131,0.5715371617460968,0.0541864731373086,-0.1417806950288363,-0.4864685772839422,0.1412870890189311,-0.0009688720422725,0.4060468917952879,0.234192265004699,0.5549974019961418,0.0140576463190273,0.3547591622186937,-0.4289470243255512,0.1273973104704045,0.0152293951960787,-0.4844704194330868,0.0027958011959606,0.1321402465769226,0.0524971529590221,0.9985628949714308,0.1299663533732784,0.000840779142992,0.8886985284243151,0.0002029185103068,0.0655687867978563,0.744738069547906,0.2297179975755858,0.3392542327168591,0.5052206273191041,0.3879438869616712,0.7122999315086683,0.3384193364242871,0.4399805827743853,0.5979807061899549,0.5142012940582728,0.5506605763784594,0.1221470276265178,0.1764238571785311,0.1479051156907494,0.4534504804121284,0.4591042182441102,0.3321146908352806,0.76,35565
0,0,0.6407610076381495,-0.2896312917778125,0.0510803894426436,-0.8516609922317621,0.132484428370131,0.5715371617460968,0.0541864731373086,-0.1417806950288363,-0.4864685772839422,0.1412870890189311,-0.0009688720422725,0.4060468917952879,0.234192265004699,0.5549974019961418,0.0140576463190273,0.3547591622186937,-0.4289470243255512,0.1273973104704045,0.0152293951960787,-0.4844704194330868,0.0027958011959606,0.1321402465769226,0.0524971529590221,0.9985628949714308,0.1299663533732784,0.000840779142992,0.8886985284243151,0.0002029185103068,0.0655687867978563,0.744738069547906,0.2297179975755858,0.3392542327168591,0.5052206273191041,0.3879438869616712,0.7122999315086683,0.3384193364242871,0.4399805827743853,0.5979807061899549,0.5142012940582728,0.5506605763784594,0.1221470276265178,0.1764238571785311,0.1479051156907494,0.4534504804121284,0.4591042182441102,0.3321146908352806,0.76,35575
0,0,0.6407610076381495,-0.2896312917778125,0.0510803894426436,-0.8516609922317621,0.132484428370131,0.5715371617460968,0.0541864731373086,-0.1417806950288363,-0.4864685772839422,0.1412870890189311,-0.0009688720422725,0.4060468917952879,0.234192265004699,0.5549974019961418,0.0140576463190273,0.3547591622186937,-0.4289470243255512,0.1273973104704045,0.0152293951960787,-0.4844704194330868,0.0027958011959606,0.1321402465769226,0.0524971529590221,0.9985628949714308,0.1299663533732784,0.000840779142992,0.8886985284243151,0.0002029185103068,0.0655687867978563,0.744738069547906,0.2297179975755858,0.3392542327168591,0.5052206273191041,0.3879438869616712,0.7122999315086683,0.3384193364242871,0.4399805827743853,0.5979807061899549,0.5142012940582728,0.5506605763784594,0.1221470276265178,0.1764238571785311,0.1479051156907494,0.4534504804121284,0.4591042182441102,0.3321146908352806,0.76,35585
0,0,0.6407610076381495,-0.2896312917778125,0.0510803894426436,-0.8516609922317621,0.132484428370131,0.5715371617460968,0.0541864731373086,-0.1417806950288363,-0.4864685772839422,0.1412870890189311,-0.0009688720422725,0.4060468917952879,0.234192265004699,0.5549974019961418,0.0140576463190273,0.3547591622186937,-0.4289470243255512,0.1273973104704045,0.0152293951960787,-0.4844704194330868,0.0027958011959606,0.1321402465769226,0.0524971529590221,0.9985628949714308,0.1299663533732784,0.000840779142992,0.8886985284243151,0.0002029185103068,0.0655687867978563,0.744738069547906,0.2297179975755858,0.3392542327168591,0.5052206273191041,0.3879438869616712,0.7122999315086683,0.3384193364242871,0.4399805827743853,0.5979807061899549,0.5142012940582728,0.5506605763784594,0.1221470276265178,0.1764238571785311,0.1479051156907494,0.4534504804121284,0.4591042182441102,0.3321146908352806,0.76,35595
0,0,0.6407610076381495,-0.2896312917778125,0.0510803894426436,-0.8516609922317621,0.132484428370131,0.5715371617460968,0.0541864731373086,-0.1417806950288363,-0.4864685772839422,0.1412870890189311,-0.0009688720422725,0.4060468917952879,0.234192265004699,0.5549974019961418,0.0140576463190273,0.3547591622186937,-0.4289470243255512,0.1273973104704045,0.0152293951960787,-0.4844704194330868,0.0027958011959606,0.1321402465769226,0.0524971529590221,0.9985628949714308,0.1299663533732784,0.000840779142992,0.8886985284243151,0.0002029185103068,0.0655687867978563,0.744738069547906,0.2297179975755858,0.3392542327168591,0.5052206273191041,0.3879438869616712,0.7122999315086683,0.3384193364242871,0.4399805827743853,0.5979807061899549,0.5142012940582728,0.5506605763784594,0.1221470276265178,0.1764238571785311,0.1479051156907494,0.4534504804121284,0.4591042182441102,0.3321146908352806,0.76,35605
0,0,0.6407610076381495,-0.2896312917778125,0.0510803894426436,-0.8516609922317621,0.132484428370131,0.5715371617460968,0.0541864731373086,-0.1417806950288363,-0.4864685772839422,0.1412870890189311,-0.0009688720422725,0.4060468917952879,0.234192265004699,0.5549974019961418,0.0140576463190273,0.3547591622186937,-0.4289470243255512,0.1273973104704045,0.0152293951960787,-0.4844704194330868,0.0027958011959606,0.1321402465769226,0.0524971529590221,0.9985628949714308,0.1299663533732784,0.000840779142992,0.8886985284243151,0.0002029185103068,0.0655687867978563,0.744738069547906,0.2297179975755858,0.3392542327168591,0.5052206273191041,0.3879438869616712,0.7122999315086683,0.3384193364242871,0.4399805827743853,0.5979807061899549,0.5142012940582728,0.5506605763784594,0.1221470276265178,0.1764238571785311,0.1479051156907494,0.4534504804121284,0.4591042182441102,0.3321146908352806,0.76,35624
0,0,0.6407610076381495,-0.2896312917778125,0.0510803894426436,-0.8516609922317621,0.132484428370131,0.5715371617460968,0.0541864731373086,-0.1417806950288363,-0.4864685772839422,0.1412870890189311,-0.0009688720422725,0.4060468917952879,0.234192265004699,0.5549974019961418,0.0140576463190273,0.3547591622186937,-0.4289470243255512,0.1273973104704045,0.0152293951960787,-0.4844704194330868,0.0027958011959606,0.1321402465769226,0.0524971529590221,0.9985628949714308,0.1299663533732784,0.000840779142992,0.8886985284243151,0.0002029185103068,0.0655687867978563,0.744738069547906,0.2297179975755858,0.3392542327168591,0.5052206273191041,0.3879438869616712,0.7122999315086683,0.3384193364242871,0.4399805827743853,0.5979807061899549,0.5142012940582728,0.5506605763784594,0.1221470276265178,0.1764238571785311,0.1479051156907494,0.4534504804121284,0.4591042182441102,0.3321146908352806,0.76,35634
0,0,0.6407610076381495,-0.2896312917778125,0.0510803894426436,-0.8516609922317621,0.132484428370131,0.5715371617460968,0.0541864731373086,-0.1417806950288363,-0.4864685772839422,0.1412870890189311,-0.0009688720422725,0.4060468917952879,0.234192265004699,0.5549974019961418,0.0140576463190273,0.3547591622186937,-0.4289470243255512,0.1273973104704045,0.0152293951960787,-0.4844704194330868,0.0027958011959606,0.1321402465769226,0.0524971529590221,0.9985628949714308,0.1299663533732784,0.000840779142992,0.8886985284243151,0.0002029185103068,0.0655687867978563,0.744738069547906,0.2297179975755858,0.3392542327168591,0.5052206273191041,0.3879438869616712,0.7122999315086683,0.3384193364242871,0.4399805827743853,0.5979807061899549,0.5142012940582728,0.5506605763784594,0.1221470276265178,0.1764238571785311,0.1479051156907494,0.4534504804121284,0.4591042182441102,0.3321146908352806,0.76,35653
0,0,0.6407610076381495,-0.2896312917778125,0.0510803894426436,-0.8516609922317621,0.132484428370131,0.5715371617460968,0.0541864731373086,-0.1417806950288363,-0.4864685772839422,0.1412870890189311,-0.0009688720422725,0.4060468917952879,0.234192265004699,0.5549974019961418,0.0140576463190273,0.3547591622186937,-0.4289470243255512,0.1273973104704045,0.0152293951960787,-0.4844704194330868,0.0027958011959606,0.1321402465769226,0.0524971529590221,0.9985628949714308,0.1299663533732784,0.000840779142992,0.8886985284243151,0.0002029185103068,0.0655687867978563,0.744738069547906,0.2297179975755858,0.3392542327168591,0.5052206273191041,0.3879438869616712,0.7122999315086683,0.3384193364242871,0.4399805827743853,0.5979807061899549,0.5142012940582728,0.5506605763784594,0.1221470276265178,0.1764238571785311,0.1479051156907494,0.4534504804121284,0.4591042182441102,0.3321146908352806,0.76,35672
0,0,0.6407610076381495,-0.2896312917778125,0.0510803894426436,-0.8516609922317621,0.132484428370131,0.5715371617460968,0.0541864731373086,-0.1417806950288363,-0.4864685772839422,0.1412870890189311,-0.0009688720422725,0.4060468917952879,0.234192265004699,0.5549974019961418,0.0140576463190273,0.3547591622186937,-0.4289470243255512,0.1273973104704045,0.0152293951960787,-0.4844704194330868,0.0027958011959606,0.1321402465769226,0.0524971529590221,0.9985628949714308,0.1299663533732784,0.000840779142992,0.8886985284243151,0.0002029185103068,0.0655687867978563,0.744738069547906,0.2297179975755858,0.3392542327168591,0.5052206273191041,0.3879438869616712,0.7122999315086683,0.3384193364242871,0.4399805827743853,0.5979807061899549,0.5142012940582728,0.5506605763784594,0.1221470276265178,0.1764238571785311,0.1479051156907494,0.4534504804121284,0.4591042182441102,0.3321146908352806,0.76,35683
0,0,0.6407610076381495,-0.2896312917778125,0.0510803894426436,-0.8516609922317621,0.132484428370131,0.5715371617460968,0.0541864731373086,-0.1417806950288363,-0.4864685772839422,0.1412870890189311,-0.0009688720422725,0.4060468917952879,0.234192265004699,0.5549974019961418,0.0140576463190273,0.3547591622186937,-0.4289470243255512,0.1273973104704045,0.0152293951960787,-0.4844704194330868,0.0027958011959606,0.1321402465769226,0.0524971529590221,0.9985628949714308,0.1299663533732784,0.000840779142992,0.8886985284243151,0.0002029185103068,0.0655687867978563,0.744738069547906,0.2297179975755858,0.3392542327168591,0.5052206273191041,0.3879438869616712,0.7122999315086683,0.3384193364242871,0.4399805827743853,0.5979807061899549,0.5142012940582728,0.5506605763784594,0.1221470276265178,0.1764238571785311,0.1479051156907494,0.4534504804121284,0.4591042182441102,0.3321146908352806,0.76,35693
0,0,0.6407610076381495,-0.2896312917778125,0.0510803894426436,-0.8516609922317621,0.132484428370131,0.5715371617460968,0.0541864731373086,-0.1417806950288363,-0.4864685772839422,0.1412870890189311,-0.0009688720422725,0.4060468917952879,0.234192265004699,0.5549974019961418,0.0140576463190273,0.3547591622186937,-0.4289470243255512,0.1273973104704045,0.0152293951960787,-0.4844704194330868,0.0027958011959606,0.1321402465769226,0.0524971529590221,0.9985628949714308,0.1299663533732784,0.000840779142992,0.8886985284243151,0.0002029185103068,0.0655687867978563,0.744738069547906,0.2297179975755858,0.3392542327168591,0.5052206273191041,0.3879438869616712,0.7122999315086683,0.3384193364242871,0.4399805827743853,0.5979807061899549,0.5142012940582728,0.5506605763784594,0.1221470276265178,0.1764238571785311,0.1479051156907494,0.4534504804121284,0.4591042182441102,0.3321146908352806,0.76,35703
0,0,0.6407610076381495,-0.2896312917778125,0.0510803894426436,-0.8516609922317621,0.132484428370131,0.5715371617460968,0.0541864731373086,-0.1417806950288363,-0.4864685772839422,0.1412870890189311,-0.0009688720422725,0.4060468917952879,0.234192265004699,0.5549974019961418,0.0140576463190273,0.3547591622186937,-0.4289470243255512,0.1273973104704045,0.0152293951960787,-0.4844704194330868,0.0027958011959606,0.1321402465769226,0.0524971529590221,0.9985628949714308,0.1299663533732784,0.000840779142992,0.8886985284243151,0.0002029185103068,0.0655687867978563,0.744738069547906,0.2297179975755858,0.3392542327168591,0.5052206273191041,0.3879438869616712,0.7122999315086683,0.3384193364242871,0.4399805827743853,0.5979807061899549,0.5142012940582728,0.5506605763784594,0.1221470276265178,0.1764238571785311,0.1479051156907494,0.4534504804121284,0.4591042182441102,0.3321146908352806,0.76,35713
0,0,0.6407610076381495,-0.2896312917778125,0.0510803894426436,-0.8516609922317621,0.132484428370131,0.5715371617460968,0.0541864731373086,-0.1417806950288363,-0.4864685772839422,0.1412870890189311,-0.0009688720422725,0.4060468917952879,0.234192265004699,0.5549974019961418,0.0140576463190273,0.3547591622186937,-0.4289470243255512,0.1273973104704045,0.0152293951960787,-0.4844704194330868,0.0027958011959606,0.1321402465769226,0.0524971529590221,0.9985628949714308,0.1299663533732784,0.000840779142992,0.8886985284243151,0.0002029185103068,0.0655687867978563,0.744738069547906,0.2297179975755858,0.3392542327168591,0.5052206273191041,0.3879438869616712,0.7122999315086683,0.3384193364242871,0.4399805827743853,0.5979807061899549,0.5142012940582728,0.5506605763784594,0.1221470276265178,0.1764238571785311,0.1479051156907494,0.4534504804121284,0.4591042182441102,0.3321146908352806,0.76,35723
0,0,0.6407610076381495,-0.2896312917778125,0.0510803894426436,-0.8516609922317621,0.132484428370131,0.5715371617460968,0.0541864731373086,-0.1417806950288363,-0.4864685772839422,0.1412870890189311,-0.0009688720422725,0.4060468917952879,0.234192265004699,0.5549974019961418,0.0140576463190273,0.3547591622186937,-0.4289470243255512,0.1273973104704045,0.0152293951960787,-0.4844704194330868,0.0027958011959606,0.1321402465769226,0.0524971529590221,0.9985628949714308,0.1299663533732784,0.000840779142992,0.8886985284243151,0.0002029185103068,0.0655687867978563,0.744738069547906,0.2297179975755858,0.3392542327168591,0.5052206273191041,0.3879438869616712,0.7122999315086683,0.3384193364242871,0.4399805827743853,0.5979807061899549,0.5142012940582728,0.5506605763784594,0.1221470276265178,0.1764238571785311,0.1479051156907494,0.4534504804121284,0.4591042182441102,0.3321146908352806,0.76,35733
0,0,0.6407610076381495,-0.2896312917778125,0.0510803894426436,-0.8516609922317621,0.132484428370131,0.5715371617460968,0.0541864731373086,-0.1417806950288363,-0.4864685772839422,0.1412870890189311,-0.0009688720422725,0.4060468917952879,0.234192265004699,0.5549974019961418,0.0140576463190273,0.3547591622186937,-0.4289470243255512,0.1273973104704045,0.0152293951960787,-0.4844704194330868,0.0027958011959606,0.1321402465769226,0.0524971529590221,0.9985628949714308,0.1299663533732784,0.000840779142992,0.8886985284243151,0.0002029185103068,0.0655687867978563,0.744738069547906,0.2297179975755858,0.3392542327168591,0.5052206273191041,0.3879438869616712,0.7122999315086683,0.3384193364242871,0.4399805827743853,0.5979807061899549,0.5142012940582728,0.5506605763784594,0.1221470276265178,0.1764238571785311,0.1479051156907494,0.4534504804121284,0.4591042182441102,0.3321146908352806,0.76,35752
0,0,0.6407610076381495,-0.2896312917778125,0.0510803894426436,-0.8516609922317621,0.132484428370131,0.5715371617460968,0.0541864731373086,-0.1417806950288363,-0.4864685772839422,0.1412870890189311,-0.0009688720422725,0.4060468917952879,0.234192265004699,0.5549974019961418,0.0140576463190273,0.3547591622186937,-0.4289470243255512,0.1273973104704045,0.0152293951960787,-0.4844704194330868,0.0027958011959606,0.1321402465769226,0.0524971529590221,0.9985628949714308,0.1299663533732784,0.000840779142992,0.8886985284243151,0.0002029185103068,0.0655687867978563,0.744738069547906,0.2297179975755858,0.3392542327168591,0.5052206273191041,0.3879438869616712,0.7122999315086683,0.3384193364242871,0.4399805827743853,0.5979807061899549,0.5142012940582728,0.5506605763784594,0.1221470276265178,0.1764238571785311,0.1479051156907494,0.4534504804121284,0.4591042182441102,0.3321146908352806,0.76,35763
0,0,0.6407610076381495,-0.2896312917778125,0.0510803894426436,-0.8516609922317621,0.132484428370131,0.5715371617460968,0.0541864731373086,-0.1417806950288363,-0.4864685772839422,0.1412870890189311,-0.0009688720422725,0.4060468917952879,0.234192265004699,0.5549974019961418,0.0140576463190273,0.3547591622186937,-0.4289470243255512,0.1273973104704045,0.0152293951960787,-0.4844704194330868,0.0027958011959606,0.1321402465769226,0.0524971529590221,0.9985628949714308,0.1299663533732784,0.000840779142992,0.8886985284243151,0.0002029185103068,0.0655687867978563,0.744738069547906,0.2297179975755858,0.3392542327168591,0.5052206273191041,0.3879438869616712,0.7122999315086683,0.3384193364242871,0.4399805827743853,0.5979807061899549,0.5142012940582728,0.5506605763784594,0.1221470276265178,0.1764238571785311,0.1479051156907494,0.4534504804121284,0.4591042182441102,0.3321146908352806,0.76,35773
0,0,0.6407610076381495,-0.2896312917778125,0.0510803894426436,-0.8516609922317621,0.132484428370131,0.5715371617460968,0.0541864731373086,-0.1417806950288363,-0.4864685772839422,0.1412870890189311,-0.0009688720422725,0.4060468917952879,0.234192265004699,0.5549974019961418,0.0140576463190273,0.3547591622186937,-0.4289470243255512,0.1273973104704045,0.0152293951960787,-0.4844704194330868,0.0027958011959606,0.1321402465769226,0.0524971529590221,0.9985628949714308,0.1299663533732784,0.000840779142992,0.8886985284243151,0.0002029185103068,0.0655687867978563,0.744738069547906,0.2297179975755858,0.3392542327168591,0.5052206273191041,0.3879438869616712,0.7122999315086683,0.3384193364242871,0.4399805827743853,0.5979807061899549,0.5142012940582728,0.5506605763784594,0.1221470276265178,0.1764238571785311,0.1479051156907494,0.4534504804121284,0.4591042182441102,0.3321146908352806,0.76,35783
0,0,0.6407610076381495,-0.2896312917778125,0.0510803894426436,-0.8516609922317621,0.132484428370131,0.5715371617460968,0.0541864731373086,-0.1417806950288363,-0.4864685772839422,0.1412870890189311,-0.0009688720422725,0.4060468917952879,0.234192265004699,0.5549974019961418,0.0140576463190273,0.3547591622186937,-0.4289470243255512,0.1273973104704045,0.0152293951960787,-0.4844704194330868,0.0027958011959606,0.1321402465769226,0.0524971529590221,0.9985628949714308,0.1299663533732784,0.000840779142992,0.8886985284243151,0.0002029185103068,0.0655687867978563,0.744738069547906,0.2297179975755858,0.3392542327168591,0.5052206273191041,0.3879438869616712,0.7122999315086683,0.3384193364242871,0.4399805827743853,0.5979807061899549,0.5142012940582728,0.5506605763784594,0.1221470276265178,0.1764238571785311,0.1479051156907494,0.4534504804121284,0.4591042182441102,0.3321146908352806,0.76,35793
0,0,0.6407610076381495,-0.2896312917778125,0.0510803894426436,-0.8516609922317621,0.132484428370131,0.5715371617460968,0.0541864731373086,-0.1417806950288363,-0.4864685772839422,0.1412870890189311,-0.0009688720422725,0.4060468917952879,0.234192265004699,0.5549974019961418,0.0140576463190273,0.3547591622186937,-0.4289470243255512,0.1273973104704045,0.0152293951960787,-0.4844704194330868,0.0027958011959606,0.1321402465769226,0.0524971529590221,0.9985628949714308,0.1299663533732784,0.000840779142992,0.8886985284243151,0.0002029185103068,0.0655687867978563,0.744738069547906,0.2297179975755858,0.3392542327168591,0.5052206273191041,0.3879438869616712,0.7122999315086683,0.3384193364242871,0.4399805827743853,0.5979807061899549,0.5142012940582728,0.5506605763784594,0.1221470276265178,0.1764238571785311,0.1479051156907494,0.4534504804121284,0.4591042182441102,0.3321146908352806,0.76,35803
0,0,0.6407610076381495,-0.2896312917778125,0.0510803894426436,-0.8516609922317621,0.132484428370131,0.5715371617460968,0.0541864731373086,-0.1417806950288363,-0.4864685772839422,0.1412870890189311,-0.0009688720422725,0.4060468917952879,0.234192265004699,0.5549974019961418,0.0140576463190273,0.3547591622186937,-0.4289470243255512,0.1273973104704045,0.0152293951960787,-0.4844704194330868,0.0027958011959606,0.1321402465769226,0.0524971529590221,0.9985628949714308,0.1299663533732784,0.000840779142992,0.8886985284243151,0.0002029185103068,0.0655687867978563,0.744738069547906,0.2297179975755858,0.3392542327168591,0.5052206273191041,0.3879438869616712,0.7122999315086683,0.3384193364242871,0.4399805827743853,0.5979807061899549,0.5142012940582728,0.5506605763784594,0.1221470276265178,0.1764238571785311,0.1479051156907494,0.4534504804121284,0.4591042182441102,0.3321146908352806,0.76,35823
0,0,0.6407610076381495,-0.2896312917778125,0.0510803894426436,-0.8516609922317621,0.132484428370131,0.5715371617460968,0.0541864731373086,-0.1417806950288363,-0.4864685772839422,0.1412870890189311,-0.0009688720422725,0.4060468917952879,0.234192265004699,0.5549974019961418,0.0140576463190273,0.3547591622186937,-0.4289470243255512,0.1273973104704045,0.0152293951960787,-0.4844704194330868,0.0027958011959606,0.1321402465769226,0.0524971529590221,0.9985628949714308,0.1299663533732784,0.000840779142992,0.8886985284243151,0.0002029185103068,0.0655687867978563,0.744738069547906,0.2297179975755858,0.3392542327168591,0.5052206273191041,0.3879438869616712,0.7122999315086683,0.3384193364242871,0.4399805827743853,0.5979807061899549,0.5142012940582728,0.5506605763784594,0.1221470276265178,0.1764238571785311,0.1479051156907494,0.4534504804121284,0.4591042182441102,0.3321146908352806,0.76,35833
0,0,0.6407610076381495,-0.2896312917778125,0.0510803894426436,-0.8516609922317621,0.132484428370131,0.5715371617460968,0.0541864731373086,-0.1417806950288363,-0.4864685772839422,0.1412870890189311,-0.0009688720422725,0.4060468917952879,0.234192265004699,0.5549974019961418,0.0140576463190273,0.3547591622186937,-0.4289470243255512,0.1273973104704045,0.0152293951960787,-0.4844704194330868,0.0027958011959606,0.1321402465769226,0.0524971529590221,0.9985628949714308,0.1299663533732784,0.000840779142992,0.8886985284243151,0.0002029185103068,0.0655687867978563,0.744738069547906,0.2297179975755858,0.3392542327168591,0.5052206273191041,0.3879438869616712,0.7122999315086683,0.3384193364242871,0.4399805827743853,0.5979807061899549,0.5142012940582728,0.5506605763784594,0.1221470276265178,0.1764238571785311,0.1479051156907494,0.4534504804121284,0.4591042182441102,0.3321146908352806,0.76,35843
0,0,-0.0976570696712949,-0.303445822275788,0.209233169238088,-0.8458416987549137,0.7234433133558472,-0.089313931531811,0.8472601410846784,-0.4708006294981575,0.0374032651754032,0.324445194392836,-0.4628981922133907,0.6434600851856822,0.1073997979753935,0.635329835353113,-0.7226059432698653,0.5505577881588465,-0.7282115449352902,-0.8667151757942182,-0.0808951040765371,-0.6143292066182173,0.0056177929309577,0.1323671002735115,0.0524723563733249,0.9986710552534168,0.1312477853329777,0.0010049369521102,0.883467083976676,0.0001,0.0662591936653835,0.7427017352116702,0.1557515119199026,0.0820792614383577,0.0001116847053189,0.2211245710257516,0.181502900706033,0.186699950451062,0.7582810671655017,0.5408754305132508,0.5620981523100528,0.0279247391516672,0.1467392210682328,0.1652119951905586,0.2103584302544819,0.454546075361101,0.4469489779939055,0.142638722993584,0.85,3585
0,0,0.6407610076381495,-0.2896312917778125,0.0510803894426436,-0.8516609922317621,0.132484428370131,0.5715371617460968,0.0541864731373086,-0.1417806950288363,-0.4864685772839422,0.1412870890189311,-0.0009688720422725,0.4060468917952879,0.234192265004699,0.5549974019961418,0.0140576463190273,0.3547591622186937,-0.4289470243255512,0.1273973104704045,0.0152293951960787,-0.4844704194330868,0.0027958011959606,0.1321402465769226,0.0524971529590221,0.9985628949714308,0.1299663533732784,0.000840779142992,0.8886985284243151,0.0002029185103068,0.0655687867978563,0.744738069547906,0.2297179975755858,0.3392542327168591,0.5052206273191041,0.3879438869616712,0.7122999315086683,0.3384193364242871,0.4399805827743853,0.5979807061899549,0.5142012940582728,0.5506605763784594,0.1221470276265178,0.1764238571785311,0.1479051156907494,0.4534504804121284,0.4591042182441102,0.3321146908352806,0.76,35853
0,0,0.6407610076381495,-0.2896312917778125,0.0510803894426436,-0.8516609922317621,0.132484428370131,0.5715371617460968,0.0541864731373086,-0.1417806950288363,-0.4864685772839422,0.1412870890189311,-0.0009688720422725,0.4060468917952879,0.234192265004699,0.5549974019961418,0.0140576463190273,0.3547591622186937,-0.4289470243255512,0.1273973104704045,0.0152293951960787,-0.4844704194330868,0.0027958011959606,0.1321402465769226,0.0524971529590221,0.9985628949714308,0.1299663533732784,0.000840779142992,0.8886985284243151,0.0002029185103068,0.0655687867978563,0.744738069547906,0.2297179975755858,0.3392542327168591,0.5052206273191041,0.3879438869616712,0.7122999315086683,0.3384193364242871,0.4399805827743853,0.5979807061899549,0.5142012940582728,0.5506605763784594,0.1221470276265178,0.1764238571785311,0.1479051156907494,0.4534504804121284,0.4591042182441102,0.3321146908352806,0.76,35864
0,0,0.6407610076381495,-0.2896312917778125,0.0510803894426436,-0.8516609922317621,0.132484428370131,0.5715371617460968,0.0541864731373086,-0.1417806950288363,-0.4864685772839422,0.1412870890189311,-0.0009688720422725,0.4060468917952879,0.234192265004699,0.5549974019961418,0.0140576463190273,0.3547591622186937,-0.4289470243255512,0.1273973104704045,0.0152293951960787,-0.4844704194330868,0.0027958011959606,0.1321402465769226,0.0524971529590221,0.9985628949714308,0.1299663533732784,0.000840779142992,0.8886985284243151,0.0002029185103068,0.0655687867978563,0.744738069547906,0.2297179975755858,0.3392542327168591,0.5052206273191041,0.3879438869616712,0.7122999315086683,0.3384193364242871,0.4399805827743853,0.5979807061899549,0.5142012940582728,0.5506605763784594,0.1221470276265178,0.1764238571785311,0.1479051156907494,0.4534504804121284,0.4591042182441102,0.3321146908352806,0.76,35884
0,0,0.6407610076381495,-0.2896312917778125,0.0510803894426436,-0.8516609922317621,0.132484428370131,0.5715371617460968,0.0541864731373086,-0.1417806950288363,-0.4864685772839422,0.1412870890189311,-0.0009688720422725,0.4060468917952879,0.234192265004699,0.5549974019961418,0.0140576463190273,0.3547591622186937,-0.4289470243255512,0.1273973104704045,0.0152293951960787,-0.4844704194330868,0.0027958011959606,0.1321402465769226,0.0524971529590221,0.9985628949714308,0.1299663533732784,0.000840779142992,0.8886985284243151,0.0002029185103068,0.0655687867978563,0.744738069547906,0.2297179975755858,0.3392542327168591,0.5052206273191041,0.3879438869616712,0.7122999315086683,0.3384193364242871,0.4399805827743853,0.5979807061899549,0.5142012940582728,0.5506605763784594,0.1221470276265178,0.1764238571785311,0.1479051156907494,0.4534504804121284,0.4591042182441102,0.3321146908352806,0.76,35894
0,0,0.6407610076381495,-0.2896312917778125,0.0510803894426436,-0.8516609922317621,0.132484428370131,0.5715371617460968,0.0541864731373086,-0.1417806950288363,-0.4864685772839422,0.1412870890189311,-0.0009688720422725,0.4060468917952879,0.234192265004699,0.5549974019961418,0.0140576463190273,0.3547591622186937,-0.4289470243255512,0.1273973104704045,0.0152293951960787,-0.4844704194330868,0.0027958011959606,0.1321402465769226,0.0524971529590221,0.9985628949714308,0.1299663533732784,0.000840779142992,0.8886985284243151,0.0002029185103068,0.0655687867978563,0.744738069547906,0.2297179975755858,0.3392542327168591,0.5052206273191041,0.3879438869616712,0.7122999315086683,0.3384193364242871,0.4399805827743853,0.5979807061899549,0.5142012940582728,0.5506605763784594,0.1221470276265178,0.1764238571785311,0.1479051156907494,0.4534504804121284,0.4591042182441102,0.3321146908352806,0.76,35904
0,0,0.6407610076381495,-0.2896312917778125,0.0510803894426436,-0.8516609922317621,0.132484428370131,0.5715371617460968,0.0541864731373086,-0.1417806950288363,-0.4864685772839422,0.1412870890189311,-0.0009688720422725,0.4060468917952879,0.234192265004699,0.5549974019961418,0.0140576463190273,0.3547591622186937,-0.4289470243255512,0.1273973104704045,0.0152293951960787,-0.4844704194330868,0.0027958011959606,0.1321402465769226,0.0524971529590221,0.9985628949714308,0.1299663533732784,0.000840779142992,0.8886985284243151,0.0002029185103068,0.0655687867978563,0.744738069547906,0.2297179975755858,0.3392542327168591,0.5052206273191041,0.3879438869616712,0.7122999315086683,0.3384193364242871,0.4399805827743853,0.5979807061899549,0.5142012940582728,0.5506605763784594,0.1221470276265178,0.1764238571785311,0.1479051156907494,0.4534504804121284,0.4591042182441102,0.3321146908352806,0.76,35914
0,0,0.6407610076381495,-0.2896312917778125,0.0510803894426436,-0.8516609922317621,0.132484428370131,0.5715371617460968,0.0541864731373086,-0.1417806950288363,-0.4864685772839422,0.1412870890189311,-0.0009688720422725,0.4060468917952879,0.234192265004699,0.5549974019961418,0.0140576463190273,0.3547591622186937,-0.4289470243255512,0.1273973104704045,0.0152293951960787,-0.4844704194330868,0.0027958011959606,0.1321402465769226,0.0524971529590221,0.9985628949714308,0.1299663533732784,0.000840779142992,0.8886985284243151,0.0002029185103068,0.0655687867978563,0.744738069547906,0.2297179975755858,0.3392542327168591,0.5052206273191041,0.3879438869616712,0.7122999315086683,0.3384193364242871,0.4399805827743853,0.5979807061899549,0.5142012940582728,0.5506605763784594,0.1221470276265178,0.1764238571785311,0.1479051156907494,0.4534504804121284,0.4591042182441102,0.3321146908352806,0.76,35924
0,0,0.6407610076381495,-0.2896312917778125,0.0510803894426436,-0.8516609922317621,0.132484428370131,0.5715371617460968,0.0541864731373086,-0.1417806950288363,-0.4864685772839422,0.1412870890189311,-0.0009688720422725,0.4060468917952879,0.234192265004699,0.5549974019961418,0.0140576463190273,0.3547591622186937,-0.4289470243255512,0.1273973104704045,0.0152293951960787,-0.4844704194330868,0.0027958011959606,0.1321402465769226,0.0524971529590221,0.9985628949714308,0.1299663533732784,0.000840779142992,0.8886985284243151,0.0002029185103068,0.0655687867978563,0.744738069547906,0.2297179975755858,0.3392542327168591,0.5052206273191041,0.3879438869616712,0.7122999315086683,0.3384193364242871,0.4399805827743853,0.5979807061899549,0.5142012940582728,0.5506605763784594,0.1221470276265178,0.1764238571785311,0.1479051156907494,0.4534504804121284,0.4591042182441102,0.3321146908352806,0.76,35935
0,0,0.6407610076381495,-0.2896312917778125,0.0510803894426436,-0.8516609922317621,0.132484428370131,0.5715371617460968,0.0541864731373086,-0.1417806950288363,-0.4864685772839422,0.1412870890189311,-0.0009688720422725,0.4060468917952879,0.234192265004699,0.5549974019961418,0.0140576463190273,0.3547591622186937,-0.4289470243255512,0.1273973104704045,0.0152293951960787,-0.4844704194330868,0.0027958011959606,0.1321402465769226,0.0524971529590221,0.9985628949714308,0.1299663533732784,0.000840779142992,0.8886985284243151,0.0002029185103068,0.0655687867978563,0.744738069547906,0.2297179975755858,0.3392542327168591,0.5052206273191041,0.3879438869616712,0.7122999315086683,0.3384193364242871,0.4399805827743853,0.5979807061899549,0.5142012940582728,0.5506605763784594,0.1221470276265178,0.1764238571785311,0.1479051156907494,0.4534504804121284,0.4591042182441102,0.3321146908352806,0.76,35945
0,0,0.6407610076381495,-0.2896312917778125,0.0510803894426436,-0.8516609922317621,0.132484428370131,0.5715371617460968,0.0541864731373086,-0.1417806950288363,-0.4864685772839422,0.1412870890189311,-0.0009688720422725,0.4060468917952879,0.234192265004699,0.5549974019961418,0.0140576463190273,0.3547591622186937,-0.4289470243255512,0.1273973104704045,0.0152293951960787,-0.4844704194330868,0.0027958011959606,0.1321402465769226,0.0524971529590221,0.9985628949714308,0.1299663533732784,0.000840779142992,0.8886985284243151,0.0002029185103068,0.0655687867978563,0.744738069547906,0.2297179975755858,0.3392542327168591,0.5052206273191041,0.3879438869616712,0.7122999315086683,0.3384193364242871,0.4399805827743853,0.5979807061899549,0.5142012940582728,0.5506605763784594,0.1221470276265178,0.1764238571785311,0.1479051156907494,0.4534504804121284,0.4591042182441102,0.3321146908352806,0.76,35956
0,0,0.6407610076381495,-0.2896312917778125,0.0510803894426436,-0.8516609922317621,0.132484428370131,0.5715371617460968,0.0541864731373086,-0.1417806950288363,-0.4864685772839422,0.1412870890189311,-0.0009688720422725,0.4060468917952879,0.234192265004699,0.5549974019961418,0.0140576463190273,0.3547591622186937,-0.4289470243255512,0.1273973104704045,0.0152293951960787,-0.4844704194330868,0.0027958011959606,0.1321402465769226,0.0524971529590221,0.9985628949714308,0.1299663533732784,0.000840779142992,0.8886985284243151,0.0002029185103068,0.0655687867978563,0.744738069547906,0.2297179975755858,0.3392542327168591,0.5052206273191041,0.3879438869616712,0.7122999315086683,0.3384193364242871,0.4399805827743853,0.5979807061899549,0.5142012940582728,0.5506605763784594,0.1221470276265178,0.1764238571785311,0.1479051156907494,0.4534504804121284,0.4591042182441102,0.3321146908352806,0.76,35967
0,0,0.6407610076381495,-0.2896312917778125,0.0510803894426436,-0.8516609922317621,0.132484428370131,0.5715371617460968,0.0541864731373086,-0.1417806950288363,-0.4864685772839422,0.1412870890189311,-0.0009688720422725,0.4060468917952879,0.234192265004699,0.5549974019961418,0.0140576463190273,0.3547591622186937,-0.4289470243255512,0.1273973104704045,0.0152293951960787,-0.4844704194330868,0.0027958011959606,0.1321402465769226,0.0524971529590221,0.9985628949714308,0.1299663533732784,0.000840779142992,0.8886985284243151,0.0002029185103068,0.0655687867978563,0.744738069547906,0.2297179975755858,0.3392542327168591,0.5052206273191041,0.3879438869616712,0.7122999315086683,0.3384193364242871,0.4399805827743853,0.5979807061899549,0.5142012940582728,0.5506605763784594,0.1221470276265178,0.1764238571785311,0.1479051156907494,0.4534504804121284,0.4591042182441102,0.3321146908352806,0.76,35978
0,0,0.6407610076381495,-0.2896312917778125,0.0510803894426436,-0.8516609922317621,0.132484428370131,0.5715371617460968,0.0541864731373086,-0.1417806950288363,-0.4864685772839422,0.1412870890189311,-0.0009688720422725,0.4060468917952879,0.234192265004699,0.5549974019961418,0.0140576463190273,0.3547591622186937,-0.4289470243255512,0.1273973104704045,0.0152293951960787,-0.4844704194330868,0.0027958011959606,0.1321402465769226,0.0524971529590221,0.9985628949714308,0.1299663533732784,0.000840779142992,0.8886985284243151,0.0002029185103068,0.0655687867978563,0.744738069547906,0.2297179975755858,0.3392542327168591,0.5052206273191041,0.3879438869616712,0.7122999315086683,0.3384193364242871,0.4399805827743853,0.5979807061899549,0.5142012940582728,0.5506605763784594,0.1221470276265178,0.1764238571785311,0.1479051156907494,0.4534504804121284,0.4591042182441102,0.3321146908352806,0.76,35989
0,0,0.6407610076381495,-0.2896312917778125,0.0510803894426436,-0.8516609922317621,0.132484428370131,0.5715371617460968,0.0541864731373086,-0.1417806950288363,-0.4864685772839422,0.1412870890189311,-0.0009688720422725,0.4060468917952879,0.234192265004699,0.5549974019961418,0.0140576463190273,0.3547591622186937,-0.4289470243255512,0.1273973104704045,0.0152293951960787,-0.4844704194330868,0.0027958011959606,0.1321402465769226,0.0524971529590221,0.9985628949714308,0.1299663533732784,0.000840779142992,0.8886985284243151,0.0002029185103068,0.0655687867978563,0.744738069547906,0.2297179975755858,0.3392542327168591,0.5052206273191041,0.3879438869616712,0.7122999315086683,0.3384193364242871,0.4399805827743853,0.5979807061899549,0.5142012940582728,0.5506605763784594,0.1221470276265178,0.1764238571785311,0.1479051156907494,0.4534504804121284,0.4591042182441102,0.3321146908352806,0.76,35999
0,0,0.6407610076381495,-0.2896312917778125,0.0510803894426436,-0.8516609922317621,0.132484428370131,0.5715371617460968,0.0541864731373086,-0.1417806950288363,-0.4864685772839422,0.1412870890189311,-0.0009688720422725,0.4060468917952879,0.234192265004699,0.5549974019961418,0.0140576463190273,0.3547591622186937,-0.4289470243255512,0.1273973104704045,0.0152293951960787,-0.4844704194330868,0.0027958011959606,0.1321402465769226,0.0524971529590221,0.9985628949714308,0.1299663533732784,0.000840779142992,0.8886985284243151,0.0002029185103068,0.0655687867978563,0.744738069547906,0.2297179975755858,0.3392542327168591,0.5052206273191041,0.3879438869616712,0.7122999315086683,0.3384193364242871,0.4399805827743853,0.5979807061899549,0.5142012940582728,0.5506605763784594,0.1221470276265178,0.1764238571785311,0.1479051156907494,0.4534504804121284,0.4591042182441102,0.3321146908352806,0.76,36018
0,0,0.4866326999293595,-0.2896312917778125,0.0510803894426436,-0.8516609922317622,0.132484428370131,0.5715371617460968,0.0541864731373086,-0.1417806950288363,-0.4864685772839422,0.1846846336412927,-0.0009688720422725,0.4060468917952878,0.2341922650046989,0.5549974019961417,0.0140576463190273,0.3547591622186937,-0.4289470243255512,0.1273973104704045,0.0152293951960787,-0.4844704194330868,0.0027958011959606,0.1321402465769226,0.0524971529590221,0.998562894971431,0.1299663533732784,0.000840779142992,0.888698528424315,0.0002029185103068,0.0655687867978563,0.744738069547906,0.2297179975755858,0.3226759588743298,0.4795390312788146,0.3869585260674902,0.7122999315086683,0.3384193364242871,0.4399805827743853,0.572357103159748,0.5142012940582728,0.5506605763784594,0.1221470276265178,0.1282715225541673,0.1479051156907494,0.4534504804121283,0.4591042182441102,0.4313774227459992,0.75,36038
0,0,0.4866326999293595,-0.2896312917778125,0.0510803894426436,-0.8516609922317622,0.132484428370131,0.5715371617460968,0.0541864731373086,-0.1417806950288363,-0.4864685772839422,0.1846846336412927,-0.0009688720422725,0.4060468917952878,0.2341922650046989,0.5549974019961417,0.0140576463190273,0.3547591622186937,-0.4289470243255512,0.1273973104704045,0.0152293951960787,-0.4844704194330868,0.0027958011959606,0.1321402465769226,0.0524971529590221,0.998562894971431,0.1299663533732784,0.000840779142992,0.888698528424315,0.0002029185103068,0.0655687867978563,0.744738069547906,0.2297179975755858,0.3226759588743298,0.4795390312788146,0.3869585260674902,0.7122999315086683,0.3384193364242871,0.4399805827743853,0.572357103159748,0.5142012940582728,0.5506605763784594,0.1221470276265178,0.1282715225541673,0.1479051156907494,0.4534504804121283,0.4591042182441102,0.4313774227459992,0.75,36049
0,0,0.4866326999293595,-0.2896312917778125,0.0510803894426436,-0.8516609922317622,0.132484428370131,0.5715371617460968,0.0541864731373086,-0.1417806950288363,-0.4864685772839422,0.1846846336412927,-0.0009688720422725,0.4060468917952878,0.2341922650046989,0.5549974019961417,0.0140576463190273,0.3547591622186937,-0.4289470243255512,0.1273973104704045,0.0152293951960787,-0.4844704194330868,0.0027958011959606,0.1321402465769226,0.0524971529590221,0.998562894971431,0.1299663533732784,0.000840779142992,0.888698528424315,0.0002029185103068,0.0655687867978563,0.744738069547906,0.2297179975755858,0.3226759588743298,0.4795390312788146,0.3869585260674902,0.7122999315086683,0.3384193364242871,0.4399805827743853,0.572357103159748,0.5142012940582728,0.5506605763784594,0.1221470276265178,0.1282715225541673,0.1479051156907494,0.4534504804121283,0.4591042182441102,0.4313774227459992,0.75,36059
0,0,0.4866326999293595,-0.2896312917778125,0.0510803894426436,-0.8516609922317622,0.132484428370131,0.5715371617460968,0.0541864731373086,-0.1417806950288363,-0.4864685772839422,0.1846846336412927,-0.0009688720422725,0.4060468917952878,0.2341922650046989,0.5549974019961417,0.0140576463190273,0.3547591622186937,-0.4289470243255512,0.1273973104704045,0.0152293951960787,-0.4844704194330868,0.0027958011959606,0.1321402465769226,0.0524971529590221,0.998562894971431,0.1299663533732784,0.000840779142992,0.888698528424315,0.0002029185103068,0.0655687867978563,0.744738069547906,0.2297179975755858,0.3226759588743298,0.4795390312788146,0.3869585260674902,0.7122999315086683,0.3384193364242871,0.4399805827743853,0.572357103159748,0.5142012940582728,0.5506605763784594,0.1221470276265178,0.1282715225541673,0.1479051156907494,0.4534504804121283,0.4591042182441102,0.4313774227459992,0.75,36069
0,0,0.4866326999293595,-0.2896312917778125,0.0510803894426436,-0.8516609922317622,0.132484428370131,0.5715371617460968,0.0541864731373086,-0.1417806950288363,-0.4864685772839422,0.1846846336412927,-0.0009688720422725,0.4060468917952878,0.2341922650046989,0.5549974019961417,0.0140576463190273,0.3547591622186937,-0.4289470243255512,0.1273973104704045,0.0152293951960787,-0.4844704194330868,0.0027958011959606,0.1321402465769226,0.0524971529590221,0.998562894971431,0.1299663533732784,0.000840779142992,0.888698528424315,0.0002029185103068,0.0655687867978563,0.744738069547906,0.2297179975755858,0.3226759588743298,0.4795390312788146,0.3869585260674902,0.7122999315086683,0.3384193364242871,0.4399805827743853,0.572357103159748,0.5142012940582728,0.5506605763784594,0.1221470276265178,0.1282715225541673,0.1479051156907494,0.4534504804121283,0.4591042182441102,0.4313774227459992,0.75,36079
0,0,0.4866326999293595,-0.2896312917778125,0.0510803894426436,-0.8516609922317622,0.132484428370131,0.5715371617460968,0.0541864731373086,-0.1417806950288363,-0.4864685772839422,0.1846846336412927,-0.0009688720422725,0.4060468917952878,0.2341922650046989,0.5549974019961417,0.0140576463190273,0.3547591622186937,-0.4289470243255512,0.1273973104704045,0.0152293951960787,-0.4844704194330868,0.0027958011959606,0.1321402465769226,0.0524971529590221,0.998562894971431,0.1299663533732784,0.000840779142992,0.888698528424315,0.0002029185103068,0.0655687867978563,0.744738069547906,0.2297179975755858,0.3226759588743298,0.4795390312788146,0.3869585260674902,0.7122999315086683,0.3384193364242871,0.4399805827743853,0.572357103159748,0.5142012940582728,0.5506605763784594,0.1221470276265178,0.1282715225541673,0.1479051156907494,0.4534504804121283,0.4591042182441102,0.4313774227459992,0.75,36090
0,0,0.4866326999293595,-0.2896312917778125,0.0510803894426436,-0.8516609922317622,0.132484428370131,0.5715371617460968,0.0541864731373086,-0.1417806950288363,-0.4864685772839422,0.1846846336412927,-0.0009688720422725,0.4060468917952878,0.2341922650046989,0.5549974019961417,0.0140576463190273,0.3547591622186937,-0.4289470243255512,0.1273973104704045,0.0152293951960787,-0.4844704194330868,0.0027958011959606,0.1321402465769226,0.0524971529590221,0.998562894971431,0.1299663533732784,0.000840779142992,0.888698528424315,0.0002029185103068,0.0655687867978563,0.744738069547906,0.2297179975755858,0.3226759588743298,0.4795390312788146,0.3869585260674902,0.7122999315086683,0.3384193364242871,0.4399805827743853,0.572357103159748,0.5142012940582728,0.5506605763784594,0.1221470276265178,0.1282715225541673,0.1479051156907494,0.4534504804121283,0.4591042182441102,0.4313774227459992,0.75,36101
0,0,0.4866326999293595,-0.2896312917778125,0.0510803894426436,-0.8516609922317622,0.132484428370131,0.5715371617460968,0.0541864731373086,-0.1417806950288363,-0.4864685772839422,0.1846846336412927,-0.0009688720422725,0.4060468917952878,0.2341922650046989,0.5549974019961417,0.0140576463190273,0.3547591622186937,-0.4289470243255512,0.1273973104704045,0.0152293951960787,-0.4844704194330868,0.0027958011959606,0.1321402465769226,0.0524971529590221,0.998562894971431,0.1299663533732784,0.000840779142992,0.888698528424315,0.0002029185103068,0.0655687867978563,0.744738069547906,0.2297179975755858,0.3226759588743298,0.4795390312788146,0.3869585260674902,0.7122999315086683,0.3384193364242871,0.4399805827743853,0.572357103159748,0.5142012940582728,0.5506605763784594,0.1221470276265178,0.1282715225541673,0.1479051156907494,0.4534504804121283,0.4591042182441102,0.4313774227459992,0.75,36111
0,0,0.4866326999293595,-0.2896312917778125,0.0510803894426436,-0.8516609922317622,0.132484428370131,0.5715371617460968,0.0541864731373086,-0.1417806950288363,-0.4864685772839422,0.1846846336412927,-0.0009688720422725,0.4060468917952878,0.2341922650046989,0.5549974019961417,0.0140576463190273,0.3547591622186937,-0.4289470243255512,0.1273973104704045,0.0152293951960787,-0.4844704194330868,0.0027958011959606,0.1321402465769226,0.0524971529590221,0.998562894971431,0.1299663533732784,0.000840779142992,0.888698528424315,0.0002029185103068,0.0655687867978563,0.744738069547906,0.2297179975755858,0.3226759588743298,0.4795390312788146,0.3869585260674902,0.7122999315086683,0.3384193364242871,0.4399805827743853,0.572357103159748,0.5142012940582728,0.5506605763784594,0.1221470276265178,0.1282715225541673,0.1479051156907494,0.4534504804121283,0.4591042182441102,0.4313774227459992,0.75,36130
0,0,0.4866326999293595,-0.2896312917778125,0.0510803894426436,-0.8516609922317622,0.132484428370131,0.5715371617460968,0.0541864731373086,-0.1417806950288363,-0.4864685772839422,0.1846846336412927,-0.0009688720422725,0.4060468917952878,0.2341922650046989,0.5549974019961417,0.0140576463190273,0.3547591622186937,-0.4289470243255512,0.1273973104704045,0.0152293951960787,-0.4844704194330868,0.0027958011959606,0.1321402465769226,0.0524971529590221,0.998562894971431,0.1299663533732784,0.000840779142992,0.888698528424315,0.0002029185103068,0.0655687867978563,0.744738069547906,0.2297179975755858,0.3226759588743298,0.4795390312788146,0.3869585260674902,0.7122999315086683,0.3384193364242871,0.4399805827743853,0.572357103159748,0.5142012940582728,0.5506605763784594,0.1221470276265178,0.1282715225541673,0.1479051156907494,0.4534504804121283,0.4591042182441102,0.4313774227459992,0.75,36141
0,0,0.4866326999293595,-0.2896312917778125,0.0510803894426436,-0.8516609922317622,0.132484428370131,0.5715371617460968,0.0541864731373086,-0.1417806950288363,-0.4864685772839422,0.1846846336412927,-0.0009688720422725,0.4060468917952878,0.2341922650046989,0.5549974019961417,0.0140576463190273,0.3547591622186937,-0.4289470243255512,0.1273973104704045,0.0152293951960787,-0.4844704194330868,0.0027958011959606,0.1321402465769226,0.0524971529590221,0.998562894971431,0.1299663533732784,0.000840779142992,0.888698528424315,0.0002029185103068,0.0655687867978563,0.744738069547906,0.2297179975755858,0.3226759588743298,0.4795390312788146,0.3869585260674902,0.7122999315086683,0.3384193364242871,0.4399805827743853,0.572357103159748,0.5142012940582728,0.5506605763784594,0.1221470276265178,0.1282715225541673,0.1479051156907494,0.4534504804121283,0.4591042182441102,0.4313774227459992,0.75,36152
0,0,0.4866326999293595,-0.2896312917778125,0.0510803894426436,-0.8516609922317622,0.132484428370131,0.5715371617460968,0.0541864731373086,-0.1417806950288363,-0.4864685772839422,0.1846846336412927,-0.0009688720422725,0.4060468917952878,0.2341922650046989,0.5549974019961417,0.0140576463190273,0.3547591622186937,-0.4289470243255512,0.1273973104704045,0.0152293951960787,-0.4844704194330868,0.0027958011959606,0.1321402465769226,0.0524971529590221,0.998562894971431,0.1299663533732784,0.000840779142992,0.888698528424315,0.0002029185103068,0.0655687867978563,0.744738069547906,0.2297179975755858,0.3226759588743298,0.4795390312788146,0.3869585260674902,0.7122999315086683,0.3384193364242871,0.4399805827743853,0.572357103159748,0.5142012940582728,0.5506605763784594,0.1221470276265178,0.1282715225541673,0.1479051156907494,0.4534504804121283,0.4591042182441102,0.4313774227459992,0.75,36163
0,0,0.4866326999293595,-0.2896312917778125,0.0510803894426436,-0.8516609922317622,0.132484428370131,0.5715371617460968,0.0541864731373086,-0.1417806950288363,-0.4864685772839422,0.1846846336412927,-0.0009688720422725,0.4060468917952878,0.2341922650046989,0.5549974019961417,0.0140576463190273,0.3547591622186937,-0.4289470243255512,0.1273973104704045,0.0152293951960787,-0.4844704194330868,0.0027958011959606,0.1321402465769226,0.0524971529590221,0.998562894971431,0.1299663533732784,0.000840779142992,0.888698528424315,0.0002029185103068,0.0655687867978563,0.744738069547906,0.2297179975755858,0.3226759588743298,0.4795390312788146,0.3869585260674902,0.7122999315086683,0.3384193364242871,0.4399805827743853,0.572357103159748,0.5142012940582728,0.5506605763784594,0.1221470276265178,0.1282715225541673,0.1479051156907494,0.4534504804121283,0.4591042182441102,0.4313774227459992,0.75,36173
0,0,0.4866326999293595,-0.2896312917778125,0.0510803894426436,-0.8516609922317622,0.132484428370131,0.5715371617460968,0.0541864731373086,-0.1417806950288363,-0.4864685772839422,0.1846846336412927,-0.0009688720422725,0.4060468917952878,0.2341922650046989,0.5549974019961417,0.0140576463190273,0.3547591622186937,-0.4289470243255512,0.1273973104704045,0.0152293951960787,-0.4844704194330868,0.0027958011959606,0.1321402465769226,0.0524971529590221,0.998562894971431,0.1299663533732784,0.000840779142992,0.888698528424315,0.0002029185103068,0.0655687867978563,0.744738069547906,0.2297179975755858,0.3226759588743298,0.4795390312788146,0.3869585260674902,0.7122999315086683,0.3384193364242871,0.4399805827743853,0.572357103159748,0.5142012940582728,0.5506605763784594,0.1221470276265178,0.1282715225541673,0.1479051156907494,0.4534504804121283,0.4591042182441102,0.4313774227459992,0.75,36191
0,0,0.4866326999293595,-0.2896312917778125,0.0510803894426436,-0.8516609922317622,0.132484428370131,0.5715371617460968,0.0541864731373086,-0.1417806950288363,-0.4864685772839422,0.1846846336412927,-0.0009688720422725,0.4060468917952878,0.2341922650046989,0.5549974019961417,0.0140576463190273,0.3547591622186937,-0.4289470243255512,0.1273973104704045,0.0152293951960787,-0.4844704194330868,0.0027958011959606,0.1321402465769226,0.0524971529590221,0.998562894971431,0.1299663533732784,0.000840779142992,0.888698528424315,0.0002029185103068,0.0655687867978563,0.744738069547906,0.2297179975755858,0.3226759588743298,0.4795390312788146,0.3869585260674902,0.7122999315086683,0.3384193364242871,0.4399805827743853,0.572357103159748,0.5142012940582728,0.5506605763784594,0.1221470276265178,0.1282715225541673,0.1479051156907494,0.4534504804121283,0.4591042182441102,0.4313774227459992,0.75,36201
0,0,0.4866326999293595,-0.2896312917778125,0.0510803894426436,-0.8516609922317622,0.132484428370131,0.5715371617460968,0.0541864731373086,-0.1417806950288363,-0.4864685772839422,0.1846846336412927,-0.0009688720422725,0.4060468917952878,0.2341922650046989,0.5549974019961417,0.0140576463190273,0.3547591622186937,-0.4289470243255512,0.1273973104704045,0.0152293951960787,-0.4844704194330868,0.0027958011959606,0.1321402465769226,0.0524971529590221,0.998562894971431,0.1299663533732784,0.000840779142992,0.888698528424315,0.0002029185103068,0.0655687867978563,0.744738069547906,0.2297179975755858,0.3226759588743298,0.4795390312788146,0.3869585260674902,0.7122999315086683,0.3384193364242871,0.4399805827743853,0.572357103159748,0.5142012940582728,0.5506605763784594,0.1221470276265178,0.1282715225541673,0.1479051156907494,0.4534504804121283,0.4591042182441102,0.4313774227459992,0.75,36211
0,0,0.4866326999293595,-0.2896312917778125,0.0510803894426436,-0.8516609922317622,0.132484428370131,0.5715371617460968,0.0541864731373086,-0.1417806950288363,-0.4864685772839422,0.1846846336412927,-0.0009688720422725,0.4060468917952878,0.2341922650046989,0.5549974019961417,0.0140576463190273,0.3547591622186937,-0.4289470243255512,0.1273973104704045,0.0152293951960787,-0.4844704194330868,0.0027958011959606,0.1321402465769226,0.0524971529590221,0.998562894971431,0.1299663533732784,0.000840779142992,0.888698528424315,0.0002029185103068,0.0655687867978563,0.744738069547906,0.2297179975755858,0.3226759588743298,0.4795390312788146,0.3869585260674902,0.7122999315086683,0.3384193364242871,0.4399805827743853,0.572357103159748,0.5142012940582728,0.5506605763784594,0.1221470276265178,0.1282715225541673,0.1479051156907494,0.4534504804121283,0.4591042182441102,0.4313774227459992,0.75,36221
0,0,0.4866326999293595,-0.2896312917778125,0.0510803894426436,-0.8516609922317622,0.132484428370131,0.5715371617460968,0.0541864731373086,-0.1417806950288363,-0.4864685772839422,0.1846846336412927,-0.0009688720422725,0.4060468917952878,0.2341922650046989,0.5549974019961417,0.0140576463190273,0.3547591622186937,-0.4289470243255512,0.1273973104704045,0.0152293951960787,-0.4844704194330868,0.0027958011959606,0.1321402465769226,0.0524971529590221,0.998562894971431,0.1299663533732784,0.000840779142992,0.888698528424315,0.0002029185103068,0.0655687867978563,0.744738069547906,0.2297179975755858,0.3226759588743298,0.4795390312788146,0.3869585260674902,0.7122999315086683,0.3384193364242871,0.4399805827743853,0.572357103159748,0.5142012940582728,0.5506605763784594,0.1221470276265178,0.1282715225541673,0.1479051156907494,0.4534504804121283,0.4591042182441102,0.4313774227459992,0.75,36231
0,0,0.4866326999293595,-0.2896312917778125,0.0510803894426436,-0.8516609922317622,0.132484428370131,0.5715371617460968,0.0541864731373086,-0.1417806950288363,-0.4864685772839422,0.1846846336412927,-0.0009688720422725,0.4060468917952878,0.2341922650046989,0.5549974019961417,0.0140576463190273,0.3547591622186937,-0.4289470243255512,0.1273973104704045,0.0152293951960787,-0.4844704194330868,0.0027958011959606,0.1321402465769226,0.0524971529590221,0.998562894971431,0.1299663533732784,0.000840779142992,0.888698528424315,0.0002029185103068,0.0655687867978563,0.744738069547906,0.2297179975755858,0.3226759588743298,0.4795390312788146,0.3869585260674902,0.7122999315086683,0.3384193364242871,0.4399805827743853,0.572357103159748,0.5142012940582728,0.5506605763784594,0.1221470276265178,0.1282715225541673,0.1479051156907494,0.4534504804121283,0.4591042182441102,0.4313774227459992,0.75,36241
0,0,0.4866326999293595,-0.2896312917778125,0.0510803894426436,-0.8516609922317622,0.132484428370131,0.5715371617460968,0.0541864731373086,-0.1417806950288363,-0.4864685772839422,0.1846846336412927,-0.0009688720422725,0.4060468917952878,0.2341922650046989,0.5549974019961417,0.0140576463190273,0.3547591622186937,-0.4289470243255512,0.1273973104704045,0.0152293951960787,-0.4844704194330868,0.0027958011959606,0.1321402465769226,0.0524971529590221,0.998562894971431,0.1299663533732784,0.000840779142992,0.888698528424315,0.0002029185103068,0.0655687867978563,0.744738069547906,0.2297179975755858,0.3226759588743298,0.4795390312788146,0.3869585260674902,0.7122999315086683,0.3384193364242871,0.4399805827743853,0.572357103159748,0.5142012940582728,0.5506605763784594,0.1221470276265178,0.1282715225541673,0.1479051156907494,0.4534504804121283,0.4591042182441102,0.4313774227459992,0.75,36260
0,0,0.4866326999293595,-0.2896312917778125,0.0510803894426436,-0.8516609922317622,0.132484428370131,0.5715371617460968,0.0541864731373086,-0.1417806950288363,-0.4864685772839422,0.1846846336412927,-0.0009688720422725,0.4060468917952878,0.2341922650046989,0.5549974019961417,0.0140576463190273,0.3547591622186937,-0.4289470243255512,0.1273973104704045,0.0152293951960787,-0.4844704194330868,0.0027958011959606,0.1321402465769226,0.0524971529590221,0.998562894971431,0.1299663533732784,0.000840779142992,0.888698528424315,0.0002029185103068,0.0655687867978563,0.744738069547906,0.2297179975755858,0.3226759588743298,0.4795390312788146,0.3869585260674902,0.7122999315086683,0.3384193364242871,0.4399805827743853,0.572357103159748,0.5142012940582728,0.5506605763784594,0.1221470276265178,0.1282715225541673,0.1479051156907494,0.4534504804121283,0.4591042182441102,0.4313774227459992,0.75,36271
0,0,0.4866326999293595,-0.2896312917778125,0.0510803894426436,-0.8516609922317622,0.132484428370131,0.5715371617460968,0.0541864731373086,-0.1417806950288363,-0.4864685772839422,0.1846846336412927,-0.0009688720422725,0.4060468917952878,0.2341922650046989,0.5549974019961417,0.0140576463190273,0.3547591622186937,-0.4289470243255512,0.1273973104704045,0.0152293951960787,-0.4844704194330868,0.0027958011959606,0.1321402465769226,0.0524971529590221,0.998562894971431,0.1299663533732784,0.000840779142992,0.888698528424315,0.0002029185103068,0.0655687867978563,0.744738069547906,0.2297179975755858,0.3226759588743298,0.4795390312788146,0.3869585260674902,0.7122999315086683,0.3384193364242871,0.4399805827743853,0.572357103159748,0.5142012940582728,0.5506605763784594,0.1221470276265178,0.1282715225541673,0.1479051156907494,0.4534504804121283,0.4591042182441102,0.4313774227459992,0.75,36282
0,0,0.4866326999293595,-0.2896312917778125,0.0510803894426436,-0.8516609922317622,0.132484428370131,0.5715371617460968,0.0541864731373086,-0.1417806950288363,-0.4864685772839422,0.1846846336412927,-0.0009688720422725,0.4060468917952878,0.2341922650046989,0.5549974019961417,0.0140576463190273,0.3547591622186937,-0.4289470243255512,0.1273973104704045,0.0152293951960787,-0.4844704194330868,0.0027958011959606,0.1321402465769226,0.0524971529590221,0.998562894971431,0.1299663533732784,0.000840779142992,0.888698528424315,0.0002029185103068,0.0655687867978563,0.744738069547906,0.2297179975755858,0.3226759588743298,0.4795390312788146,0.3869585260674902,0.7122999315086683,0.3384193364242871,0.4399805827743853,0.572357103159748,0.5142012940582728,0.5506605763784594,0.1221470276265178,0.1282715225541673,0.1479051156907494,0.4534504804121283,0.4591042182441102,0.4313774227459992,0.75,36293
0,0,0.4866326999293595,-0.2896312917778125,0.0510803894426436,-0.8516609922317622,0.132484428370131,0.5715371617460968,0.0541864731373086,-0.1417806950288363,-0.4864685772839422,0.1846846336412927,-0.0009688720422725,0.4060468917952878,0.2341922650046989,0.5549974019961417,0.0140576463190273,0.3547591622186937,-0.4289470243255512,0.1273973104704045,0.0152293951960787,-0.4844704194330868,0.0027958011959606,0.1321402465769226,0.0524971529590221,0.998562894971431,0.1299663533732784,0.000840779142992,0.888698528424315,0.0002029185103068,0.0655687867978563,0.744738069547906,0.2297179975755858,0.3226759588743298,0.4795390312788146,0.3869585260674902,0.7122999315086683,0.3384193364242871,0.4399805827743853,0.572357103159748,0.5142012940582728,0.5506605763784594,0.1221470276265178,0.1282715225541673,0.1479051156907494,0.4534504804121283,0.4591042182441102,0.4313774227459992,0.75,36303
0,0,0.4866326999293595,-0.2896312917778125,0.0510803894426436,-0.8516609922317622,0.132484428370131,0.5715371617460968,0.0541864731373086,-0.1417806950288363,-0.4864685772839422,0.1846846336412927,-0.0009688720422725,0.4060468917952878,0.2341922650046989,0.5549974019961417,0.0140576463190273,0.3547591622186937,-0.4289470243255512,0.1273973104704045,0.0152293951960787,-0.4844704194330868,0.0027958011959606,0.1321402465769226,0.0524971529590221,0.998562894971431,0.1299663533732784,0.000840779142992,0.888698528424315,0.0002029185103068,0.0655687867978563,0.744738069547906,0.2297179975755858,0.3226759588743298,0.4795390312788146,0.3869585260674902,0.7122999315086683,0.3384193364242871,0.4399805827743853,0.572357103159748,0.5142012940582728,0.5506605763784594,0.1221470276265178,0.1282715225541673,0.1479051156907494,0.4534504804121283,0.4591042182441102,0.4313774227459992,0.75,36313
0,0,0.4866326999293595,-0.2896312917778125,0.0510803894426436,-0.8516609922317622,0.132484428370131,0.5715371617460968,0.0541864731373086,-0.1417806950288363,-0.4864685772839422,0.1846846336412927,-0.0009688720422725,0.4060468917952878,0.2341922650046989,0.5549974019961417,0.0140576463190273,0.3547591622186937,-0.4289470243255512,0.1273973104704045,0.0152293951960787,-0.4844704194330868,0.0027958011959606,0.1321402465769226,0.0524971529590221,0.998562894971431,0.1299663533732784,0.000840779142992,0.888698528424315,0.0002029185103068,0.0655687867978563,0.744738069547906,0.2297179975755858,0.3226759588743298,0.4795390312788146,0.3869585260674902,0.7122999315086683,0.3384193364242871,0.4399805827743853,0.572357103159748,0.5142012940582728,0.5506605763784594,0.1221470276265178,0.1282715225541673,0.1479051156907494,0.4534504804121283,0.4591042182441102,0.4313774227459992,0.75,36323
0,0,0.4866326999293595,-0.2896312917778125,0.0510803894426436,-0.8516609922317622,0.132484428370131,0.5715371617460968,0.0541864731373086,-0.1417806950288363,-0.4864685772839422,0.1846846336412927,-0.0009688720422725,0.4060468917952878,0.2341922650046989,0.5549974019961417,0.0140576463190273,0.3547591622186937,-0.4289470243255512,0.1273973104704045,0.0152293951960787,-0.4844704194330868,0.0027958011959606,0.1321402465769226,0.0524971529590221,0.998562894971431,0.1299663533732784,0.000840779142992,0.888698528424315,0.0002029185103068,0.0655687867978563,0.744738069547906,0.2297179975755858,0.3226759588743298,0.4795390312788146,0.3869585260674902,0.7122999315086683,0.3384193364242871,0.4399805827743853,0.572357103159748,0.5142012940582728,0.5506605763784594,0.1221470276265178,0.1282715225541673,0.1479051156907494,0.4534504804121283,0.4591042182441102,0.4313774227459992,0.75,36333
0,0,0.4866326999293595,-0.2896312917778125,0.0510803894426436,-0.8516609922317622,0.132484428370131,0.5715371617460968,0.0541864731373086,-0.1417806950288363,-0.4864685772839422,0.1846846336412927,-0.0009688720422725,0.4060468917952878,0.2341922650046989,0.5549974019961417,0.0140576463190273,0.3547591622186937,-0.4289470243255512,0.1273973104704045,0.0152293951960787,-0.4844704194330868,0.0027958011959606,0.1321402465769226,0.0524971529590221,0.998562894971431,0.1299663533732784,0.000840779142992,0.888698528424315,0.0002029185103068,0.0655687867978563,0.744738069547906,0.2297179975755858,0.3226759588743298,0.4795390312788146,0.3869585260674902,0.7122999315086683,0.3384193364242871,0.4399805827743853,0.572357103159748,0.5142012940582728,0.5506605763784594,0.1221470276265178,0.1282715225541673,0.1479051156907494,0.4534504804121283,0.4591042182441102,0.4313774227459992,0.75,36343
0,0,0.4866326999293595,-0.2896312917778125,0.0510803894426436,-0.8516609922317622,0.132484428370131,0.5715371617460968,0.0541864731373086,-0.1417806950288363,-0.4864685772839422,0.1846846336412927,-0.0009688720422725,0.4060468917952878,0.2341922650046989,0.5549974019961417,0.0140576463190273,0.3547591622186937,-0.4289470243255512,0.1273973104704045,0.0152293951960787,-0.4844704194330868,0.0027958011959606,0.1321402465769226,0.0524971529590221,0.998562894971431,0.1299663533732784,0.000840779142992,0.888698528424315,0.0002029185103068,0.0655687867978563,0.744738069547906,0.2297179975755858,0.3226759588743298,0.4795390312788146,0.3869585260674902,0.7122999315086683,0.3384193364242871,0.4399805827743853,0.572357103159748,0.5142012940582728,0.5506605763784594,0.1221470276265178,0.1282715225541673,0.1479051156907494,0.4534504804121283,0.4591042182441102,0.4313774227459992,0.75,36353
0,0,0.4866326999293595,-0.2896312917778125,0.0510803894426436,-0.8516609922317622,0.132484428370131,0.5715371617460968,0.0541864731373086,-0.1417806950288363,-0.4864685772839422,0.1846846336412927,-0.0009688720422725,0.4060468917952878,0.2341922650046989,0.5549974019961417,0.0140576463190273,0.3547591622186937,-0.4289470243255512,0.1273973104704045,0.0152293951960787,-0.4844704194330868,0.0027958011959606,0.1321402465769226,0.0524971529590221,0.998562894971431,0.1299663533732784,0.000840779142992,0.888698528424315,0.0002029185103068,0.0655687867978563,0.744738069547906,0.2297179975755858,0.3226759588743298,0.4795390312788146,0.3869585260674902,0.7122999315086683,0.3384193364242871,0.4399805827743853,0.572357103159748,0.5142012940582728,0.5506605763784594,0.1221470276265178,0.1282715225541673,0.1479051156907494,0.4534504804121283,0.4591042182441102,0.4313774227459992,0.75,36363
0,0,0.4866326999293595,-0.2896312917778125,0.0510803894426436,-0.8516609922317622,0.132484428370131,0.5715371617460968,0.0541864731373086,-0.1417806950288363,-0.4864685772839422,0.1846846336412927,-0.0009688720422725,0.4060468917952878,0.2341922650046989,0.5549974019961417,0.0140576463190273,0.3547591622186937,-0.4289470243255512,0.1273973104704045,0.0152293951960787,-0.4844704194330868,0.0027958011959606,0.1321402465769226,0.0524971529590221,0.998562894971431,0.1299663533732784,0.000840779142992,0.888698528424315,0.0002029185103068,0.0655687867978563,0.744738069547906,0.2297179975755858,0.3226759588743298,0.4795390312788146,0.3869585260674902,0.7122999315086683,0.3384193364242871,0.4399805827743853,0.572357103159748,0.5142012940582728,0.5506605763784594,0.1221470276265178,0.1282715225541673,0.1479051156907494,0.4534504804121283,0.4591042182441102,0.4313774227459992,0.75,36373
0,0,0.4866326999293595,-0.2896312917778125,0.0510803894426436,-0.8516609922317622,0.132484428370131,0.5715371617460968,0.0541864731373086,-0.1417806950288363,-0.4864685772839422,0.1846846336412927,-0.0009688720422725,0.4060468917952878,0.2341922650046989,0.5549974019961417,0.0140576463190273,0.3547591622186937,-0.4289470243255512,0.1273973104704045,0.0152293951960787,-0.4844704194330868,0.0027958011959606,0.1321402465769226,0.0524971529590221,0.998562894971431,0.1299663533732784,0.000840779142992,0.888698528424315,0.0002029185103068,0.0655687867978563,0.744738069547906,0.2297179975755858,0.3226759588743298,0.4795390312788146,0.3869585260674902,0.7122999315086683,0.3384193364242871,0.4399805827743853,0.572357103159748,0.5142012940582728,0.5506605763784594,0.1221470276265178,0.1282715225541673,0.1479051156907494,0.4534504804121283,0.4591042182441102,0.4313774227459992,0.75,36383
0,0,0.4866326999293595,-0.2896312917778125,0.0510803894426436,-0.8516609922317622,0.132484428370131,0.5715371617460968,0.0541864731373086,-0.1417806950288363,-0.4864685772839422,0.1846846336412927,-0.0009688720422725,0.4060468917952878,0.2341922650046989,0.5549974019961417,0.0140576463190273,0.3547591622186937,-0.4289470243255512,0.1273973104704045,0.0152293951960787,-0.4844704194330868,0.0027958011959606,0.1321402465769226,0.0524971529590221,0.998562894971431,0.1299663533732784,0.000840779142992,0.888698528424315,0.0002029185103068,0.0655687867978563,0.744738069547906,0.2297179975755858,0.3226759588743298,0.4795390312788146,0.3869585260674902,0.7122999315086683,0.3384193364242871,0.4399805827743853,0.572357103159748,0.5142012940582728,0.5506605763784594,0.1221470276265178,0.1282715225541673,0.1479051156907494,0.4534504804121283,0.4591042182441102,0.4313774227459992,0.75,36393
0,0,0.4866326999293595,-0.2896312917778125,0.0510803894426436,-0.8516609922317622,0.132484428370131,0.5715371617460968,0.0541864731373086,-0.1417806950288363,-0.4864685772839422,0.1846846336412927,-0.0009688720422725,0.4060468917952878,0.2341922650046989,0.5549974019961417,0.0140576463190273,0.3547591622186937,-0.4289470243255512,0.1273973104704045,0.0152293951960787,-0.4844704194330868,0.0027958011959606,0.1321402465769226,0.0524971529590221,0.998562894971431,0.1299663533732784,0.000840779142992,0.888698528424315,0.0002029185103068,0.0655687867978563,0.744738069547906,0.2297179975755858,0.3226759588743298,0.4795390312788146,0.3869585260674902,0.7122999315086683,0.3384193364242871,0.4399805827743853,0.572357103159748,0.5142012940582728,0.5506605763784594,0.1221470276265178,0.1282715225541673,0.1479051156907494,0.4534504804121283,0.4591042182441102,0.4313774227459992,0.75,36404
0,0,0.4866326999293595,-0.2896312917778125,0.0510803894426436,-0.8516609922317622,0.132484428370131,0.5715371617460968,0.0541864731373086,-0.1417806950288363,-0.4864685772839422,0.1846846336412927,-0.0009688720422725,0.4060468917952878,0.2341922650046989,0.5549974019961417,0.0140576463190273,0.3547591622186937,-0.4289470243255512,0.1273973104704045,0.0152293951960787,-0.4844704194330868,0.0027958011959606,0.1321402465769226,0.0524971529590221,0.998562894971431,0.1299663533732784,0.000840779142992,0.888698528424315,0.0002029185103068,0.0655687867978563,0.744738069547906,0.2297179975755858,0.3226759588743298,0.4795390312788146,0.3869585260674902,0.7122999315086683,0.3384193364242871,0.4399805827743853,0.572357103159748,0.5142012940582728,0.5506605763784594,0.1221470276265178,0.1282715225541673,0.1479051156907494,0.4534504804121283,0.4591042182441102,0.4313774227459992,0.75,36414
0,0,0.4866326999293595,-0.2896312917778125,0.0510803894426436,-0.8516609922317622,0.132484428370131,0.5715371617460968,0.0541864731373086,-0.1417806950288363,-0.4864685772839422,0.1846846336412927,-0.0009688720422725,0.4060468917952878,0.2341922650046989,0.5549974019961417,0.0140576463190273,0.3547591622186937,-0.4289470243255512,0.1273973104704045,0.0152293951960787,-0.4844704194330868,0.0027958011959606,0.1321402465769226,0.0524971529590221,0.998562894971431,0.1299663533732784,0.000840779142992,0.888698528424315,0.0002029185103068,0.0655687867978563,0.744738069547906,0.2297179975755858,0.3226759588743298,0.4795390312788146,0.3869585260674902,0.7122999315086683,0.3384193364242871,0.4399805827743853,0.572357103159748,0.5142012940582728,0.5506605763784594,0.1221470276265178,0.1282715225541673,0.1479051156907494,0.4534504804121283,0.4591042182441102,0.4313774227459992,0.75,36431
0,0,0.4866326999293595,-0.2896312917778125,0.0510803894426436,-0.8516609922317622,0.132484428370131,0.5715371617460968,0.0541864731373086,-0.1417806950288363,-0.4864685772839422,0.1846846336412927,-0.0009688720422725,0.4060468917952878,0.2341922650046989,0.5549974019961417,0.0140576463190273,0.3547591622186937,-0.4289470243255512,0.1273973104704045,0.0152293951960787,-0.4844704194330868,0.0027958011959606,0.1321402465769226,0.0524971529590221,0.998562894971431,0.1299663533732784,0.000840779142992,0.888698528424315,0.0002029185103068,0.0655687867978563,0.744738069547906,0.2297179975755858,0.3226759588743298,0.4795390312788146,0.3869585260674902,0.7122999315086683,0.3384193364242871,0.4399805827743853,0.572357103159748,0.5142012940582728,0.5506605763784594,0.1221470276265178,0.1282715225541673,0.1479051156907494,0.4534504804121283,0.4591042182441102,0.4313774227459992,0.75,36441
0,0,0.4866326999293595,-0.2896312917778125,0.0510803894426436,-0.8516609922317622,0.132484428370131,0.5715371617460968,0.0541864731373086,-0.1417806950288363,-0.4864685772839422,0.1846846336412927,-0.0009688720422725,0.4060468917952878,0.2341922650046989,0.5549974019961417,0.0140576463190273,0.3547591622186937,-0.4289470243255512,0.1273973104704045,0.0152293951960787,-0.4844704194330868,0.0027958011959606,0.1321402465769226,0.0524971529590221,0.998562894971431,0.1299663533732784,0.000840779142992,0.888698528424315,0.0002029185103068,0.0655687867978563,0.744738069547906,0.2297179975755858,0.3226759588743298,0.4795390312788146,0.3869585260674902,0.7122999315086683,0.3384193364242871,0.4399805827743853,0.572357103159748,0.5142012940582728,0.5506605763784594,0.1221470276265178,0.1282715225541673,0.1479051156907494,0.4534504804121283,0.4591042182441102,0.4313774227459992,0.75,36451
0,0,0.4866326999293595,-0.2896312917778125,0.0510803894426436,-0.8516609922317622,0.132484428370131,0.5715371617460968,0.0541864731373086,-0.1417806950288363,-0.4864685772839422,0.1846846336412927,-0.0009688720422725,0.4060468917952878,0.2341922650046989,0.5549974019961417,0.0140576463190273,0.3547591622186937,-0.4289470243255512,0.1273973104704045,0.0152293951960787,-0.4844704194330868,0.0027958011959606,0.1321402465769226,0.0524971529590221,0.998562894971431,0.1299663533732784,0.000840779142992,0.888698528424315,0.0002029185103068,0.0655687867978563,0.744738069547906,0.2297179975755858,0.3226759588743298,0.4795390312788146,0.3869585260674902,0.7122999315086683,0.3384193364242871,0.4399805827743853,0.572357103159748,0.5142012940582728,0.5506605763784594,0.1221470276265178,0.1282715225541673,0.1479051156907494,0.4534504804121283,0.4591042182441102,0.4313774227459992,0.75,36461
0,0,0.4866326999293595,-0.2896312917778125,0.0510803894426436,-0.8516609922317622,0.132484428370131,0.5715371617460968,0.0541864731373086,-0.1417806950288363,-0.4864685772839422,0.1846846336412927,-0.0009688720422725,0.4060468917952878,0.2341922650046989,0.5549974019961417,0.0140576463190273,0.3547591622186937,-0.4289470243255512,0.1273973104704045,0.0152293951960787,-0.4844704194330868,0.0027958011959606,0.1321402465769226,0.0524971529590221,0.998562894971431,0.1299663533732784,0.000840779142992,0.888698528424315,0.0002029185103068,0.0655687867978563,0.744738069547906,0.2297179975755858,0.3226759588743298,0.4795390312788146,0.3869585260674902,0.7122999315086683,0.3384193364242871,0.4399805827743853,0.572357103159748,0.5142012940582728,0.5506605763784594,0.1221470276265178,0.1282715225541673,0.1479051156907494,0.4534504804121283,0.4591042182441102,0.4313774227459992,0.75,36471
0,0,0.4866326999293595,-0.2896312917778125,0.0510803894426436,-0.8516609922317622,0.132484428370131,0.5715371617460968,0.0541864731373086,-0.1417806950288363,-0.4864685772839422,0.1846846336412927,-0.0009688720422725,0.4060468917952878,0.2341922650046989,0.5549974019961417,0.0140576463190273,0.3547591622186937,-0.4289470243255512,0.1273973104704045,0.0152293951960787,-0.4844704194330868,0.0027958011959606,0.1321402465769226,0.0524971529590221,0.998562894971431,0.1299663533732784,0.000840779142992,0.888698528424315,0.0002029185103068,0.0655687867978563,0.744738069547906,0.2297179975755858,0.3226759588743298,0.4795390312788146,0.3869585260674902,0.7122999315086683,0.3384193364242871,0.4399805827743853,0.572357103159748,0.5142012940582728,0.5506605763784594,0.1221470276265178,0.1282715225541673,0.1479051156907494,0.4534504804121283,0.4591042182441102,0.4313774227459992,0.75,36482
0,0,0.4866326999293595,-0.2896312917778125,0.0510803894426436,-0.8516609922317622,0.132484428370131,0.5715371617460968,0.0541864731373086,-0.1417806950288363,-0.4864685772839422,0.1846846336412927,-0.0009688720422725,0.4060468917952878,0.2341922650046989,0.5549974019961417,0.0140576463190273,0.3547591622186937,-0.4289470243255512,0.1273973104704045,0.0152293951960787,-0.4844704194330868,0.0027958011959606,0.1321402465769226,0.0524971529590221,0.998562894971431,0.1299663533732784,0.000840779142992,0.888698528424315,0.0002029185103068,0.0655687867978563,0.744738069547906,0.2297179975755858,0.3226759588743298,0.4795390312788146,0.3869585260674902,0.7122999315086683,0.3384193364242871,0.4399805827743853,0.572357103159748,0.5142012940582728,0.5506605763784594,0.1221470276265178,0.1282715225541673,0.1479051156907494,0.4534504804121283,0.4591042182441102,0.4313774227459992,0.75,36493
0,0,0.4866326999293595,-0.2896312917778125,0.0510803894426436,-0.8516609922317622,0.132484428370131,0.5715371617460968,0.0541864731373086,-0.1417806950288363,-0.4864685772839422,0.1846846336412927,-0.0009688720422725,0.4060468917952878,0.2341922650046989,0.5549974019961417,0.0140576463190273,0.3547591622186937,-0.4289470243255512,0.1273973104704045,0.0152293951960787,-0.4844704194330868,0.0027958011959606,0.1321402465769226,0.0524971529590221,0.998562894971431,0.1299663533732784,0.000840779142992,0.888698528424315,0.0002029185103068,0.0655687867978563,0.744738069547906,0.2297179975755858,0.3226759588743298,0.4795390312788146,0.3869585260674902,0.7122999315086683,0.3384193364242871,0.4399805827743853,0.572357103159748,0.5142012940582728,0.5506605763784594,0.1221470276265178,0.1282715225541673,0.1479051156907494,0.4534504804121283,0.4591042182441102,0.4313774227459992,0.75,36513
0,0,0.4866326999293595,-0.2896312917778125,0.0510803894426436,-0.8516609922317622,0.132484428370131,0.5715371617460968,0.0541864731373086,-0.1417806950288363,-0.4864685772839422,0.1846846336412927,-0.0009688720422725,0.4060468917952878,0.2341922650046989,0.5549974019961417,0.0140576463190273,0.3547591622186937,-0.4289470243255512,0.1273973104704045,0.0152293951960787,-0.4844704194330868,0.0027958011959606,0.1321402465769226,0.0524971529590221,0.998562894971431,0.1299663533732784,0.000840779142992,0.888698528424315,0.0002029185103068,0.0655687867978563,0.744738069547906,0.2297179975755858,0.3226759588743298,0.4795390312788146,0.3869585260674902,0.7122999315086683,0.3384193364242871,0.4399805827743853,0.572357103159748,0.5142012940582728,0.5506605763784594,0.1221470276265178,0.1282715225541673,0.1479051156907494,0.4534504804121283,0.4591042182441102,0.4313774227459992,0.75,36523
0,0,0.4866326999293595,-0.2896312917778125,0.0510803894426436,-0.8516609922317622,0.132484428370131,0.5715371617460968,0.0541864731373086,-0.1417806950288363,-0.4864685772839422,0.1846846336412927,-0.0009688720422725,0.4060468917952878,0.2341922650046989,0.5549974019961417,0.0140576463190273,0.3547591622186937,-0.4289470243255512,0.1273973104704045,0.0152293951960787,-0.4844704194330868,0.0027958011959606,0.1321402465769226,0.0524971529590221,0.998562894971431,0.1299663533732784,0.000840779142992,0.888698528424315,0.0002029185103068,0.0655687867978563,0.744738069547906,0.2297179975755858,0.3226759588743298,0.4795390312788146,0.3869585260674902,0.7122999315086683,0.3384193364242871,0.4399805827743853,0.572357103159748,0.5142012940582728,0.5506605763784594,0.1221470276265178,0.1282715225541673,0.1479051156907494,0.4534504804121283,0.4591042182441102,0.4313774227459992,0.75,36534
0,0,0.4866326999293595,-0.2896312917778125,0.0510803894426436,-0.8516609922317622,0.132484428370131,0.5715371617460968,0.0541864731373086,-0.1417806950288363,-0.4864685772839422,0.1846846336412927,-0.0009688720422725,0.4060468917952878,0.2341922650046989,0.5549974019961417,0.0140576463190273,0.3547591622186937,-0.4289470243255512,0.1273973104704045,0.0152293951960787,-0.4844704194330868,0.0027958011959606,0.1321402465769226,0.0524971529590221,0.998562894971431,0.1299663533732784,0.000840779142992,0.888698528424315,0.0002029185103068,0.0655687867978563,0.744738069547906,0.2297179975755858,0.3226759588743298,0.4795390312788146,0.3869585260674902,0.7122999315086683,0.3384193364242871,0.4399805827743853,0.572357103159748,0.5142012940582728,0.5506605763784594,0.1221470276265178,0.1282715225541673,0.1479051156907494,0.4534504804121283,0.4591042182441102,0.4313774227459992,0.75,36544
0,0,0.4866326999293595,-0.2896312917778125,0.0510803894426436,-0.8516609922317622,0.132484428370131,0.5715371617460968,0.0541864731373086,-0.1417806950288363,-0.4864685772839422,0.1846846336412927,-0.0009688720422725,0.4060468917952878,0.2341922650046989,0.5549974019961417,0.0140576463190273,0.3547591622186937,-0.4289470243255512,0.1273973104704045,0.0152293951960787,-0.4844704194330868,0.0027958011959606,0.1321402465769226,0.0524971529590221,0.998562894971431,0.1299663533732784,0.000840779142992,0.888698528424315,0.0002029185103068,0.0655687867978563,0.744738069547906,0.2297179975755858,0.3226759588743298,0.4795390312788146,0.3869585260674902,0.7122999315086683,0.3384193364242871,0.4399805827743853,0.572357103159748,0.5142012940582728,0.5506605763784594,0.1221470276265178,0.1282715225541673,0.1479051156907494,0.4534504804121283,0.4591042182441102,0.4313774227459992,0.75,36554
0,0,0.4866326999293595,-0.2896312917778125,0.0510803894426436,-0.8516609922317622,0.132484428370131,0.5715371617460968,0.0541864731373086,-0.1417806950288363,-0.4864685772839422,0.1846846336412927,-0.0009688720422725,0.4060468917952878,0.2341922650046989,0.5549974019961417,0.0140576463190273,0.3547591622186937,-0.4289470243255512,0.1273973104704045,0.0152293951960787,-0.4844704194330868,0.0027958011959606,0.1321402465769226,0.0524971529590221,0.998562894971431,0.1299663533732784,0.000840779142992,0.888698528424315,0.0002029185103068,0.0655687867978563,0.744738069547906,0.2297179975755858,0.3226759588743298,0.4795390312788146,0.3869585260674902,0.7122999315086683,0.3384193364242871,0.4399805827743853,0.572357103159748,0.5142012940582728,0.5506605763784594,0.1221470276265178,0.1282715225541673,0.1479051156907494,0.4534504804121283,0.4591042182441102,0.4313774227459992,0.75,36565
0,0,0.4866326999293595,-0.2896312917778125,0.0510803894426436,-0.8516609922317622,0.132484428370131,0.5715371617460968,0.0541864731373086,-0.1417806950288363,-0.4864685772839422,0.1846846336412927,-0.0009688720422725,0.4060468917952878,0.2341922650046989,0.5549974019961417,0.0140576463190273,0.3547591622186937,-0.4289470243255512,0.1273973104704045,0.0152293951960787,-0.4844704194330868,0.0027958011959606,0.1321402465769226,0.0524971529590221,0.998562894971431,0.1299663533732784,0.000840779142992,0.888698528424315,0.0002029185103068,0.0655687867978563,0.744738069547906,0.2297179975755858,0.3226759588743298,0.4795390312788146,0.3869585260674902,0.7122999315086683,0.3384193364242871,0.4399805827743853,0.572357103159748,0.5142012940582728,0.5506605763784594,0.1221470276265178,0.1282715225541673,0.1479051156907494,0.4534504804121283,0.4591042182441102,0.4313774227459992,0.75,36575
0,0,0.4866326999293595,-0.2896312917778125,0.0510803894426436,-0.8516609922317622,0.132484428370131,0.5715371617460968,0.0541864731373086,-0.1417806950288363,-0.4864685772839422,0.1846846336412927,-0.0009688720422725,0.4060468917952878,0.2341922650046989,0.5549974019961417,0.0140576463190273,0.3547591622186937,-0.4289470243255512,0.1273973104704045,0.0152293951960787,-0.4844704194330868,0.0027958011959606,0.1321402465769226,0.0524971529590221,0.998562894971431,0.1299663533732784,0.000840779142992,0.888698528424315,0.0002029185103068,0.0655687867978563,0.744738069547906,0.2297179975755858,0.3226759588743298,0.4795390312788146,0.3869585260674902,0.7122999315086683,0.3384193364242871,0.4399805827743853,0.572357103159748,0.5142012940582728,0.5506605763784594,0.1221470276265178,0.1282715225541673,0.1479051156907494,0.4534504804121283,0.4591042182441102,0.4313774227459992,0.75,36586
0,0,0.4866326999293595,-0.2896312917778125,0.0510803894426436,-0.8516609922317622,0.132484428370131,0.5715371617460968,0.0541864731373086,-0.1417806950288363,-0.4864685772839422,0.1846846336412927,-0.0009688720422725,0.4060468917952878,0.2341922650046989,0.5549974019961417,0.0140576463190273,0.3547591622186937,-0.4289470243255512,0.1273973104704045,0.0152293951960787,-0.4844704194330868,0.0027958011959606,0.1321402465769226,0.0524971529590221,0.998562894971431,0.1299663533732784,0.000840779142992,0.888698528424315,0.0002029185103068,0.0655687867978563,0.744738069547906,0.2297179975755858,0.3226759588743298,0.4795390312788146,0.3869585260674902,0.7122999315086683,0.3384193364242871,0.4399805827743853,0.572357103159748,0.5142012940582728,0.5506605763784594,0.1221470276265178,0.1282715225541673,0.1479051156907494,0.4534504804121283,0.4591042182441102,0.4313774227459992,0.75,36596
0,0,0.4866326999293595,-0.2896312917778125,0.0510803894426436,-0.8516609922317622,0.132484428370131,0.5715371617460968,0.0541864731373086,-0.1417806950288363,-0.4864685772839422,0.1846846336412927,-0.0009688720422725,0.4060468917952878,0.2341922650046989,0.5549974019961417,0.0140576463190273,0.3547591622186937,-0.4289470243255512,0.1273973104704045,0.0152293951960787,-0.4844704194330868,0.0027958011959606,0.1321402465769226,0.0524971529590221,0.998562894971431,0.1299663533732784,0.000840779142992,0.888698528424315,0.0002029185103068,0.0655687867978563,0.744738069547906,0.2297179975755858,0.3226759588743298,0.4795390312788146,0.3869585260674902,0.7122999315086683,0.3384193364242871,0.4399805827743853,0.572357103159748,0.5142012940582728,0.5506605763784594,0.1221470276265178,0.1282715225541673,0.1479051156907494,0.4534504804121283,0.4591042182441102,0.4313774227459992,0.75,36606
0,0,0.4866326999293595,-0.2896312917778125,0.0510803894426436,-0.8516609922317622,0.132484428370131,0.5715371617460968,0.0541864731373086,-0.1417806950288363,-0.4864685772839422,0.1846846336412927,-0.0009688720422725,0.4060468917952878,0.2341922650046989,0.5549974019961417,0.0140576463190273,0.3547591622186937,-0.4289470243255512,0.1273973104704045,0.0152293951960787,-0.4844704194330868,0.0027958011959606,0.1321402465769226,0.0524971529590221,0.998562894971431,0.1299663533732784,0.000840779142992,0.888698528424315,0.0002029185103068,0.0655687867978563,0.744738069547906,0.2297179975755858,0.3226759588743298,0.4795390312788146,0.3869585260674902,0.7122999315086683,0.3384193364242871,0.4399805827743853,0.572357103159748,0.5142012940582728,0.5506605763784594,0.1221470276265178,0.1282715225541673,0.1479051156907494,0.4534504804121283,0.4591042182441102,0.4313774227459992,0.75,36625
0,0,0.4866326999293595,-0.2896312917778125,0.0510803894426436,-0.8516609922317622,0.132484428370131,0.5715371617460968,0.0541864731373086,-0.1417806950288363,-0.4864685772839422,0.1846846336412927,-0.0009688720422725,0.4060468917952878,0.2341922650046989,0.5549974019961417,0.0140576463190273,0.3547591622186937,-0.4289470243255512,0.1273973104704045,0.0152293951960787,-0.4844704194330868,0.0027958011959606,0.1321402465769226,0.0524971529590221,0.998562894971431,0.1299663533732784,0.000840779142992,0.888698528424315,0.0002029185103068,0.0655687867978563,0.744738069547906,0.2297179975755858,0.3226759588743298,0.4795390312788146,0.3869585260674902,0.7122999315086683,0.3384193364242871,0.4399805827743853,0.572357103159748,0.5142012940582728,0.5506605763784594,0.1221470276265178,0.1282715225541673,0.1479051156907494,0.4534504804121283,0.4591042182441102,0.4313774227459992,0.75,36643
0,0,0.4866326999293595,-0.2896312917778125,0.0510803894426436,-0.8516609922317622,0.132484428370131,0.5715371617460968,0.0541864731373086,-0.1417806950288363,-0.4864685772839422,0.1846846336412927,-0.0009688720422725,0.4060468917952878,0.2341922650046989,0.5549974019961417,0.0140576463190273,0.3547591622186937,-0.4289470243255512,0.1273973104704045,0.0152293951960787,-0.4844704194330868,0.0027958011959606,0.1321402465769226,0.0524971529590221,0.998562894971431,0.1299663533732784,0.000840779142992,0.888698528424315,0.0002029185103068,0.0655687867978563,0.744738069547906,0.2297179975755858,0.3226759588743298,0.4795390312788146,0.3869585260674902,0.7122999315086683,0.3384193364242871,0.4399805827743853,0.572357103159748,0.5142012940582728,0.5506605763784594,0.1221470276265178,0.1282715225541673,0.1479051156907494,0.4534504804121283,0.4591042182441102,0.4313774227459992,0.75,36653
0,0,0.4866326999293595,-0.2896312917778125,0.0510803894426436,-0.8516609922317622,0.132484428370131,0.5715371617460968,0.0541864731373086,-0.1417806950288363,-0.4864685772839422,0.1846846336412927,-0.0009688720422725,0.4060468917952878,0.2341922650046989,0.5549974019961417,0.0140576463190273,0.3547591622186937,-0.4289470243255512,0.1273973104704045,0.0152293951960787,-0.4844704194330868,0.0027958011959606,0.1321402465769226,0.0524971529590221,0.998562894971431,0.1299663533732784,0.000840779142992,0.888698528424315,0.0002029185103068,0.0655687867978563,0.744738069547906,0.2297179975755858,0.3226759588743298,0.4795390312788146,0.3869585260674902,0.7122999315086683,0.3384193364242871,0.4399805827743853,0.572357103159748,0.5142012940582728,0.5506605763784594,0.1221470276265178,0.1282715225541673,0.1479051156907494,0.4534504804121283,0.4591042182441102,0.4313774227459992,0.75,36663
0,0,0.4866326999293595,-0.2896312917778125,0.0510803894426436,-0.8516609922317622,0.132484428370131,0.5715371617460968,0.0541864731373086,-0.1417806950288363,-0.4864685772839422,0.1846846336412927,-0.0009688720422725,0.4060468917952878,0.2341922650046989,0.5549974019961417,0.0140576463190273,0.3547591622186937,-0.4289470243255512,0.1273973104704045,0.0152293951960787,-0.4844704194330868,0.0027958011959606,0.1321402465769226,0.0524971529590221,0.998562894971431,0.1299663533732784,0.000840779142992,0.888698528424315,0.0002029185103068,0.0655687867978563,0.744738069547906,0.2297179975755858,0.3226759588743298,0.4795390312788146,0.3869585260674902,0.7122999315086683,0.3384193364242871,0.4399805827743853,0.572357103159748,0.5142012940582728,0.5506605763784594,0.1221470276265178,0.1282715225541673,0.1479051156907494,0.4534504804121283,0.4591042182441102,0.4313774227459992,0.75,36673
0,0,0.4866326999293595,-0.2896312917778125,0.0510803894426436,-0.8516609922317622,0.132484428370131,0.5715371617460968,0.0541864731373086,-0.1417806950288363,-0.4864685772839422,0.1846846336412927,-0.0009688720422725,0.4060468917952878,0.2341922650046989,0.5549974019961417,0.0140576463190273,0.3547591622186937,-0.4289470243255512,0.1273973104704045,0.0152293951960787,-0.4844704194330868,0.0027958011959606,0.1321402465769226,0.0524971529590221,0.998562894971431,0.1299663533732784,0.000840779142992,0.888698528424315,0.0002029185103068,0.0655687867978563,0.744738069547906,0.2297179975755858,0.3226759588743298,0.4795390312788146,0.3869585260674902,0.7122999315086683,0.3384193364242871,0.4399805827743853,0.572357103159748,0.5142012940582728,0.5506605763784594,0.1221470276265178,0.1282715225541673,0.1479051156907494,0.4534504804121283,0.4591042182441102,0.4313774227459992,0.75,36683
0,0,0.4866326999293595,-0.2896312917778125,0.0510803894426436,-0.8516609922317622,0.132484428370131,0.5715371617460968,0.0541864731373086,-0.1417806950288363,-0.4864685772839422,0.1846846336412927,-0.0009688720422725,0.4060468917952878,0.2341922650046989,0.5549974019961417,0.0140576463190273,0.3547591622186937,-0.4289470243255512,0.1273973104704045,0.0152293951960787,-0.4844704194330868,0.0027958011959606,0.1321402465769226,0.0524971529590221,0.998562894971431,0.1299663533732784,0.000840779142992,0.888698528424315,0.0002029185103068,0.0655687867978563,0.744738069547906,0.2297179975755858,0.3226759588743298,0.4795390312788146,0.3869585260674902,0.7122999315086683,0.3384193364242871,0.4399805827743853,0.572357103159748,0.5142012940582728,0.5506605763784594,0.1221470276265178,0.1282715225541673,0.1479051156907494,0.4534504804121283,0.4591042182441102,0.4313774227459992,0.75,36693
0,0,0.4866326999293595,-0.2896312917778125,0.0510803894426436,-0.8516609922317622,0.132484428370131,0.5715371617460968,0.0541864731373086,-0.1417806950288363,-0.4864685772839422,0.1846846336412927,-0.0009688720422725,0.4060468917952878,0.2341922650046989,0.5549974019961417,0.0140576463190273,0.3547591622186937,-0.4289470243255512,0.1273973104704045,0.0152293951960787,-0.4844704194330868,0.0027958011959606,0.1321402465769226,0.0524971529590221,0.998562894971431,0.1299663533732784,0.000840779142992,0.888698528424315,0.0002029185103068,0.0655687867978563,0.744738069547906,0.2297179975755858,0.3226759588743298,0.4795390312788146,0.3869585260674902,0.7122999315086683,0.3384193364242871,0.4399805827743853,0.572357103159748,0.5142012940582728,0.5506605763784594,0.1221470276265178,0.1282715225541673,0.1479051156907494,0.4534504804121283,0.4591042182441102,0.4313774227459992,0.75,36711
0,0,0.4866326999293595,-0.2896312917778125,0.0510803894426436,-0.8516609922317622,0.132484428370131,0.5715371617460968,0.0541864731373086,-0.1417806950288363,-0.4864685772839422,0.1846846336412927,-0.0009688720422725,0.4060468917952878,0.2341922650046989,0.5549974019961417,0.0140576463190273,0.3547591622186937,-0.4289470243255512,0.1273973104704045,0.0152293951960787,-0.4844704194330868,0.0027958011959606,0.1321402465769226,0.0524971529590221,0.998562894971431,0.1299663533732784,0.000840779142992,0.888698528424315,0.0002029185103068,0.0655687867978563,0.744738069547906,0.2297179975755858,0.3226759588743298,0.4795390312788146,0.3869585260674902,0.7122999315086683,0.3384193364242871,0.4399805827743853,0.572357103159748,0.5142012940582728,0.5506605763784594,0.1221470276265178,0.1282715225541673,0.1479051156907494,0.4534504804121283,0.4591042182441102,0.4313774227459992,0.75,36729
0,0,0.4866326999293595,-0.2896312917778125,0.0510803894426436,-0.8516609922317622,0.132484428370131,0.5715371617460968,0.0541864731373086,-0.1417806950288363,-0.4864685772839422,0.1846846336412927,-0.0009688720422725,0.4060468917952878,0.2341922650046989,0.5549974019961417,0.0140576463190273,0.3547591622186937,-0.4289470243255512,0.1273973104704045,0.0152293951960787,-0.4844704194330868,0.0027958011959606,0.1321402465769226,0.0524971529590221,0.998562894971431,0.1299663533732784,0.000840779142992,0.888698528424315,0.0002029185103068,0.0655687867978563,0.744738069547906,0.2297179975755858,0.3226759588743298,0.4795390312788146,0.3869585260674902,0.7122999315086683,0.3384193364242871,0.4399805827743853,0.572357103159748,0.5142012940582728,0.5506605763784594,0.1221470276265178,0.1282715225541673,0.1479051156907494,0.4534504804121283,0.4591042182441102,0.4313774227459992,0.75,36739
0,0,0.4866326999293595,-0.2896312917778125,0.0510803894426436,-0.8516609922317622,0.132484428370131,0.5715371617460968,0.0541864731373086,-0.1417806950288363,-0.4864685772839422,0.1846846336412927,-0.0009688720422725,0.4060468917952878,0.2341922650046989,0.5549974019961417,0.0140576463190273,0.3547591622186937,-0.4289470243255512,0.1273973104704045,0.0152293951960787,-0.4844704194330868,0.0027958011959606,0.1321402465769226,0.0524971529590221,0.998562894971431,0.1299663533732784,0.000840779142992,0.888698528424315,0.0002029185103068,0.0655687867978563,0.744738069547906,0.2297179975755858,0.3226759588743298,0.4795390312788146,0.3869585260674902,0.7122999315086683,0.3384193364242871,0.4399805827743853,0.572357103159748,0.5142012940582728,0.5506605763784594,0.1221470276265178,0.1282715225541673,0.1479051156907494,0.4534504804121283,0.4591042182441102,0.4313774227459992,0.75,36758
0,0,0.4866326999293595,-0.2896312917778125,0.0510803894426436,-0.8516609922317622,0.132484428370131,0.5715371617460968,0.0541864731373086,-0.1417806950288363,-0.4864685772839422,0.1846846336412927,-0.0009688720422725,0.4060468917952878,0.2341922650046989,0.5549974019961417,0.0140576463190273,0.3547591622186937,-0.4289470243255512,0.1273973104704045,0.0152293951960787,-0.4844704194330868,0.0027958011959606,0.1321402465769226,0.0524971529590221,0.998562894971431,0.1299663533732784,0.000840779142992,0.888698528424315,0.0002029185103068,0.0655687867978563,0.744738069547906,0.2297179975755858,0.3226759588743298,0.4795390312788146,0.3869585260674902,0.7122999315086683,0.3384193364242871,0.4399805827743853,0.572357103159748,0.5142012940582728,0.5506605763784594,0.1221470276265178,0.1282715225541673,0.1479051156907494,0.4534504804121283,0.4591042182441102,0.4313774227459992,0.75,36776
0,0,0.4866326999293595,-0.2896312917778125,0.0510803894426436,-0.8516609922317622,0.132484428370131,0.5715371617460968,0.0541864731373086,-0.1417806950288363,-0.4864685772839422,0.1846846336412927,-0.0009688720422725,0.4060468917952878,0.2341922650046989,0.5549974019961417,0.0140576463190273,0.3547591622186937,-0.4289470243255512,0.1273973104704045,0.0152293951960787,-0.4844704194330868,0.0027958011959606,0.1321402465769226,0.0524971529590221,0.998562894971431,0.1299663533732784,0.000840779142992,0.888698528424315,0.0002029185103068,0.0655687867978563,0.744738069547906,0.2297179975755858,0.3226759588743298,0.4795390312788146,0.3869585260674902,0.7122999315086683,0.3384193364242871,0.4399805827743853,0.572357103159748,0.5142012940582728,0.5506605763784594,0.1221470276265178,0.1282715225541673,0.1479051156907494,0.4534504804121283,0.4591042182441102,0.4313774227459992,0.75,36786
0,0,0.4866326999293595,-0.2896312917778125,0.0510803894426436,-0.8516609922317622,0.132484428370131,0.5715371617460968,0.0541864731373086,-0.1417806950288363,-0.4864685772839422,0.1846846336412927,-0.0009688720422725,0.4060468917952878,0.2341922650046989,0.5549974019961417,0.0140576463190273,0.3547591622186937,-0.4289470243255512,0.1273973104704045,0.0152293951960787,-0.4844704194330868,0.0027958011959606,0.1321402465769226,0.0524971529590221,0.998562894971431,0.1299663533732784,0.000840779142992,0.888698528424315,0.0002029185103068,0.0655687867978563,0.744738069547906,0.2297179975755858,0.3226759588743298,0.4795390312788146,0.3869585260674902,0.7122999315086683,0.3384193364242871,0.4399805827743853,0.572357103159748,0.5142012940582728,0.5506605763784594,0.1221470276265178,0.1282715225541673,0.1479051156907494,0.4534504804121283,0.4591042182441102,0.4313774227459992,0.75,36796
0,0,0.4866326999293595,-0.2896312917778125,0.0510803894426436,-0.8516609922317622,0.132484428370131,0.5715371617460968,0.0541864731373086,-0.1417806950288363,-0.4864685772839422,0.1846846336412927,-0.0009688720422725,0.4060468917952878,0.2341922650046989,0.5549974019961417,0.0140576463190273,0.3547591622186937,-0.4289470243255512,0.1273973104704045,0.0152293951960787,-0.4844704194330868,0.0027958011959606,0.1321402465769226,0.0524971529590221,0.998562894971431,0.1299663533732784,0.000840779142992,0.888698528424315,0.0002029185103068,0.0655687867978563,0.744738069547906,0.2297179975755858,0.3226759588743298,0.4795390312788146,0.3869585260674902,0.7122999315086683,0.3384193364242871,0.4399805827743853,0.572357103159748,0.5142012940582728,0.5506605763784594,0.1221470276265178,0.1282715225541673,0.1479051156907494,0.4534504804121283,0.4591042182441102,0.4313774227459992,0.75,36806
0,0,0.4866326999293595,-0.2896312917778125,0.0510803894426436,-0.8516609922317622,0.132484428370131,0.5715371617460968,0.0541864731373086,-0.1417806950288363,-0.4864685772839422,0.1846846336412927,-0.0009688720422725,0.4060468917952878,0.2341922650046989,0.5549974019961417,0.0140576463190273,0.3547591622186937,-0.4289470243255512,0.1273973104704045,0.0152293951960787,-0.4844704194330868,0.0027958011959606,0.1321402465769226,0.0524971529590221,0.998562894971431,0.1299663533732784,0.000840779142992,0.888698528424315,0.0002029185103068,0.0655687867978563,0.744738069547906,0.2297179975755858,0.3226759588743298,0.4795390312788146,0.3869585260674902,0.7122999315086683,0.3384193364242871,0.4399805827743853,0.572357103159748,0.5142012940582728,0.5506605763784594,0.1221470276265178,0.1282715225541673,0.1479051156907494,0.4534504804121283,0.4591042182441102,0.4313774227459992,0.75,36816
0,0,0.4866326999293595,-0.2896312917778125,0.0510803894426436,-0.8516609922317622,0.132484428370131,0.5715371617460968,0.0541864731373086,-0.1417806950288363,-0.4864685772839422,0.1846846336412927,-0.0009688720422725,0.4060468917952878,0.2341922650046989,0.5549974019961417,0.0140576463190273,0.3547591622186937,-0.4289470243255512,0.1273973104704045,0.0152293951960787,-0.4844704194330868,0.0027958011959606,0.1321402465769226,0.0524971529590221,0.998562894971431,0.1299663533732784,0.000840779142992,0.888698528424315,0.0002029185103068,0.0655687867978563,0.744738069547906,0.2297179975755858,0.3226759588743298,0.4795390312788146,0.3869585260674902,0.7122999315086683,0.3384193364242871,0.4399805827743853,0.572357103159748,0.5142012940582728,0.5506605763784594,0.1221470276265178,0.1282715225541673,0.1479051156907494,0.4534504804121283,0.4591042182441102,0.4313774227459992,0.75,36827
0,0,-0.0976570696712949,-0.303445822275788,0.209233169238088,-0.8458416987549137,0.7234433133558472,-0.089313931531811,0.8472601410846784,-0.4708006294981575,0.0374032651754032,0.324445194392836,-0.4628981922133907,0.6434600851856822,0.1073997979753935,0.635329835353113,-0.7226059432698653,0.5505577881588465,-0.7282115449352902,-0.8667151757942182,-0.0808951040765371,-0.6143292066182173,0.0056177929309577,0.1323671002735115,0.0524723563733249,0.9986710552534168,0.1312477853329777,0.0010049369521102,0.883467083976676,0.0001,0.0662591936653835,0.7427017352116702,0.1557515119199026,0.0820792614383577,0.0001116847053189,0.2211245710257516,0.181502900706033,0.186699950451062,0.7582810671655017,0.5408754305132508,0.5620981523100528,0.0279247391516672,0.1467392210682328,0.1652119951905586,0.2103584302544819,0.454546075361101,0.4469489779939055,0.142638722993584,0.85,3683
0,0,0.4866326999293595,-0.2896312917778125,0.0510803894426436,-0.8516609922317622,0.132484428370131,0.5715371617460968,0.0541864731373086,-0.1417806950288363,-0.4864685772839422,0.1846846336412927,-0.0009688720422725,0.4060468917952878,0.2341922650046989,0.5549974019961417,0.0140576463190273,0.3547591622186937,-0.4289470243255512,0.1273973104704045,0.0152293951960787,-0.4844704194330868,0.0027958011959606,0.1321402465769226,0.0524971529590221,0.998562894971431,0.1299663533732784,0.000840779142992,0.888698528424315,0.0002029185103068,0.0655687867978563,0.744738069547906,0.2297179975755858,0.3226759588743298,0.4795390312788146,0.3869585260674902,0.7122999315086683,0.3384193364242871,0.4399805827743853,0.572357103159748,0.5142012940582728,0.5506605763784594,0.1221470276265178,0.1282715225541673,0.1479051156907494,0.4534504804121283,0.4591042182441102,0.4313774227459992,0.75,36838
0,0,0.4866326999293595,-0.2896312917778125,0.0510803894426436,-0.8516609922317622,0.132484428370131,0.5715371617460968,0.0541864731373086,-0.1417806950288363,-0.4864685772839422,0.1846846336412927,-0.0009688720422725,0.4060468917952878,0.2341922650046989,0.5549974019961417,0.0140576463190273,0.3547591622186937,-0.4289470243255512,0.1273973104704045,0.0152293951960787,-0.4844704194330868,0.0027958011959606,0.1321402465769226,0.0524971529590221,0.998562894971431,0.1299663533732784,0.000840779142992,0.888698528424315,0.0002029185103068,0.0655687867978563,0.744738069547906,0.2297179975755858,0.3226759588743298,0.4795390312788146,0.3869585260674902,0.7122999315086683,0.3384193364242871,0.4399805827743853,0.572357103159748,0.5142012940582728,0.5506605763784594,0.1221470276265178,0.1282715225541673,0.1479051156907494,0.4534504804121283,0.4591042182441102,0.4313774227459992,0.75,36848
0,0,0.4866326999293595,-0.2896312917778125,0.0510803894426436,-0.8516609922317622,0.132484428370131,0.5715371617460968,0.0541864731373086,-0.1417806950288363,-0.4864685772839422,0.1846846336412927,-0.0009688720422725,0.4060468917952878,0.2341922650046989,0.5549974019961417,0.0140576463190273,0.3547591622186937,-0.4289470243255512,0.1273973104704045,0.0152293951960787,-0.4844704194330868,0.0027958011959606,0.1321402465769226,0.0524971529590221,0.998562894971431,0.1299663533732784,0.000840779142992,0.888698528424315,0.0002029185103068,0.0655687867978563,0.744738069547906,0.2297179975755858,0.3226759588743298,0.4795390312788146,0.3869585260674902,0.7122999315086683,0.3384193364242871,0.4399805827743853,0.572357103159748,0.5142012940582728,0.5506605763784594,0.1221470276265178,0.1282715225541673,0.1479051156907494,0.4534504804121283,0.4591042182441102,0.4313774227459992,0.75,36858
0,0,0.4866326999293595,-0.2896312917778125,0.0510803894426436,-0.8516609922317622,0.132484428370131,0.5715371617460968,0.0541864731373086,-0.1417806950288363,-0.4864685772839422,0.1846846336412927,-0.0009688720422725,0.4060468917952878,0.2341922650046989,0.5549974019961417,0.0140576463190273,0.3547591622186937,-0.4289470243255512,0.1273973104704045,0.0152293951960787,-0.4844704194330868,0.0027958011959606,0.1321402465769226,0.0524971529590221,0.998562894971431,0.1299663533732784,0.000840779142992,0.888698528424315,0.0002029185103068,0.0655687867978563,0.744738069547906,0.2297179975755858,0.3226759588743298,0.4795390312788146,0.3869585260674902,0.7122999315086683,0.3384193364242871,0.4399805827743853,0.572357103159748,0.5142012940582728,0.5506605763784594,0.1221470276265178,0.1282715225541673,0.1479051156907494,0.4534504804121283,0.4591042182441102,0.4313774227459992,0.75,36868
0,0,0.4866326999293595,-0.2896312917778125,0.0510803894426436,-0.8516609922317622,0.132484428370131,0.5715371617460968,0.0541864731373086,-0.1417806950288363,-0.4864685772839422,0.1846846336412927,-0.0009688720422725,0.4060468917952878,0.2341922650046989,0.5549974019961417,0.0140576463190273,0.3547591622186937,-0.4289470243255512,0.1273973104704045,0.0152293951960787,-0.4844704194330868,0.0027958011959606,0.1321402465769226,0.0524971529590221,0.998562894971431,0.1299663533732784,0.000840779142992,0.888698528424315,0.0002029185103068,0.0655687867978563,0.744738069547906,0.2297179975755858,0.3226759588743298,0.4795390312788146,0.3869585260674902,0.7122999315086683,0.3384193364242871,0.4399805827743853,0.572357103159748,0.5142012940582728,0.5506605763784594,0.1221470276265178,0.1282715225541673,0.1479051156907494,0.4534504804121283,0.4591042182441102,0.4313774227459992,0.75,36878
0,0,0.4866326999293595,-0.2896312917778125,0.0510803894426436,-0.8516609922317622,0.132484428370131,0.5715371617460968,0.0541864731373086,-0.1417806950288363,-0.4864685772839422,0.1846846336412927,-0.0009688720422725,0.4060468917952878,0.2341922650046989,0.5549974019961417,0.0140576463190273,0.3547591622186937,-0.4289470243255512,0.1273973104704045,0.0152293951960787,-0.4844704194330868,0.0027958011959606,0.1321402465769226,0.0524971529590221,0.998562894971431,0.1299663533732784,0.000840779142992,0.888698528424315,0.0002029185103068,0.0655687867978563,0.744738069547906,0.2297179975755858,0.3226759588743298,0.4795390312788146,0.3869585260674902,0.7122999315086683,0.3384193364242871,0.4399805827743853,0.572357103159748,0.5142012940582728,0.5506605763784594,0.1221470276265178,0.1282715225541673,0.1479051156907494,0.4534504804121283,0.4591042182441102,0.4313774227459992,0.75,36897
0,0,0.4866326999293595,-0.2896312917778125,0.0510803894426436,-0.8516609922317622,0.132484428370131,0.5715371617460968,0.0541864731373086,-0.1417806950288363,-0.4864685772839422,0.1846846336412927,-0.0009688720422725,0.4060468917952878,0.2341922650046989,0.5549974019961417,0.0140576463190273,0.3547591622186937,-0.4289470243255512,0.1273973104704045,0.0152293951960787,-0.4844704194330868,0.0027958011959606,0.1321402465769226,0.0524971529590221,0.998562894971431,0.1299663533732784,0.000840779142992,0.888698528424315,0.0002029185103068,0.0655687867978563,0.744738069547906,0.2297179975755858,0.3226759588743298,0.4795390312788146,0.3869585260674902,0.7122999315086683,0.3384193364242871,0.4399805827743853,0.572357103159748,0.5142012940582728,0.5506605763784594,0.1221470276265178,0.1282715225541673,0.1479051156907494,0.4534504804121283,0.4591042182441102,0.4313774227459992,0.75,36908
0,0,0.4866326999293595,-0.2896312917778125,0.0510803894426436,-0.8516609922317622,0.132484428370131,0.5715371617460968,0.0541864731373086,-0.1417806950288363,-0.4864685772839422,0.1846846336412927,-0.0009688720422725,0.4060468917952878,0.2341922650046989,0.5549974019961417,0.0140576463190273,0.3547591622186937,-0.4289470243255512,0.1273973104704045,0.0152293951960787,-0.4844704194330868,0.0027958011959606,0.1321402465769226,0.0524971529590221,0.998562894971431,0.1299663533732784,0.000840779142992,0.888698528424315,0.0002029185103068,0.0655687867978563,0.744738069547906,0.2297179975755858,0.3226759588743298,0.4795390312788146,0.3869585260674902,0.7122999315086683,0.3384193364242871,0.4399805827743853,0.572357103159748,0.5142012940582728,0.5506605763784594,0.1221470276265178,0.1282715225541673,0.1479051156907494,0.4534504804121283,0.4591042182441102,0.4313774227459992,0.75,36926
0,0,0.4866326999293595,-0.2896312917778125,0.0510803894426436,-0.8516609922317622,0.132484428370131,0.5715371617460968,0.0541864731373086,-0.1417806950288363,-0.4864685772839422,0.1846846336412927,-0.0009688720422725,0.4060468917952878,0.2341922650046989,0.5549974019961417,0.0140576463190273,0.3547591622186937,-0.4289470243255512,0.1273973104704045,0.0152293951960787,-0.4844704194330868,0.0027958011959606,0.1321402465769226,0.0524971529590221,0.998562894971431,0.1299663533732784,0.000840779142992,0.888698528424315,0.0002029185103068,0.0655687867978563,0.744738069547906,0.2297179975755858,0.3226759588743298,0.4795390312788146,0.3869585260674902,0.7122999315086683,0.3384193364242871,0.4399805827743853,0.572357103159748,0.5142012940582728,0.5506605763784594,0.1221470276265178,0.1282715225541673,0.1479051156907494,0.4534504804121283,0.4591042182441102,0.4313774227459992,0.75,36936
0,0,0.4866326999293595,-0.2896312917778125,0.0510803894426436,-0.8516609922317622,0.132484428370131,0.5715371617460968,0.0541864731373086,-0.1417806950288363,-0.4864685772839422,0.1846846336412927,-0.0009688720422725,0.4060468917952878,0.2341922650046989,0.5549974019961417,0.0140576463190273,0.3547591622186937,-0.4289470243255512,0.1273973104704045,0.0152293951960787,-0.4844704194330868,0.0027958011959606,0.1321402465769226,0.0524971529590221,0.998562894971431,0.1299663533732784,0.000840779142992,0.888698528424315,0.0002029185103068,0.0655687867978563,0.744738069547906,0.2297179975755858,0.3226759588743298,0.4795390312788146,0.3869585260674902,0.7122999315086683,0.3384193364242871,0.4399805827743853,0.572357103159748,0.5142012940582728,0.5506605763784594,0.1221470276265178,0.1282715225541673,0.1479051156907494,0.4534504804121283,0.4591042182441102,0.4313774227459992,0.75,36947
0,0,0.4866326999293595,-0.2896312917778125,0.0510803894426436,-0.8516609922317622,0.132484428370131,0.5715371617460968,0.0541864731373086,-0.1417806950288363,-0.4864685772839422,0.1846846336412927,-0.0009688720422725,0.4060468917952878,0.2341922650046989,0.5549974019961417,0.0140576463190273,0.3547591622186937,-0.4289470243255512,0.1273973104704045,0.0152293951960787,-0.4844704194330868,0.0027958011959606,0.1321402465769226,0.0524971529590221,0.998562894971431,0.1299663533732784,0.000840779142992,0.888698528424315,0.0002029185103068,0.0655687867978563,0.744738069547906,0.2297179975755858,0.3226759588743298,0.4795390312788146,0.3869585260674902,0.7122999315086683,0.3384193364242871,0.4399805827743853,0.572357103159748,0.5142012940582728,0.5506605763784594,0.1221470276265178,0.1282715225541673,0.1479051156907494,0.4534504804121283,0.4591042182441102,0.4313774227459992,0.75,36957
0,0,0.4866326999293595,-0.2896312917778125,0.0510803894426436,-0.8516609922317622,0.132484428370131,0.5715371617460968,0.0541864731373086,-0.1417806950288363,-0.4864685772839422,0.1846846336412927,-0.0009688720422725,0.4060468917952878,0.2341922650046989,0.5549974019961417,0.0140576463190273,0.3547591622186937,-0.4289470243255512,0.1273973104704045,0.0152293951960787,-0.4844704194330868,0.0027958011959606,0.1321402465769226,0.0524971529590221,0.998562894971431,0.1299663533732784,0.000840779142992,0.888698528424315,0.0002029185103068,0.0655687867978563,0.744738069547906,0.2297179975755858,0.3226759588743298,0.4795390312788146,0.3869585260674902,0.7122999315086683,0.3384193364242871,0.4399805827743853,0.572357103159748,0.5142012940582728,0.5506605763784594,0.1221470276265178,0.1282715225541673,0.1479051156907494,0.4534504804121283,0.4591042182441102,0.4313774227459992,0.75,36967
0,0,0.4866326999293595,-0.2896312917778125,0.0510803894426436,-0.8516609922317622,0.132484428370131,0.5715371617460968,0.0541864731373086,-0.1417806950288363,-0.4864685772839422,0.1846846336412927,-0.0009688720422725,0.4060468917952878,0.2341922650046989,0.5549974019961417,0.0140576463190273,0.3547591622186937,-0.4289470243255512,0.1273973104704045,0.0152293951960787,-0.4844704194330868,0.0027958011959606,0.1321402465769226,0.0524971529590221,0.998562894971431,0.1299663533732784,0.000840779142992,0.888698528424315,0.0002029185103068,0.0655687867978563,0.744738069547906,0.2297179975755858,0.3226759588743298,0.4795390312788146,0.3869585260674902,0.7122999315086683,0.3384193364242871,0.4399805827743853,0.572357103159748,0.5142012940582728,0.5506605763784594,0.1221470276265178,0.1282715225541673,0.1479051156907494,0.4534504804121283,0.4591042182441102,0.4313774227459992,0.75,36977
0,0,0.4866326999293595,-0.2896312917778125,0.0510803894426436,-0.8516609922317622,0.132484428370131,0.5715371617460968,0.0541864731373086,-0.1417806950288363,-0.4864685772839422,0.1846846336412927,-0.0009688720422725,0.4060468917952878,0.2341922650046989,0.5549974019961417,0.0140576463190273,0.3547591622186937,-0.4289470243255512,0.1273973104704045,0.0152293951960787,-0.4844704194330868,0.0027958011959606,0.1321402465769226,0.0524971529590221,0.998562894971431,0.1299663533732784,0.000840779142992,0.888698528424315,0.0002029185103068,0.0655687867978563,0.744738069547906,0.2297179975755858,0.3226759588743298,0.4795390312788146,0.3869585260674902,0.7122999315086683,0.3384193364242871,0.4399805827743853,0.572357103159748,0.5142012940582728,0.5506605763784594,0.1221470276265178,0.1282715225541673,0.1479051156907494,0.4534504804121283,0.4591042182441102,0.4313774227459992,0.75,36996
0,0,0.4866326999293595,-0.2896312917778125,0.0510803894426436,-0.8516609922317622,0.132484428370131,0.5715371617460968,0.0541864731373086,-0.1417806950288363,-0.4864685772839422,0.1846846336412927,-0.0009688720422725,0.4060468917952878,0.2341922650046989,0.5549974019961417,0.0140576463190273,0.3547591622186937,-0.4289470243255512,0.1273973104704045,0.0152293951960787,-0.4844704194330868,0.0027958011959606,0.1321402465769226,0.0524971529590221,0.998562894971431,0.1299663533732784,0.000840779142992,0.888698528424315,0.0002029185103068,0.0655687867978563,0.744738069547906,0.2297179975755858,0.3226759588743298,0.4795390312788146,0.3869585260674902,0.7122999315086683,0.3384193364242871,0.4399805827743853,0.572357103159748,0.5142012940582728,0.5506605763784594,0.1221470276265178,0.1282715225541673,0.1479051156907494,0.4534504804121283,0.4591042182441102,0.4313774227459992,0.75,37014
0,0,0.4866326999293595,-0.2896312917778125,0.0510803894426436,-0.8516609922317622,0.132484428370131,0.5715371617460968,0.0541864731373086,-0.1417806950288363,-0.4864685772839422,0.1846846336412927,-0.0009688720422725,0.4060468917952878,0.2341922650046989,0.5549974019961417,0.0140576463190273,0.3547591622186937,-0.4289470243255512,0.1273973104704045,0.0152293951960787,-0.4844704194330868,0.0027958011959606,0.1321402465769226,0.0524971529590221,0.998562894971431,0.1299663533732784,0.000840779142992,0.888698528424315,0.0002029185103068,0.0655687867978563,0.744738069547906,0.2297179975755858,0.3226759588743298,0.4795390312788146,0.3869585260674902,0.7122999315086683,0.3384193364242871,0.4399805827743853,0.572357103159748,0.5142012940582728,0.5506605763784594,0.1221470276265178,0.1282715225541673,0.1479051156907494,0.4534504804121283,0.4591042182441102,0.4313774227459992,0.75,37025
0,0,0.4866326999293595,-0.2896312917778125,0.0510803894426436,-0.8516609922317622,0.132484428370131,0.5715371617460968,0.0541864731373086,-0.1417806950288363,-0.4864685772839422,0.1846846336412927,-0.0009688720422725,0.4060468917952878,0.2341922650046989,0.5549974019961417,0.0140576463190273,0.3547591622186937,-0.4289470243255512,0.1273973104704045,0.0152293951960787,-0.4844704194330868,0.0027958011959606,0.1321402465769226,0.0524971529590221,0.998562894971431,0.1299663533732784,0.000840779142992,0.888698528424315,0.0002029185103068,0.0655687867978563,0.744738069547906,0.2297179975755858,0.3226759588743298,0.4795390312788146,0.3869585260674902,0.7122999315086683,0.3384193364242871,0.4399805827743853,0.572357103159748,0.5142012940582728,0.5506605763784594,0.1221470276265178,0.1282715225541673,0.1479051156907494,0.4534504804121283,0.4591042182441102,0.4313774227459992,0.75,37044
0,0,0.4866326999293595,-0.2896312917778125,0.0510803894426436,-0.8516609922317622,0.132484428370131,0.5715371617460968,0.0541864731373086,-0.1417806950288363,-0.4864685772839422,0.1846846336412927,-0.0009688720422725,0.4060468917952878,0.2341922650046989,0.5549974019961417,0.0140576463190273,0.3547591622186937,-0.4289470243255512,0.1273973104704045,0.0152293951960787,-0.4844704194330868,0.0027958011959606,0.1321402465769226,0.0524971529590221,0.998562894971431,0.1299663533732784,0.000840779142992,0.888698528424315,0.0002029185103068,0.0655687867978563,0.744738069547906,0.2297179975755858,0.3226759588743298,0.4795390312788146,0.3869585260674902,0.7122999315086683,0.3384193364242871,0.4399805827743853,0.572357103159748,0.5142012940582728,0.5506605763784594,0.1221470276265178,0.1282715225541673,0.1479051156907494,0.4534504804121283,0.4591042182441102,0.4313774227459992,0.75,37054
0,0,0.4866326999293595,-0.2896312917778125,0.0510803894426436,-0.8516609922317622,0.132484428370131,0.5715371617460968,0.0541864731373086,-0.1417806950288363,-0.4864685772839422,0.1846846336412927,-0.0009688720422725,0.4060468917952878,0.2341922650046989,0.5549974019961417,0.0140576463190273,0.3547591622186937,-0.4289470243255512,0.1273973104704045,0.0152293951960787,-0.4844704194330868,0.0027958011959606,0.1321402465769226,0.0524971529590221,0.998562894971431,0.1299663533732784,0.000840779142992,0.888698528424315,0.0002029185103068,0.0655687867978563,0.744738069547906,0.2297179975755858,0.3226759588743298,0.4795390312788146,0.3869585260674902,0.7122999315086683,0.3384193364242871,0.4399805827743853,0.572357103159748,0.5142012940582728,0.5506605763784594,0.1221470276265178,0.1282715225541673,0.1479051156907494,0.4534504804121283,0.4591042182441102,0.4313774227459992,0.75,37064
0,0,0.4866326999293595,-0.2896312917778125,0.0510803894426436,-0.8516609922317622,0.132484428370131,0.5715371617460968,0.0541864731373086,-0.1417806950288363,-0.4864685772839422,0.1846846336412927,-0.0009688720422725,0.4060468917952878,0.2341922650046989,0.5549974019961417,0.0140576463190273,0.3547591622186937,-0.4289470243255512,0.1273973104704045,0.0152293951960787,-0.4844704194330868,0.0027958011959606,0.1321402465769226,0.0524971529590221,0.998562894971431,0.1299663533732784,0.000840779142992,0.888698528424315,0.0002029185103068,0.0655687867978563,0.744738069547906,0.2297179975755858,0.3226759588743298,0.4795390312788146,0.3869585260674902,0.7122999315086683,0.3384193364242871,0.4399805827743853,0.572357103159748,0.5142012940582728,0.5506605763784594,0.1221470276265178,0.1282715225541673,0.1479051156907494,0.4534504804121283,0.4591042182441102,0.4313774227459992,0.75,37074
0,0,0.4866326999293595,-0.2896312917778125,0.0510803894426436,-0.8516609922317622,0.132484428370131,0.5715371617460968,0.0541864731373086,-0.1417806950288363,-0.4864685772839422,0.1846846336412927,-0.0009688720422725,0.4060468917952878,0.2341922650046989,0.5549974019961417,0.0140576463190273,0.3547591622186937,-0.4289470243255512,0.1273973104704045,0.0152293951960787,-0.4844704194330868,0.0027958011959606,0.1321402465769226,0.0524971529590221,0.998562894971431,0.1299663533732784,0.000840779142992,0.888698528424315,0.0002029185103068,0.0655687867978563,0.744738069547906,0.2297179975755858,0.3226759588743298,0.4795390312788146,0.3869585260674902,0.7122999315086683,0.3384193364242871,0.4399805827743853,0.572357103159748,0.5142012940582728,0.5506605763784594,0.1221470276265178,0.1282715225541673,0.1479051156907494,0.4534504804121283,0.4591042182441102,0.4313774227459992,0.75,37084
0,0,0.4866326999293595,-0.2896312917778125,0.0510803894426436,-0.8516609922317622,0.132484428370131,0.5715371617460968,0.0541864731373086,-0.1417806950288363,-0.4864685772839422,0.1846846336412927,-0.0009688720422725,0.4060468917952878,0.2341922650046989,0.5549974019961417,0.0140576463190273,0.3547591622186937,-0.4289470243255512,0.1273973104704045,0.0152293951960787,-0.4844704194330868,0.0027958011959606,0.1321402465769226,0.0524971529590221,0.998562894971431,0.1299663533732784,0.000840779142992,0.888698528424315,0.0002029185103068,0.0655687867978563,0.744738069547906,0.2297179975755858,0.3226759588743298,0.4795390312788146,0.3869585260674902,0.7122999315086683,0.3384193364242871,0.4399805827743853,0.572357103159748,0.5142012940582728,0.5506605763784594,0.1221470276265178,0.1282715225541673,0.1479051156907494,0.4534504804121283,0.4591042182441102,0.4313774227459992,0.75,37094
0,0,0.4866326999293595,-0.2896312917778125,0.0510803894426436,-0.8516609922317622,0.132484428370131,0.5715371617460968,0.0541864731373086,-0.1417806950288363,-0.4864685772839422,0.1846846336412927,-0.0009688720422725,0.4060468917952878,0.2341922650046989,0.5549974019961417,0.0140576463190273,0.3547591622186937,-0.4289470243255512,0.1273973104704045,0.0152293951960787,-0.4844704194330868,0.0027958011959606,0.1321402465769226,0.0524971529590221,0.998562894971431,0.1299663533732784,0.000840779142992,0.888698528424315,0.0002029185103068,0.0655687867978563,0.744738069547906,0.2297179975755858,0.3226759588743298,0.4795390312788146,0.3869585260674902,0.7122999315086683,0.3384193364242871,0.4399805827743853,0.572357103159748,0.5142012940582728,0.5506605763784594,0.1221470276265178,0.1282715225541673,0.1479051156907494,0.4534504804121283,0.4591042182441102,0.4313774227459992,0.75,37105
0,0,0.4866326999293595,-0.2896312917778125,0.0510803894426436,-0.8516609922317622,0.132484428370131,0.5715371617460968,0.0541864731373086,-0.1417806950288363,-0.4864685772839422,0.1846846336412927,-0.0009688720422725,0.4060468917952878,0.2341922650046989,0.5549974019961417,0.0140576463190273,0.3547591622186937,-0.4289470243255512,0.1273973104704045,0.0152293951960787,-0.4844704194330868,0.0027958011959606,0.1321402465769226,0.0524971529590221,0.998562894971431,0.1299663533732784,0.000840779142992,0.888698528424315,0.0002029185103068,0.0655687867978563,0.744738069547906,0.2297179975755858,0.3226759588743298,0.4795390312788146,0.3869585260674902,0.7122999315086683,0.3384193364242871,0.4399805827743853,0.572357103159748,0.5142012940582728,0.5506605763784594,0.1221470276265178,0.1282715225541673,0.1479051156907494,0.4534504804121283,0.4591042182441102,0.4313774227459992,0.75,37124
0,0,0.4866326999293595,-0.2896312917778125,0.0510803894426436,-0.8516609922317622,0.132484428370131,0.5715371617460968,0.0541864731373086,-0.1417806950288363,-0.4864685772839422,0.1846846336412927,-0.0009688720422725,0.4060468917952878,0.2341922650046989,0.5549974019961417,0.0140576463190273,0.3547591622186937,-0.4289470243255512,0.1273973104704045,0.0152293951960787,-0.4844704194330868,0.0027958011959606,0.1321402465769226,0.0524971529590221,0.998562894971431,0.1299663533732784,0.000840779142992,0.888698528424315,0.0002029185103068,0.0655687867978563,0.744738069547906,0.2297179975755858,0.3226759588743298,0.4795390312788146,0.3869585260674902,0.7122999315086683,0.3384193364242871,0.4399805827743853,0.572357103159748,0.5142012940582728,0.5506605763784594,0.1221470276265178,0.1282715225541673,0.1479051156907494,0.4534504804121283,0.4591042182441102,0.4313774227459992,0.75,37134
0,0,0.4866326999293595,-0.2896312917778125,0.0510803894426436,-0.8516609922317622,0.132484428370131,0.5715371617460968,0.0541864731373086,-0.1417806950288363,-0.4864685772839422,0.1846846336412927,-0.0009688720422725,0.4060468917952878,0.2341922650046989,0.5549974019961417,0.0140576463190273,0.3547591622186937,-0.4289470243255512,0.1273973104704045,0.0152293951960787,-0.4844704194330868,0.0027958011959606,0.1321402465769226,0.0524971529590221,0.998562894971431,0.1299663533732784,0.000840779142992,0.888698528424315,0.0002029185103068,0.0655687867978563,0.744738069547906,0.2297179975755858,0.3226759588743298,0.4795390312788146,0.3869585260674902,0.7122999315086683,0.3384193364242871,0.4399805827743853,0.572357103159748,0.5142012940582728,0.5506605763784594,0.1221470276265178,0.1282715225541673,0.1479051156907494,0.4534504804121283,0.4591042182441102,0.4313774227459992,0.75,37144
0,0,0.4866326999293595,-0.2896312917778125,0.0510803894426436,-0.8516609922317622,0.132484428370131,0.5715371617460968,0.0541864731373086,-0.1417806950288363,-0.4864685772839422,0.1846846336412927,-0.0009688720422725,0.4060468917952878,0.2341922650046989,0.5549974019961417,0.0140576463190273,0.3547591622186937,-0.4289470243255512,0.1273973104704045,0.0152293951960787,-0.4844704194330868,0.0027958011959606,0.1321402465769226,0.0524971529590221,0.998562894971431,0.1299663533732784,0.000840779142992,0.888698528424315,0.0002029185103068,0.0655687867978563,0.744738069547906,0.2297179975755858,0.3226759588743298,0.4795390312788146,0.3869585260674902,0.7122999315086683,0.3384193364242871,0.4399805827743853,0.572357103159748,0.5142012940582728,0.5506605763784594,0.1221470276265178,0.1282715225541673,0.1479051156907494,0.4534504804121283,0.4591042182441102,0.4313774227459992,0.75,37154
0,0,0.4866326999293595,-0.2896312917778125,0.0510803894426436,-0.8516609922317622,0.132484428370131,0.5715371617460968,0.0541864731373086,-0.1417806950288363,-0.4864685772839422,0.1846846336412927,-0.0009688720422725,0.4060468917952878,0.2341922650046989,0.5549974019961417,0.0140576463190273,0.3547591622186937,-0.4289470243255512,0.1273973104704045,0.0152293951960787,-0.4844704194330868,0.0027958011959606,0.1321402465769226,0.0524971529590221,0.998562894971431,0.1299663533732784,0.000840779142992,0.888698528424315,0.0002029185103068,0.0655687867978563,0.744738069547906,0.2297179975755858,0.3226759588743298,0.4795390312788146,0.3869585260674902,0.7122999315086683,0.3384193364242871,0.4399805827743853,0.572357103159748,0.5142012940582728,0.5506605763784594,0.1221470276265178,0.1282715225541673,0.1479051156907494,0.4534504804121283,0.4591042182441102,0.4313774227459992,0.75,37165
0,0,0.4866326999293595,-0.2896312917778125,0.0510803894426436,-0.8516609922317622,0.132484428370131,0.5715371617460968,0.0541864731373086,-0.1417806950288363,-0.4864685772839422,0.1846846336412927,-0.0009688720422725,0.4060468917952878,0.2341922650046989,0.5549974019961417,0.0140576463190273,0.3547591622186937,-0.4289470243255512,0.1273973104704045,0.0152293951960787,-0.4844704194330868,0.0027958011959606,0.1321402465769226,0.0524971529590221,0.998562894971431,0.1299663533732784,0.000840779142992,0.888698528424315,0.0002029185103068,0.0655687867978563,0.744738069547906,0.2297179975755858,0.3226759588743298,0.4795390312788146,0.3869585260674902,0.7122999315086683,0.3384193364242871,0.4399805827743853,0.572357103159748,0.5142012940582728,0.5506605763784594,0.1221470276265178,0.1282715225541673,0.1479051156907494,0.4534504804121283,0.4591042182441102,0.4313774227459992,0.75,37176
0,0,0.4866326999293595,-0.2896312917778125,0.0510803894426436,-0.8516609922317622,0.132484428370131,0.5715371617460968,0.0541864731373086,-0.1417806950288363,-0.4864685772839422,0.1846846336412927,-0.0009688720422725,0.4060468917952878,0.2341922650046989,0.5549974019961417,0.0140576463190273,0.3547591622186937,-0.4289470243255512,0.1273973104704045,0.0152293951960787,-0.4844704194330868,0.0027958011959606,0.1321402465769226,0.0524971529590221,0.998562894971431,0.1299663533732784,0.000840779142992,0.888698528424315,0.0002029185103068,0.0655687867978563,0.744738069547906,0.2297179975755858,0.3226759588743298,0.4795390312788146,0.3869585260674902,0.7122999315086683,0.3384193364242871,0.4399805827743853,0.572357103159748,0.5142012940582728,0.5506605763784594,0.1221470276265178,0.1282715225541673,0.1479051156907494,0.4534504804121283,0.4591042182441102,0.4313774227459992,0.75,37196
0,0,0.4866326999293595,-0.2896312917778125,0.0510803894426436,-0.8516609922317622,0.132484428370131,0.5715371617460968,0.0541864731373086,-0.1417806950288363,-0.4864685772839422,0.1846846336412927,-0.0009688720422725,0.4060468917952878,0.2341922650046989,0.5549974019961417,0.0140576463190273,0.3547591622186937,-0.4289470243255512,0.1273973104704045,0.0152293951960787,-0.4844704194330868,0.0027958011959606,0.1321402465769226,0.0524971529590221,0.998562894971431,0.1299663533732784,0.000840779142992,0.888698528424315,0.0002029185103068,0.0655687867978563,0.744738069547906,0.2297179975755858,0.3226759588743298,0.4795390312788146,0.3869585260674902,0.7122999315086683,0.3384193364242871,0.4399805827743853,0.572357103159748,0.5142012940582728,0.5506605763784594,0.1221470276265178,0.1282715225541673,0.1479051156907494,0.4534504804121283,0.4591042182441102,0.4313774227459992,0.75,37206
0,0,0.4866326999293595,-0.2896312917778125,0.0510803894426436,-0.8516609922317622,0.132484428370131,0.5715371617460968,0.0541864731373086,-0.1417806950288363,-0.4864685772839422,0.1846846336412927,-0.0009688720422725,0.4060468917952878,0.2341922650046989,0.5549974019961417,0.0140576463190273,0.3547591622186937,-0.4289470243255512,0.1273973104704045,0.0152293951960787,-0.4844704194330868,0.0027958011959606,0.1321402465769226,0.0524971529590221,0.998562894971431,0.1299663533732784,0.000840779142992,0.888698528424315,0.0002029185103068,0.0655687867978563,0.744738069547906,0.2297179975755858,0.3226759588743298,0.4795390312788146,0.3869585260674902,0.7122999315086683,0.3384193364242871,0.4399805827743853,0.572357103159748,0.5142012940582728,0.5506605763784594,0.1221470276265178,0.1282715225541673,0.1479051156907494,0.4534504804121283,0.4591042182441102,0.4313774227459992,0.75,37216
0,0,0.4866326999293595,-0.2896312917778125,0.0510803894426436,-0.8516609922317622,0.132484428370131,0.5715371617460968,0.0541864731373086,-0.1417806950288363,-0.4864685772839422,0.1846846336412927,-0.0009688720422725,0.4060468917952878,0.2341922650046989,0.5549974019961417,0.0140576463190273,0.3547591622186937,-0.4289470243255512,0.1273973104704045,0.0152293951960787,-0.4844704194330868,0.0027958011959606,0.1321402465769226,0.0524971529590221,0.998562894971431,0.1299663533732784,0.000840779142992,0.888698528424315,0.0002029185103068,0.0655687867978563,0.744738069547906,0.2297179975755858,0.3226759588743298,0.4795390312788146,0.3869585260674902,0.7122999315086683,0.3384193364242871,0.4399805827743853,0.572357103159748,0.5142012940582728,0.5506605763784594,0.1221470276265178,0.1282715225541673,0.1479051156907494,0.4534504804121283,0.4591042182441102,0.4313774227459992,0.75,37226
0,0,0.4866326999293595,-0.2896312917778125,0.0510803894426436,-0.8516609922317622,0.132484428370131,0.5715371617460968,0.0541864731373086,-0.1417806950288363,-0.4864685772839422,0.1846846336412927,-0.0009688720422725,0.4060468917952878,0.2341922650046989,0.5549974019961417,0.0140576463190273,0.3547591622186937,-0.4289470243255512,0.1273973104704045,0.0152293951960787,-0.4844704194330868,0.0027958011959606,0.1321402465769226,0.0524971529590221,0.998562894971431,0.1299663533732784,0.000840779142992,0.888698528424315,0.0002029185103068,0.0655687867978563,0.744738069547906,0.2297179975755858,0.3226759588743298,0.4795390312788146,0.3869585260674902,0.7122999315086683,0.3384193364242871,0.4399805827743853,0.572357103159748,0.5142012940582728,0.5506605763784594,0.1221470276265178,0.1282715225541673,0.1479051156907494,0.4534504804121283,0.4591042182441102,0.4313774227459992,0.75,37237
0,0,0.4866326999293595,-0.2896312917778125,0.0510803894426436,-0.8516609922317622,0.132484428370131,0.5715371617460968,0.0541864731373086,-0.1417806950288363,-0.4864685772839422,0.1846846336412927,-0.0009688720422725,0.4060468917952878,0.2341922650046989,0.5549974019961417,0.0140576463190273,0.3547591622186937,-0.4289470243255512,0.1273973104704045,0.0152293951960787,-0.4844704194330868,0.0027958011959606,0.1321402465769226,0.0524971529590221,0.998562894971431,0.1299663533732784,0.000840779142992,0.888698528424315,0.0002029185103068,0.0655687867978563,0.744738069547906,0.2297179975755858,0.3226759588743298,0.4795390312788146,0.3869585260674902,0.7122999315086683,0.3384193364242871,0.4399805827743853,0.572357103159748,0.5142012940582728,0.5506605763784594,0.1221470276265178,0.1282715225541673,0.1479051156907494,0.4534504804121283,0.4591042182441102,0.4313774227459992,0.75,37247
0,0,0.4866326999293595,-0.2896312917778125,0.0510803894426436,-0.8516609922317622,0.132484428370131,0.5715371617460968,0.0541864731373086,-0.1417806950288363,-0.4864685772839422,0.1846846336412927,-0.0009688720422725,0.4060468917952878,0.2341922650046989,0.5549974019961417,0.0140576463190273,0.3547591622186937,-0.4289470243255512,0.1273973104704045,0.0152293951960787,-0.4844704194330868,0.0027958011959606,0.1321402465769226,0.0524971529590221,0.998562894971431,0.1299663533732784,0.000840779142992,0.888698528424315,0.0002029185103068,0.0655687867978563,0.744738069547906,0.2297179975755858,0.3226759588743298,0.4795390312788146,0.3869585260674902,0.7122999315086683,0.3384193364242871,0.4399805827743853,0.572357103159748,0.5142012940582728,0.5506605763784594,0.1221470276265178,0.1282715225541673,0.1479051156907494,0.4534504804121283,0.4591042182441102,0.4313774227459992,0.75,37267
0,0,0.4866326999293595,-0.2896312917778125,0.0510803894426436,-0.8516609922317622,0.132484428370131,0.5715371617460968,0.0541864731373086,-0.1417806950288363,-0.4864685772839422,0.1846846336412927,-0.0009688720422725,0.4060468917952878,0.2341922650046989,0.5549974019961417,0.0140576463190273,0.3547591622186937,-0.4289470243255512,0.1273973104704045,0.0152293951960787,-0.4844704194330868,0.0027958011959606,0.1321402465769226,0.0524971529590221,0.998562894971431,0.1299663533732784,0.000840779142992,0.888698528424315,0.0002029185103068,0.0655687867978563,0.744738069547906,0.2297179975755858,0.3226759588743298,0.4795390312788146,0.3869585260674902,0.7122999315086683,0.3384193364242871,0.4399805827743853,0.572357103159748,0.5142012940582728,0.5506605763784594,0.1221470276265178,0.1282715225541673,0.1479051156907494,0.4534504804121283,0.4591042182441102,0.4313774227459992,0.75,37277
0,0,0.4866326999293595,-0.2896312917778125,0.0510803894426436,-0.8516609922317622,0.132484428370131,0.5715371617460968,0.0541864731373086,-0.1417806950288363,-0.4864685772839422,0.1846846336412927,-0.0009688720422725,0.4060468917952878,0.2341922650046989,0.5549974019961417,0.0140576463190273,0.3547591622186937,-0.4289470243255512,0.1273973104704045,0.0152293951960787,-0.4844704194330868,0.0027958011959606,0.1321402465769226,0.0524971529590221,0.998562894971431,0.1299663533732784,0.000840779142992,0.888698528424315,0.0002029185103068,0.0655687867978563,0.744738069547906,0.2297179975755858,0.3226759588743298,0.4795390312788146,0.3869585260674902,0.7122999315086683,0.3384193364242871,0.4399805827743853,0.572357103159748,0.5142012940582728,0.5506605763784594,0.1221470276265178,0.1282715225541673,0.1479051156907494,0.4534504804121283,0.4591042182441102,0.4313774227459992,0.75,37288
0,0,0.4866326999293595,-0.2896312917778125,0.0510803894426436,-0.8516609922317622,0.132484428370131,0.5715371617460968,0.0541864731373086,-0.1417806950288363,-0.4864685772839422,0.1846846336412927,-0.0009688720422725,0.4060468917952878,0.2341922650046989,0.5549974019961417,0.0140576463190273,0.3547591622186937,-0.4289470243255512,0.1273973104704045,0.0152293951960787,-0.4844704194330868,0.0027958011959606,0.1321402465769226,0.0524971529590221,0.998562894971431,0.1299663533732784,0.000840779142992,0.888698528424315,0.0002029185103068,0.0655687867978563,0.744738069547906,0.2297179975755858,0.3226759588743298,0.4795390312788146,0.3869585260674902,0.7122999315086683,0.3384193364242871,0.4399805827743853,0.572357103159748,0.5142012940582728,0.5506605763784594,0.1221470276265178,0.1282715225541673,0.1479051156907494,0.4534504804121283,0.4591042182441102,0.4313774227459992,0.75,37298
0,0,0.4866326999293595,-0.2896312917778125,0.0510803894426436,-0.8516609922317622,0.132484428370131,0.5715371617460968,0.0541864731373086,-0.1417806950288363,-0.4864685772839422,0.1846846336412927,-0.0009688720422725,0.4060468917952878,0.2341922650046989,0.5549974019961417,0.0140576463190273,0.3547591622186937,-0.4289470243255512,0.1273973104704045,0.0152293951960787,-0.4844704194330868,0.0027958011959606,0.1321402465769226,0.0524971529590221,0.998562894971431,0.1299663533732784,0.000840779142992,0.888698528424315,0.0002029185103068,0.0655687867978563,0.744738069547906,0.2297179975755858,0.3226759588743298,0.4795390312788146,0.3869585260674902,0.7122999315086683,0.3384193364242871,0.4399805827743853,0.572357103159748,0.5142012940582728,0.5506605763784594,0.1221470276265178,0.1282715225541673,0.1479051156907494,0.4534504804121283,0.4591042182441102,0.4313774227459992,0.75,37308
0,0,0.4866326999293595,-0.2896312917778125,0.0510803894426436,-0.8516609922317622,0.132484428370131,0.5715371617460968,0.0541864731373086,-0.1417806950288363,-0.4864685772839422,0.1846846336412927,-0.0009688720422725,0.4060468917952878,0.2341922650046989,0.5549974019961417,0.0140576463190273,0.3547591622186937,-0.4289470243255512,0.1273973104704045,0.0152293951960787,-0.4844704194330868,0.0027958011959606,0.1321402465769226,0.0524971529590221,0.998562894971431,0.1299663533732784,0.000840779142992,0.888698528424315,0.0002029185103068,0.0655687867978563,0.744738069547906,0.2297179975755858,0.3226759588743298,0.4795390312788146,0.3869585260674902,0.7122999315086683,0.3384193364242871,0.4399805827743853,0.572357103159748,0.5142012940582728,0.5506605763784594,0.1221470276265178,0.1282715225541673,0.1479051156907494,0.4534504804121283,0.4591042182441102,0.4313774227459992,0.75,37318
0,0,0.4866326999293595,-0.2896312917778125,0.0510803894426436,-0.8516609922317622,0.132484428370131,0.5715371617460968,0.0541864731373086,-0.1417806950288363,-0.4864685772839422,0.1846846336412927,-0.0009688720422725,0.4060468917952878,0.2341922650046989,0.5549974019961417,0.0140576463190273,0.3547591622186937,-0.4289470243255512,0.1273973104704045,0.0152293951960787,-0.4844704194330868,0.0027958011959606,0.1321402465769226,0.0524971529590221,0.998562894971431,0.1299663533732784,0.000840779142992,0.888698528424315,0.0002029185103068,0.0655687867978563,0.744738069547906,0.2297179975755858,0.3226759588743298,0.4795390312788146,0.3869585260674902,0.7122999315086683,0.3384193364242871,0.4399805827743853,0.572357103159748,0.5142012940582728,0.5506605763784594,0.1221470276265178,0.1282715225541673,0.1479051156907494,0.4534504804121283,0.4591042182441102,0.4313774227459992,0.75,37328
0,0,0.4866326999293595,-0.2896312917778125,0.0510803894426436,-0.8516609922317622,0.132484428370131,0.5715371617460968,0.0541864731373086,-0.1417806950288363,-0.4864685772839422,0.1846846336412927,-0.0009688720422725,0.4060468917952878,0.2341922650046989,0.5549974019961417,0.0140576463190273,0.3547591622186937,-0.4289470243255512,0.1273973104704045,0.0152293951960787,-0.4844704194330868,0.0027958011959606,0.1321402465769226,0.0524971529590221,0.998562894971431,0.1299663533732784,0.000840779142992,0.888698528424315,0.0002029185103068,0.0655687867978563,0.744738069547906,0.2297179975755858,0.3226759588743298,0.4795390312788146,0.3869585260674902,0.7122999315086683,0.3384193364242871,0.4399805827743853,0.572357103159748,0.5142012940582728,0.5506605763784594,0.1221470276265178,0.1282715225541673,0.1479051156907494,0.4534504804121283,0.4591042182441102,0.4313774227459992,0.75,37338
0,0,0.4866326999293595,-0.2896312917778125,0.0510803894426436,-0.8516609922317622,0.132484428370131,0.5715371617460968,0.0541864731373086,-0.1417806950288363,-0.4864685772839422,0.1846846336412927,-0.0009688720422725,0.4060468917952878,0.2341922650046989,0.5549974019961417,0.0140576463190273,0.3547591622186937,-0.4289470243255512,0.1273973104704045,0.0152293951960787,-0.4844704194330868,0.0027958011959606,0.1321402465769226,0.0524971529590221,0.998562894971431,0.1299663533732784,0.000840779142992,0.888698528424315,0.0002029185103068,0.0655687867978563,0.744738069547906,0.2297179975755858,0.3226759588743298,0.4795390312788146,0.3869585260674902,0.7122999315086683,0.3384193364242871,0.4399805827743853,0.572357103159748,0.5142012940582728,0.5506605763784594,0.1221470276265178,0.1282715225541673,0.1479051156907494,0.4534504804121283,0.4591042182441102,0.4313774227459992,0.75,37349
0,0,0.4866326999293595,-0.2896312917778125,0.0510803894426436,-0.8516609922317622,0.132484428370131,0.5715371617460968,0.0541864731373086,-0.1417806950288363,-0.4864685772839422,0.1846846336412927,-0.0009688720422725,0.4060468917952878,0.2341922650046989,0.5549974019961417,0.0140576463190273,0.3547591622186937,-0.4289470243255512,0.1273973104704045,0.0152293951960787,-0.4844704194330868,0.0027958011959606,0.1321402465769226,0.0524971529590221,0.998562894971431,0.1299663533732784,0.000840779142992,0.888698528424315,0.0002029185103068,0.0655687867978563,0.744738069547906,0.2297179975755858,0.3226759588743298,0.4795390312788146,0.3869585260674902,0.7122999315086683,0.3384193364242871,0.4399805827743853,0.572357103159748,0.5142012940582728,0.5506605763784594,0.1221470276265178,0.1282715225541673,0.1479051156907494,0.4534504804121283,0.4591042182441102,0.4313774227459992,0.75,37359
0,0,0.4866326999293595,-0.2896312917778125,0.0510803894426436,-0.8516609922317622,0.132484428370131,0.5715371617460968,0.0541864731373086,-0.1417806950288363,-0.4864685772839422,0.1846846336412927,-0.0009688720422725,0.4060468917952878,0.2341922650046989,0.5549974019961417,0.0140576463190273,0.3547591622186937,-0.4289470243255512,0.1273973104704045,0.0152293951960787,-0.4844704194330868,0.0027958011959606,0.1321402465769226,0.0524971529590221,0.998562894971431,0.1299663533732784,0.000840779142992,0.888698528424315,0.0002029185103068,0.0655687867978563,0.744738069547906,0.2297179975755858,0.3226759588743298,0.4795390312788146,0.3869585260674902,0.7122999315086683,0.3384193364242871,0.4399805827743853,0.572357103159748,0.5142012940582728,0.5506605763784594,0.1221470276265178,0.1282715225541673,0.1479051156907494,0.4534504804121283,0.4591042182441102,0.4313774227459992,0.75,37370
0,0,0.4866326999293595,-0.2896312917778125,0.0510803894426436,-0.8516609922317622,0.132484428370131,0.5715371617460968,0.0541864731373086,-0.1417806950288363,-0.4864685772839422,0.1846846336412927,-0.0009688720422725,0.4060468917952878,0.2341922650046989,0.5549974019961417,0.0140576463190273,0.3547591622186937,-0.4289470243255512,0.1273973104704045,0.0152293951960787,-0.4844704194330868,0.0027958011959606,0.1321402465769226,0.0524971529590221,0.998562894971431,0.1299663533732784,0.000840779142992,0.888698528424315,0.0002029185103068,0.0655687867978563,0.744738069547906,0.2297179975755858,0.3226759588743298,0.4795390312788146,0.3869585260674902,0.7122999315086683,0.3384193364242871,0.4399805827743853,0.572357103159748,0.5142012940582728,0.5506605763784594,0.1221470276265178,0.1282715225541673,0.1479051156907494,0.4534504804121283,0.4591042182441102,0.4313774227459992,0.75,37380
0,0,0.4866326999293595,-0.2896312917778125,0.0510803894426436,-0.8516609922317622,0.132484428370131,0.5715371617460968,0.0541864731373086,-0.1417806950288363,-0.4864685772839422,0.1846846336412927,-0.0009688720422725,0.4060468917952878,0.2341922650046989,0.5549974019961417,0.0140576463190273,0.3547591622186937,-0.4289470243255512,0.1273973104704045,0.0152293951960787,-0.4844704194330868,0.0027958011959606,0.1321402465769226,0.0524971529590221,0.998562894971431,0.1299663533732784,0.000840779142992,0.888698528424315,0.0002029185103068,0.0655687867978563,0.744738069547906,0.2297179975755858,0.3226759588743298,0.4795390312788146,0.3869585260674902,0.7122999315086683,0.3384193364242871,0.4399805827743853,0.572357103159748,0.5142012940582728,0.5506605763784594,0.1221470276265178,0.1282715225541673,0.1479051156907494,0.4534504804121283,0.4591042182441102,0.4313774227459992,0.75,37391
0,0,0.4866326999293595,-0.2896312917778125,0.0510803894426436,-0.8516609922317622,0.132484428370131,0.5715371617460968,0.0541864731373086,-0.1417806950288363,-0.4864685772839422,0.1846846336412927,-0.0009688720422725,0.4060468917952878,0.2341922650046989,0.5549974019961417,0.0140576463190273,0.3547591622186937,-0.4289470243255512,0.1273973104704045,0.0152293951960787,-0.4844704194330868,0.0027958011959606,0.1321402465769226,0.0524971529590221,0.998562894971431,0.1299663533732784,0.000840779142992,0.888698528424315,0.0002029185103068,0.0655687867978563,0.744738069547906,0.2297179975755858,0.3226759588743298,0.4795390312788146,0.3869585260674902,0.7122999315086683,0.3384193364242871,0.4399805827743853,0.572357103159748,0.5142012940582728,0.5506605763784594,0.1221470276265178,0.1282715225541673,0.1479051156907494,0.4534504804121283,0.4591042182441102,0.4313774227459992,0.75,37409
0,0,0.4866326999293595,-0.2896312917778125,0.0510803894426436,-0.8516609922317622,0.132484428370131,0.5715371617460968,0.0541864731373086,-0.1417806950288363,-0.4864685772839422,0.1846846336412927,-0.0009688720422725,0.4060468917952878,0.2341922650046989,0.5549974019961417,0.0140576463190273,0.3547591622186937,-0.4289470243255512,0.1273973104704045,0.0152293951960787,-0.4844704194330868,0.0027958011959606,0.1321402465769226,0.0524971529590221,0.998562894971431,0.1299663533732784,0.000840779142992,0.888698528424315,0.0002029185103068,0.0655687867978563,0.744738069547906,0.2297179975755858,0.3226759588743298,0.4795390312788146,0.3869585260674902,0.7122999315086683,0.3384193364242871,0.4399805827743853,0.572357103159748,0.5142012940582728,0.5506605763784594,0.1221470276265178,0.1282715225541673,0.1479051156907494,0.4534504804121283,0.4591042182441102,0.4313774227459992,0.75,37419
0,0,0.4866326999293595,-0.2896312917778125,0.0510803894426436,-0.8516609922317622,0.132484428370131,0.5715371617460968,0.0541864731373086,-0.1417806950288363,-0.4864685772839422,0.1846846336412927,-0.0009688720422725,0.4060468917952878,0.2341922650046989,0.5549974019961417,0.0140576463190273,0.3547591622186937,-0.4289470243255512,0.1273973104704045,0.0152293951960787,-0.4844704194330868,0.0027958011959606,0.1321402465769226,0.0524971529590221,0.998562894971431,0.1299663533732784,0.000840779142992,0.888698528424315,0.0002029185103068,0.0655687867978563,0.744738069547906,0.2297179975755858,0.3226759588743298,0.4795390312788146,0.3869585260674902,0.7122999315086683,0.3384193364242871,0.4399805827743853,0.572357103159748,0.5142012940582728,0.5506605763784594,0.1221470276265178,0.1282715225541673,0.1479051156907494,0.4534504804121283,0.4591042182441102,0.4313774227459992,0.75,37430
0,0,0.4866326999293595,-0.2896312917778125,0.0510803894426436,-0.8516609922317622,0.132484428370131,0.5715371617460968,0.0541864731373086,-0.1417806950288363,-0.4864685772839422,0.1846846336412927,-0.0009688720422725,0.4060468917952878,0.2341922650046989,0.5549974019961417,0.0140576463190273,0.3547591622186937,-0.4289470243255512,0.1273973104704045,0.0152293951960787,-0.4844704194330868,0.0027958011959606,0.1321402465769226,0.0524971529590221,0.998562894971431,0.1299663533732784,0.000840779142992,0.888698528424315,0.0002029185103068,0.0655687867978563,0.744738069547906,0.2297179975755858,0.3226759588743298,0.4795390312788146,0.3869585260674902,0.7122999315086683,0.3384193364242871,0.4399805827743853,0.572357103159748,0.5142012940582728,0.5506605763784594,0.1221470276265178,0.1282715225541673,0.1479051156907494,0.4534504804121283,0.4591042182441102,0.4313774227459992,0.75,37440
0,0,0.4866326999293595,-0.2896312917778125,0.0510803894426436,-0.8516609922317622,0.132484428370131,0.5715371617460968,0.0541864731373086,-0.1417806950288363,-0.4864685772839422,0.1846846336412927,-0.0009688720422725,0.4060468917952878,0.2341922650046989,0.5549974019961417,0.0140576463190273,0.3547591622186937,-0.4289470243255512,0.1273973104704045,0.0152293951960787,-0.4844704194330868,0.0027958011959606,0.1321402465769226,0.0524971529590221,0.998562894971431,0.1299663533732784,0.000840779142992,0.888698528424315,0.0002029185103068,0.0655687867978563,0.744738069547906,0.2297179975755858,0.3226759588743298,0.4795390312788146,0.3869585260674902,0.7122999315086683,0.3384193364242871,0.4399805827743853,0.572357103159748,0.5142012940582728,0.5506605763784594,0.1221470276265178,0.1282715225541673,0.1479051156907494,0.4534504804121283,0.4591042182441102,0.4313774227459992,0.75,37450
0,0,0.4866326999293595,-0.2896312917778125,0.0510803894426436,-0.8516609922317622,0.132484428370131,0.5715371617460968,0.0541864731373086,-0.1417806950288363,-0.4864685772839422,0.1846846336412927,-0.0009688720422725,0.4060468917952878,0.2341922650046989,0.5549974019961417,0.0140576463190273,0.3547591622186937,-0.4289470243255512,0.1273973104704045,0.0152293951960787,-0.4844704194330868,0.0027958011959606,0.1321402465769226,0.0524971529590221,0.998562894971431,0.1299663533732784,0.000840779142992,0.888698528424315,0.0002029185103068,0.0655687867978563,0.744738069547906,0.2297179975755858,0.3226759588743298,0.4795390312788146,0.3869585260674902,0.7122999315086683,0.3384193364242871,0.4399805827743853,0.572357103159748,0.5142012940582728,0.5506605763784594,0.1221470276265178,0.1282715225541673,0.1479051156907494,0.4534504804121283,0.4591042182441102,0.4313774227459992,0.75,37460
0,0,0.4866326999293595,-0.2896312917778125,0.0510803894426436,-0.8516609922317622,0.132484428370131,0.5715371617460968,0.0541864731373086,-0.1417806950288363,-0.4864685772839422,0.1846846336412927,-0.0009688720422725,0.4060468917952878,0.2341922650046989,0.5549974019961417,0.0140576463190273,0.3547591622186937,-0.4289470243255512,0.1273973104704045,0.0152293951960787,-0.4844704194330868,0.0027958011959606,0.1321402465769226,0.0524971529590221,0.998562894971431,0.1299663533732784,0.000840779142992,0.888698528424315,0.0002029185103068,0.0655687867978563,0.744738069547906,0.2297179975755858,0.3226759588743298,0.4795390312788146,0.3869585260674902,0.7122999315086683,0.3384193364242871,0.4399805827743853,0.572357103159748,0.5142012940582728,0.5506605763784594,0.1221470276265178,0.1282715225541673,0.1479051156907494,0.4534504804121283,0.4591042182441102,0.4313774227459992,0.75,37471
0,0,0.4866326999293595,-0.2896312917778125,0.0510803894426436,-0.8516609922317622,0.132484428370131,0.5715371617460968,0.0541864731373086,-0.1417806950288363,-0.4864685772839422,0.1846846336412927,-0.0009688720422725,0.4060468917952878,0.2341922650046989,0.5549974019961417,0.0140576463190273,0.3547591622186937,-0.4289470243255512,0.1273973104704045,0.0152293951960787,-0.4844704194330868,0.0027958011959606,0.1321402465769226,0.0524971529590221,0.998562894971431,0.1299663533732784,0.000840779142992,0.888698528424315,0.0002029185103068,0.0655687867978563,0.744738069547906,0.2297179975755858,0.3226759588743298,0.4795390312788146,0.3869585260674902,0.7122999315086683,0.3384193364242871,0.4399805827743853,0.572357103159748,0.5142012940582728,0.5506605763784594,0.1221470276265178,0.1282715225541673,0.1479051156907494,0.4534504804121283,0.4591042182441102,0.4313774227459992,0.75,37481
0,0,0.4866326999293595,-0.2896312917778125,0.0510803894426436,-0.8516609922317622,0.132484428370131,0.5715371617460968,0.0541864731373086,-0.1417806950288363,-0.4864685772839422,0.1846846336412927,-0.0009688720422725,0.4060468917952878,0.2341922650046989,0.5549974019961417,0.0140576463190273,0.3547591622186937,-0.4289470243255512,0.1273973104704045,0.0152293951960787,-0.4844704194330868,0.0027958011959606,0.1321402465769226,0.0524971529590221,0.998562894971431,0.1299663533732784,0.000840779142992,0.888698528424315,0.0002029185103068,0.0655687867978563,0.744738069547906,0.2297179975755858,0.3226759588743298,0.4795390312788146,0.3869585260674902,0.7122999315086683,0.3384193364242871,0.4399805827743853,0.572357103159748,0.5142012940582728,0.5506605763784594,0.1221470276265178,0.1282715225541673,0.1479051156907494,0.4534504804121283,0.4591042182441102,0.4313774227459992,0.75,37500
0,0,0.4866326999293595,-0.2896312917778125,0.0510803894426436,-0.8516609922317622,0.132484428370131,0.5715371617460968,0.0541864731373086,-0.1417806950288363,-0.4864685772839422,0.1846846336412927,-0.0009688720422725,0.4060468917952878,0.2341922650046989,0.5549974019961417,0.0140576463190273,0.3547591622186937,-0.4289470243255512,0.1273973104704045,0.0152293951960787,-0.4844704194330868,0.0027958011959606,0.1321402465769226,0.0524971529590221,0.998562894971431,0.1299663533732784,0.000840779142992,0.888698528424315,0.0002029185103068,0.0655687867978563,0.744738069547906,0.2297179975755858,0.3226759588743298,0.4795390312788146,0.3869585260674902,0.7122999315086683,0.3384193364242871,0.4399805827743853,0.572357103159748,0.5142012940582728,0.5506605763784594,0.1221470276265178,0.1282715225541673,0.1479051156907494,0.4534504804121283,0.4591042182441102,0.4313774227459992,0.75,37511
0,0,0.4866326999293595,-0.2896312917778125,0.0510803894426436,-0.8516609922317622,0.132484428370131,0.5715371617460968,0.0541864731373086,-0.1417806950288363,-0.4864685772839422,0.1846846336412927,-0.0009688720422725,0.4060468917952878,0.2341922650046989,0.5549974019961417,0.0140576463190273,0.3547591622186937,-0.4289470243255512,0.1273973104704045,0.0152293951960787,-0.4844704194330868,0.0027958011959606,0.1321402465769226,0.0524971529590221,0.998562894971431,0.1299663533732784,0.000840779142992,0.888698528424315,0.0002029185103068,0.0655687867978563,0.744738069547906,0.2297179975755858,0.3226759588743298,0.4795390312788146,0.3869585260674902,0.7122999315086683,0.3384193364242871,0.4399805827743853,0.572357103159748,0.5142012940582728,0.5506605763784594,0.1221470276265178,0.1282715225541673,0.1479051156907494,0.4534504804121283,0.4591042182441102,0.4313774227459992,0.75,37530
0,0,0.4866326999293595,-0.2896312917778125,0.0510803894426436,-0.8516609922317622,0.132484428370131,0.5715371617460968,0.0541864731373086,-0.1417806950288363,-0.4864685772839422,0.1846846336412927,-0.0009688720422725,0.4060468917952878,0.2341922650046989,0.5549974019961417,0.0140576463190273,0.3547591622186937,-0.4289470243255512,0.1273973104704045,0.0152293951960787,-0.4844704194330868,0.0027958011959606,0.1321402465769226,0.0524971529590221,0.998562894971431,0.1299663533732784,0.000840779142992,0.888698528424315,0.0002029185103068,0.0655687867978563,0.744738069547906,0.2297179975755858,0.3226759588743298,0.4795390312788146,0.3869585260674902,0.7122999315086683,0.3384193364242871,0.4399805827743853,0.572357103159748,0.5142012940582728,0.5506605763784594,0.1221470276265178,0.1282715225541673,0.1479051156907494,0.4534504804121283,0.4591042182441102,0.4313774227459992,0.75,37550
0,0,0.4866326999293595,-0.2896312917778125,0.0510803894426436,-0.8516609922317622,0.132484428370131,0.5715371617460968,0.0541864731373086,-0.1417806950288363,-0.4864685772839422,0.1846846336412927,-0.0009688720422725,0.4060468917952878,0.2341922650046989,0.5549974019961417,0.0140576463190273,0.3547591622186937,-0.4289470243255512,0.1273973104704045,0.0152293951960787,-0.4844704194330868,0.0027958011959606,0.1321402465769226,0.0524971529590221,0.998562894971431,0.1299663533732784,0.000840779142992,0.888698528424315,0.0002029185103068,0.0655687867978563,0.744738069547906,0.2297179975755858,0.3226759588743298,0.4795390312788146,0.3869585260674902,0.7122999315086683,0.3384193364242871,0.4399805827743853,0.572357103159748,0.5142012940582728,0.5506605763784594,0.1221470276265178,0.1282715225541673,0.1479051156907494,0.4534504804121283,0.4591042182441102,0.4313774227459992,0.75,37560
0,0,0.4866326999293595,-0.2896312917778125,0.0510803894426436,-0.8516609922317622,0.132484428370131,0.5715371617460968,0.0541864731373086,-0.1417806950288363,-0.4864685772839422,0.1846846336412927,-0.0009688720422725,0.4060468917952878,0.2341922650046989,0.5549974019961417,0.0140576463190273,0.3547591622186937,-0.4289470243255512,0.1273973104704045,0.0152293951960787,-0.4844704194330868,0.0027958011959606,0.1321402465769226,0.0524971529590221,0.998562894971431,0.1299663533732784,0.000840779142992,0.888698528424315,0.0002029185103068,0.0655687867978563,0.744738069547906,0.2297179975755858,0.3226759588743298,0.4795390312788146,0.3869585260674902,0.7122999315086683,0.3384193364242871,0.4399805827743853,0.572357103159748,0.5142012940582728,0.5506605763784594,0.1221470276265178,0.1282715225541673,0.1479051156907494,0.4534504804121283,0.4591042182441102,0.4313774227459992,0.75,37571
0,0,0.4866326999293595,-0.2896312917778125,0.0510803894426436,-0.8516609922317622,0.132484428370131,0.5715371617460968,0.0541864731373086,-0.1417806950288363,-0.4864685772839422,0.1846846336412927,-0.0009688720422725,0.4060468917952878,0.2341922650046989,0.5549974019961417,0.0140576463190273,0.3547591622186937,-0.4289470243255512,0.1273973104704045,0.0152293951960787,-0.4844704194330868,0.0027958011959606,0.1321402465769226,0.0524971529590221,0.998562894971431,0.1299663533732784,0.000840779142992,0.888698528424315,0.0002029185103068,0.0655687867978563,0.744738069547906,0.2297179975755858,0.3226759588743298,0.4795390312788146,0.3869585260674902,0.7122999315086683,0.3384193364242871,0.4399805827743853,0.572357103159748,0.5142012940582728,0.5506605763784594,0.1221470276265178,0.1282715225541673,0.1479051156907494,0.4534504804121283,0.4591042182441102,0.4313774227459992,0.75,37581
0,0,0.4866326999293595,-0.2896312917778125,0.0510803894426436,-0.8516609922317622,0.132484428370131,0.5715371617460968,0.0541864731373086,-0.1417806950288363,-0.4864685772839422,0.1846846336412927,-0.0009688720422725,0.4060468917952878,0.2341922650046989,0.5549974019961417,0.0140576463190273,0.3547591622186937,-0.4289470243255512,0.1273973104704045,0.0152293951960787,-0.4844704194330868,0.0027958011959606,0.1321402465769226,0.0524971529590221,0.998562894971431,0.1299663533732784,0.000840779142992,0.888698528424315,0.0002029185103068,0.0655687867978563,0.744738069547906,0.2297179975755858,0.3226759588743298,0.4795390312788146,0.3869585260674902,0.7122999315086683,0.3384193364242871,0.4399805827743853,0.572357103159748,0.5142012940582728,0.5506605763784594,0.1221470276265178,0.1282715225541673,0.1479051156907494,0.4534504804121283,0.4591042182441102,0.4313774227459992,0.75,37592
0,0,0.4866326999293595,-0.2896312917778125,0.0510803894426436,-0.8516609922317622,0.132484428370131,0.5715371617460968,0.0541864731373086,-0.1417806950288363,-0.4864685772839422,0.1846846336412927,-0.0009688720422725,0.4060468917952878,0.2341922650046989,0.5549974019961417,0.0140576463190273,0.3547591622186937,-0.4289470243255512,0.1273973104704045,0.0152293951960787,-0.4844704194330868,0.0027958011959606,0.1321402465769226,0.0524971529590221,0.998562894971431,0.1299663533732784,0.000840779142992,0.888698528424315,0.0002029185103068,0.0655687867978563,0.744738069547906,0.2297179975755858,0.3226759588743298,0.4795390312788146,0.3869585260674902,0.7122999315086683,0.3384193364242871,0.4399805827743853,0.572357103159748,0.5142012940582728,0.5506605763784594,0.1221470276265178,0.1282715225541673,0.1479051156907494,0.4534504804121283,0.4591042182441102,0.4313774227459992,0.75,37602
0,0,0.4866326999293595,-0.2896312917778125,0.0510803894426436,-0.8516609922317622,0.132484428370131,0.5715371617460968,0.0541864731373086,-0.1417806950288363,-0.4864685772839422,0.1846846336412927,-0.0009688720422725,0.4060468917952878,0.2341922650046989,0.5549974019961417,0.0140576463190273,0.3547591622186937,-0.4289470243255512,0.1273973104704045,0.0152293951960787,-0.4844704194330868,0.0027958011959606,0.1321402465769226,0.0524971529590221,0.998562894971431,0.1299663533732784,0.000840779142992,0.888698528424315,0.0002029185103068,0.0655687867978563,0.744738069547906,0.2297179975755858,0.3226759588743298,0.4795390312788146,0.3869585260674902,0.7122999315086683,0.3384193364242871,0.4399805827743853,0.572357103159748,0.5142012940582728,0.5506605763784594,0.1221470276265178,0.1282715225541673,0.1479051156907494,0.4534504804121283,0.4591042182441102,0.4313774227459992,0.75,37620
0,0,0.4866326999293595,-0.2896312917778125,0.0510803894426436,-0.8516609922317622,0.132484428370131,0.5715371617460968,0.0541864731373086,-0.1417806950288363,-0.4864685772839422,0.1846846336412927,-0.0009688720422725,0.4060468917952878,0.2341922650046989,0.5549974019961417,0.0140576463190273,0.3547591622186937,-0.4289470243255512,0.1273973104704045,0.0152293951960787,-0.4844704194330868,0.0027958011959606,0.1321402465769226,0.0524971529590221,0.998562894971431,0.1299663533732784,0.000840779142992,0.888698528424315,0.0002029185103068,0.0655687867978563,0.744738069547906,0.2297179975755858,0.3226759588743298,0.4795390312788146,0.3869585260674902,0.7122999315086683,0.3384193364242871,0.4399805827743853,0.572357103159748,0.5142012940582728,0.5506605763784594,0.1221470276265178,0.1282715225541673,0.1479051156907494,0.4534504804121283,0.4591042182441102,0.4313774227459992,0.75,37630
0,0,0.4866326999293595,-0.2896312917778125,0.0510803894426436,-0.8516609922317622,0.132484428370131,0.5715371617460968,0.0541864731373086,-0.1417806950288363,-0.4864685772839422,0.1846846336412927,-0.0009688720422725,0.4060468917952878,0.2341922650046989,0.5549974019961417,0.0140576463190273,0.3547591622186937,-0.4289470243255512,0.1273973104704045,0.0152293951960787,-0.4844704194330868,0.0027958011959606,0.1321402465769226,0.0524971529590221,0.998562894971431,0.1299663533732784,0.000840779142992,0.888698528424315,0.0002029185103068,0.0655687867978563,0.744738069547906,0.2297179975755858,0.3226759588743298,0.4795390312788146,0.3869585260674902,0.7122999315086683,0.3384193364242871,0.4399805827743853,0.572357103159748,0.5142012940582728,0.5506605763784594,0.1221470276265178,0.1282715225541673,0.1479051156907494,0.4534504804121283,0.4591042182441102,0.4313774227459992,0.75,37641
0,0,0.4866326999293595,-0.2896312917778125,0.0510803894426436,-0.8516609922317622,0.132484428370131,0.5715371617460968,0.0541864731373086,-0.1417806950288363,-0.4864685772839422,0.1846846336412927,-0.0009688720422725,0.4060468917952878,0.2341922650046989,0.5549974019961417,0.0140576463190273,0.3547591622186937,-0.4289470243255512,0.1273973104704045,0.0152293951960787,-0.4844704194330868,0.0027958011959606,0.1321402465769226,0.0524971529590221,0.998562894971431,0.1299663533732784,0.000840779142992,0.888698528424315,0.0002029185103068,0.0655687867978563,0.744738069547906,0.2297179975755858,0.3226759588743298,0.4795390312788146,0.3869585260674902,0.7122999315086683,0.3384193364242871,0.4399805827743853,0.572357103159748,0.5142012940582728,0.5506605763784594,0.1221470276265178,0.1282715225541673,0.1479051156907494,0.4534504804121283,0.4591042182441102,0.4313774227459992,0.75,37652
0,0,0.4866326999293595,-0.2896312917778125,0.0510803894426436,-0.8516609922317622,0.132484428370131,0.5715371617460968,0.0541864731373086,-0.1417806950288363,-0.4864685772839422,0.1846846336412927,-0.0009688720422725,0.4060468917952878,0.2341922650046989,0.5549974019961417,0.0140576463190273,0.3547591622186937,-0.4289470243255512,0.1273973104704045,0.0152293951960787,-0.4844704194330868,0.0027958011959606,0.1321402465769226,0.0524971529590221,0.998562894971431,0.1299663533732784,0.000840779142992,0.888698528424315,0.0002029185103068,0.0655687867978563,0.744738069547906,0.2297179975755858,0.3226759588743298,0.4795390312788146,0.3869585260674902,0.7122999315086683,0.3384193364242871,0.4399805827743853,0.572357103159748,0.5142012940582728,0.5506605763784594,0.1221470276265178,0.1282715225541673,0.1479051156907494,0.4534504804121283,0.4591042182441102,0.4313774227459992,0.75,37662
0,0,0.4866326999293595,-0.2896312917778125,0.0510803894426436,-0.8516609922317622,0.132484428370131,0.5715371617460968,0.0541864731373086,-0.1417806950288363,-0.4864685772839422,0.1846846336412927,-0.0009688720422725,0.4060468917952878,0.2341922650046989,0.5549974019961417,0.0140576463190273,0.3547591622186937,-0.4289470243255512,0.1273973104704045,0.0152293951960787,-0.4844704194330868,0.0027958011959606,0.1321402465769226,0.0524971529590221,0.998562894971431,0.1299663533732784,0.000840779142992,0.888698528424315,0.0002029185103068,0.0655687867978563,0.744738069547906,0.2297179975755858,0.3226759588743298,0.4795390312788146,0.3869585260674902,0.7122999315086683,0.3384193364242871,0.4399805827743853,0.572357103159748,0.5142012940582728,0.5506605763784594,0.1221470276265178,0.1282715225541673,0.1479051156907494,0.4534504804121283,0.4591042182441102,0.4313774227459992,0.75,37672
0,0,0.4866326999293595,-0.2896312917778125,0.0510803894426436,-0.8516609922317622,0.132484428370131,0.5715371617460968,0.0541864731373086,-0.1417806950288363,-0.4864685772839422,0.1846846336412927,-0.0009688720422725,0.4060468917952878,0.2341922650046989,0.5549974019961417,0.0140576463190273,0.3547591622186937,-0.4289470243255512,0.1273973104704045,0.0152293951960787,-0.4844704194330868,0.0027958011959606,0.1321402465769226,0.0524971529590221,0.998562894971431,0.1299663533732784,0.000840779142992,0.888698528424315,0.0002029185103068,0.0655687867978563,0.744738069547906,0.2297179975755858,0.3226759588743298,0.4795390312788146,0.3869585260674902,0.7122999315086683,0.3384193364242871,0.4399805827743853,0.572357103159748,0.5142012940582728,0.5506605763784594,0.1221470276265178,0.1282715225541673,0.1479051156907494,0.4534504804121283,0.4591042182441102,0.4313774227459992,0.75,37683
0,0,0.4866326999293595,-0.2896312917778125,0.0510803894426436,-0.8516609922317622,0.132484428370131,0.5715371617460968,0.0541864731373086,-0.1417806950288363,-0.4864685772839422,0.1846846336412927,-0.0009688720422725,0.4060468917952878,0.2341922650046989,0.5549974019961417,0.0140576463190273,0.3547591622186937,-0.4289470243255512,0.1273973104704045,0.0152293951960787,-0.4844704194330868,0.0027958011959606,0.1321402465769226,0.0524971529590221,0.998562894971431,0.1299663533732784,0.000840779142992,0.888698528424315,0.0002029185103068,0.0655687867978563,0.744738069547906,0.2297179975755858,0.3226759588743298,0.4795390312788146,0.3869585260674902,0.7122999315086683,0.3384193364242871,0.4399805827743853,0.572357103159748,0.5142012940582728,0.5506605763784594,0.1221470276265178,0.1282715225541673,0.1479051156907494,0.4534504804121283,0.4591042182441102,0.4313774227459992,0.75,37694
0,0,0.4866326999293595,-0.2896312917778125,0.0510803894426436,-0.8516609922317622,0.132484428370131,0.5715371617460968,0.0541864731373086,-0.1417806950288363,-0.4864685772839422,0.1846846336412927,-0.0009688720422725,0.4060468917952878,0.2341922650046989,0.5549974019961417,0.0140576463190273,0.3547591622186937,-0.4289470243255512,0.1273973104704045,0.0152293951960787,-0.4844704194330868,0.0027958011959606,0.1321402465769226,0.0524971529590221,0.998562894971431,0.1299663533732784,0.000840779142992,0.888698528424315,0.0002029185103068,0.0655687867978563,0.744738069547906,0.2297179975755858,0.3226759588743298,0.4795390312788146,0.3869585260674902,0.7122999315086683,0.3384193364242871,0.4399805827743853,0.572357103159748,0.5142012940582728,0.5506605763784594,0.1221470276265178,0.1282715225541673,0.1479051156907494,0.4534504804121283,0.4591042182441102,0.4313774227459992,0.75,37705
0,0,0.4866326999293595,-0.2896312917778125,0.0510803894426436,-0.8516609922317622,0.132484428370131,0.5715371617460968,0.0541864731373086,-0.1417806950288363,-0.4864685772839422,0.1846846336412927,-0.0009688720422725,0.4060468917952878,0.2341922650046989,0.5549974019961417,0.0140576463190273,0.3547591622186937,-0.4289470243255512,0.1273973104704045,0.0152293951960787,-0.4844704194330868,0.0027958011959606,0.1321402465769226,0.0524971529590221,0.998562894971431,0.1299663533732784,0.000840779142992,0.888698528424315,0.0002029185103068,0.0655687867978563,0.744738069547906,0.2297179975755858,0.3226759588743298,0.4795390312788146,0.3869585260674902,0.7122999315086683,0.3384193364242871,0.4399805827743853,0.572357103159748,0.5142012940582728,0.5506605763784594,0.1221470276265178,0.1282715225541673,0.1479051156907494,0.4534504804121283,0.4591042182441102,0.4313774227459992,0.75,37715
0,0,0.4866326999293595,-0.2896312917778125,0.0510803894426436,-0.8516609922317622,0.132484428370131,0.5715371617460968,0.0541864731373086,-0.1417806950288363,-0.4864685772839422,0.1846846336412927,-0.0009688720422725,0.4060468917952878,0.2341922650046989,0.5549974019961417,0.0140576463190273,0.3547591622186937,-0.4289470243255512,0.1273973104704045,0.0152293951960787,-0.4844704194330868,0.0027958011959606,0.1321402465769226,0.0524971529590221,0.998562894971431,0.1299663533732784,0.000840779142992,0.888698528424315,0.0002029185103068,0.0655687867978563,0.744738069547906,0.2297179975755858,0.3226759588743298,0.4795390312788146,0.3869585260674902,0.7122999315086683,0.3384193364242871,0.4399805827743853,0.572357103159748,0.5142012940582728,0.5506605763784594,0.1221470276265178,0.1282715225541673,0.1479051156907494,0.4534504804121283,0.4591042182441102,0.4313774227459992,0.75,37726
0,0,0.4866326999293595,-0.2896312917778125,0.0510803894426436,-0.8516609922317622,0.132484428370131,0.5715371617460968,0.0541864731373086,-0.1417806950288363,-0.4864685772839422,0.1846846336412927,-0.0009688720422725,0.4060468917952878,0.2341922650046989,0.5549974019961417,0.0140576463190273,0.3547591622186937,-0.4289470243255512,0.1273973104704045,0.0152293951960787,-0.4844704194330868,0.0027958011959606,0.1321402465769226,0.0524971529590221,0.998562894971431,0.1299663533732784,0.000840779142992,0.888698528424315,0.0002029185103068,0.0655687867978563,0.744738069547906,0.2297179975755858,0.3226759588743298,0.4795390312788146,0.3869585260674902,0.7122999315086683,0.3384193364242871,0.4399805827743853,0.572357103159748,0.5142012940582728,0.5506605763784594,0.1221470276265178,0.1282715225541673,0.1479051156907494,0.4534504804121283,0.4591042182441102,0.4313774227459992,0.75,37736
0,0,0.4866326999293595,-0.2896312917778125,0.0510803894426436,-0.8516609922317622,0.132484428370131,0.5715371617460968,0.0541864731373086,-0.1417806950288363,-0.4864685772839422,0.1846846336412927,-0.0009688720422725,0.4060468917952878,0.2341922650046989,0.5549974019961417,0.0140576463190273,0.3547591622186937,-0.4289470243255512,0.1273973104704045,0.0152293951960787,-0.4844704194330868,0.0027958011959606,0.1321402465769226,0.0524971529590221,0.998562894971431,0.1299663533732784,0.000840779142992,0.888698528424315,0.0002029185103068,0.0655687867978563,0.744738069547906,0.2297179975755858,0.3226759588743298,0.4795390312788146,0.3869585260674902,0.7122999315086683,0.3384193364242871,0.4399805827743853,0.572357103159748,0.5142012940582728,0.5506605763784594,0.1221470276265178,0.1282715225541673,0.1479051156907494,0.4534504804121283,0.4591042182441102,0.4313774227459992,0.75,37747
0,0,0.4866326999293595,-0.2896312917778125,0.0510803894426436,-0.8516609922317622,0.132484428370131,0.5715371617460968,0.0541864731373086,-0.1417806950288363,-0.4864685772839422,0.1846846336412927,-0.0009688720422725,0.4060468917952878,0.2341922650046989,0.5549974019961417,0.0140576463190273,0.3547591622186937,-0.4289470243255512,0.1273973104704045,0.0152293951960787,-0.4844704194330868,0.0027958011959606,0.1321402465769226,0.0524971529590221,0.998562894971431,0.1299663533732784,0.000840779142992,0.888698528424315,0.0002029185103068,0.0655687867978563,0.744738069547906,0.2297179975755858,0.3226759588743298,0.4795390312788146,0.3869585260674902,0.7122999315086683,0.3384193364242871,0.4399805827743853,0.572357103159748,0.5142012940582728,0.5506605763784594,0.1221470276265178,0.1282715225541673,0.1479051156907494,0.4534504804121283,0.4591042182441102,0.4313774227459992,0.75,37757
0,0,0.4866326999293595,-0.2896312917778125,0.0510803894426436,-0.8516609922317622,0.132484428370131,0.5715371617460968,0.0541864731373086,-0.1417806950288363,-0.4864685772839422,0.1846846336412927,-0.0009688720422725,0.4060468917952878,0.2341922650046989,0.5549974019961417,0.0140576463190273,0.3547591622186937,-0.4289470243255512,0.1273973104704045,0.0152293951960787,-0.4844704194330868,0.0027958011959606,0.1321402465769226,0.0524971529590221,0.998562894971431,0.1299663533732784,0.000840779142992,0.888698528424315,0.0002029185103068,0.0655687867978563,0.744738069547906,0.2297179975755858,0.3226759588743298,0.4795390312788146,0.3869585260674902,0.7122999315086683,0.3384193364242871,0.4399805827743853,0.572357103159748,0.5142012940582728,0.5506605763784594,0.1221470276265178,0.1282715225541673,0.1479051156907494,0.4534504804121283,0.4591042182441102,0.4313774227459992,0.75,37768
0,0,0.4866326999293595,-0.2896312917778125,0.0510803894426436,-0.8516609922317622,0.132484428370131,0.5715371617460968,0.0541864731373086,-0.1417806950288363,-0.4864685772839422,0.1846846336412927,-0.0009688720422725,0.4060468917952878,0.2341922650046989,0.5549974019961417,0.0140576463190273,0.3547591622186937,-0.4289470243255512,0.1273973104704045,0.0152293951960787,-0.4844704194330868,0.0027958011959606,0.1321402465769226,0.0524971529590221,0.998562894971431,0.1299663533732784,0.000840779142992,0.888698528424315,0.0002029185103068,0.0655687867978563,0.744738069547906,0.2297179975755858,0.3226759588743298,0.4795390312788146,0.3869585260674902,0.7122999315086683,0.3384193364242871,0.4399805827743853,0.572357103159748,0.5142012940582728,0.5506605763784594,0.1221470276265178,0.1282715225541673,0.1479051156907494,0.4534504804121283,0.4591042182441102,0.4313774227459992,0.75,37778
0,0,0.4866326999293595,-0.2896312917778125,0.0510803894426436,-0.8516609922317622,0.132484428370131,0.5715371617460968,0.0541864731373086,-0.1417806950288363,-0.4864685772839422,0.1846846336412927,-0.0009688720422725,0.4060468917952878,0.2341922650046989,0.5549974019961417,0.0140576463190273,0.3547591622186937,-0.4289470243255512,0.1273973104704045,0.0152293951960787,-0.4844704194330868,0.0027958011959606,0.1321402465769226,0.0524971529590221,0.998562894971431,0.1299663533732784,0.000840779142992,0.888698528424315,0.0002029185103068,0.0655687867978563,0.744738069547906,0.2297179975755858,0.3226759588743298,0.4795390312788146,0.3869585260674902,0.7122999315086683,0.3384193364242871,0.4399805827743853,0.572357103159748,0.5142012940582728,0.5506605763784594,0.1221470276265178,0.1282715225541673,0.1479051156907494,0.4534504804121283,0.4591042182441102,0.4313774227459992,0.75,37788
0,0,-0.0970333649581154,-0.3015415454028194,-0.0212629843422581,0.4923907807915977,0.7487124550011559,-0.0982191373772804,0.8394619919534962,-0.1532128529521657,-0.1842027175925801,0.3269337281369032,0.2249724880662698,0.7489702325250515,0.9044659259096892,0.6031595427886631,-0.7210340620421449,0.5568026470650423,-0.7264559445274577,-0.261861987928136,0.0742871837703514,-0.6128241737336443,0.0056133388056966,0.1319501103367172,0.0516836782153399,1.0,0.130237028990596,0.0010555755204704,0.8854094471357636,0.0001046848319164,0.0650822518983807,0.7423846804724974,0.1472288060906334,0.0828362318152565,0.5434435693994054,0.2026170975116892,0.7122095952930363,0.1926231905521128,0.7189573546231613,0.6146413536401998,0.5872282636313415,0.0001,0.1471215724605862,0.16774716944887,0.2912268194919787,0.4547898656577651,0.461381128467267,0.1525659068217991,0.83,3779
0,0,0.4866326999293595,-0.2896312917778125,0.0510803894426436,-0.8516609922317622,0.132484428370131,0.5715371617460968,0.0541864731373086,-0.1417806950288363,-0.4864685772839422,0.1846846336412927,-0.0009688720422725,0.4060468917952878,0.2341922650046989,0.5549974019961417,0.0140576463190273,0.3547591622186937,-0.4289470243255512,0.1273973104704045,0.0152293951960787,-0.4844704194330868,0.0027958011959606,0.1321402465769226,0.0524971529590221,0.998562894971431,0.1299663533732784,0.000840779142992,0.888698528424315,0.0002029185103068,0.0655687867978563,0.744738069547906,0.2297179975755858,0.3226759588743298,0.4795390312788146,0.3869585260674902,0.7122999315086683,0.3384193364242871,0.4399805827743853,0.572357103159748,0.5142012940582728,0.5506605763784594,0.1221470276265178,0.1282715225541673,0.1479051156907494,0.4534504804121283,0.4591042182441102,0.4313774227459992,0.75,37798
0,0,0.4866326999293595,-0.2896312917778125,0.0510803894426436,-0.8516609922317622,0.132484428370131,0.5715371617460968,0.0541864731373086,-0.1417806950288363,-0.4864685772839422,0.1846846336412927,-0.0009688720422725,0.4060468917952878,0.2341922650046989,0.5549974019961417,0.0140576463190273,0.3547591622186937,-0.4289470243255512,0.1273973104704045,0.0152293951960787,-0.4844704194330868,0.0027958011959606,0.1321402465769226,0.0524971529590221,0.998562894971431,0.1299663533732784,0.000840779142992,0.888698528424315,0.0002029185103068,0.0655687867978563,0.744738069547906,0.2297179975755858,0.3226759588743298,0.4795390312788146,0.3869585260674902,0.7122999315086683,0.3384193364242871,0.4399805827743853,0.572357103159748,0.5142012940582728,0.5506605763784594,0.1221470276265178,0.1282715225541673,0.1479051156907494,0.4534504804121283,0.4591042182441102,0.4313774227459992,0.75,37808
0,0,0.4866326999293595,-0.2896312917778125,0.0510803894426436,-0.8516609922317622,0.132484428370131,0.5715371617460968,0.0541864731373086,-0.1417806950288363,-0.4864685772839422,0.1846846336412927,-0.0009688720422725,0.4060468917952878,0.2341922650046989,0.5549974019961417,0.0140576463190273,0.3547591622186937,-0.4289470243255512,0.1273973104704045,0.0152293951960787,-0.4844704194330868,0.0027958011959606,0.1321402465769226,0.0524971529590221,0.998562894971431,0.1299663533732784,0.000840779142992,0.888698528424315,0.0002029185103068,0.0655687867978563,0.744738069547906,0.2297179975755858,0.3226759588743298,0.4795390312788146,0.3869585260674902,0.7122999315086683,0.3384193364242871,0.4399805827743853,0.572357103159748,0.5142012940582728,0.5506605763784594,0.1221470276265178,0.1282715225541673,0.1479051156907494,0.4534504804121283,0.4591042182441102,0.4313774227459992,0.75,37818
0,0,0.4866326999293595,-0.2896312917778125,0.0510803894426436,-0.8516609922317622,0.132484428370131,0.5715371617460968,0.0541864731373086,-0.1417806950288363,-0.4864685772839422,0.1846846336412927,-0.0009688720422725,0.4060468917952878,0.2341922650046989,0.5549974019961417,0.0140576463190273,0.3547591622186937,-0.4289470243255512,0.1273973104704045,0.0152293951960787,-0.4844704194330868,0.0027958011959606,0.1321402465769226,0.0524971529590221,0.998562894971431,0.1299663533732784,0.000840779142992,0.888698528424315,0.0002029185103068,0.0655687867978563,0.744738069547906,0.2297179975755858,0.3226759588743298,0.4795390312788146,0.3869585260674902,0.7122999315086683,0.3384193364242871,0.4399805827743853,0.572357103159748,0.5142012940582728,0.5506605763784594,0.1221470276265178,0.1282715225541673,0.1479051156907494,0.4534504804121283,0.4591042182441102,0.4313774227459992,0.75,37829
0,0,0.4866326999293595,-0.2896312917778125,0.0510803894426436,-0.8516609922317622,0.132484428370131,0.5715371617460968,0.0541864731373086,-0.1417806950288363,-0.4864685772839422,0.1846846336412927,-0.0009688720422725,0.4060468917952878,0.2341922650046989,0.5549974019961417,0.0140576463190273,0.3547591622186937,-0.4289470243255512,0.1273973104704045,0.0152293951960787,-0.4844704194330868,0.0027958011959606,0.1321402465769226,0.0524971529590221,0.998562894971431,0.1299663533732784,0.000840779142992,0.888698528424315,0.0002029185103068,0.0655687867978563,0.744738069547906,0.2297179975755858,0.3226759588743298,0.4795390312788146,0.3869585260674902,0.7122999315086683,0.3384193364242871,0.4399805827743853,0.572357103159748,0.5142012940582728,0.5506605763784594,0.1221470276265178,0.1282715225541673,0.1479051156907494,0.4534504804121283,0.4591042182441102,0.4313774227459992,0.75,37848
0,0,0.4866326999293595,-0.2896312917778125,0.0510803894426436,-0.8516609922317622,0.132484428370131,0.5715371617460968,0.0541864731373086,-0.1417806950288363,-0.4864685772839422,0.1846846336412927,-0.0009688720422725,0.4060468917952878,0.2341922650046989,0.5549974019961417,0.0140576463190273,0.3547591622186937,-0.4289470243255512,0.1273973104704045,0.0152293951960787,-0.4844704194330868,0.0027958011959606,0.1321402465769226,0.0524971529590221,0.998562894971431,0.1299663533732784,0.000840779142992,0.888698528424315,0.0002029185103068,0.0655687867978563,0.744738069547906,0.2297179975755858,0.3226759588743298,0.4795390312788146,0.3869585260674902,0.7122999315086683,0.3384193364242871,0.4399805827743853,0.572357103159748,0.5142012940582728,0.5506605763784594,0.1221470276265178,0.1282715225541673,0.1479051156907494,0.4534504804121283,0.4591042182441102,0.4313774227459992,0.75,37859
0,0,0.4866326999293595,-0.2896312917778125,0.0510803894426436,-0.8516609922317622,0.132484428370131,0.5715371617460968,0.0541864731373086,-0.1417806950288363,-0.4864685772839422,0.1846846336412927,-0.0009688720422725,0.4060468917952878,0.2341922650046989,0.5549974019961417,0.0140576463190273,0.3547591622186937,-0.4289470243255512,0.1273973104704045,0.0152293951960787,-0.4844704194330868,0.0027958011959606,0.1321402465769226,0.0524971529590221,0.998562894971431,0.1299663533732784,0.000840779142992,0.888698528424315,0.0002029185103068,0.0655687867978563,0.744738069547906,0.2297179975755858,0.3226759588743298,0.4795390312788146,0.3869585260674902,0.7122999315086683,0.3384193364242871,0.4399805827743853,0.572357103159748,0.5142012940582728,0.5506605763784594,0.1221470276265178,0.1282715225541673,0.1479051156907494,0.4534504804121283,0.4591042182441102,0.4313774227459992,0.75,37870
0,0,0.4866326999293595,-0.2896312917778125,0.0510803894426436,-0.8516609922317622,0.132484428370131,0.5715371617460968,0.0541864731373086,-0.1417806950288363,-0.4864685772839422,0.1846846336412927,-0.0009688720422725,0.4060468917952878,0.2341922650046989,0.5549974019961417,0.0140576463190273,0.3547591622186937,-0.4289470243255512,0.1273973104704045,0.0152293951960787,-0.4844704194330868,0.0027958011959606,0.1321402465769226,0.0524971529590221,0.998562894971431,0.1299663533732784,0.000840779142992,0.888698528424315,0.0002029185103068,0.0655687867978563,0.744738069547906,0.2297179975755858,0.3226759588743298,0.4795390312788146,0.3869585260674902,0.7122999315086683,0.3384193364242871,0.4399805827743853,0.572357103159748,0.5142012940582728,0.5506605763784594,0.1221470276265178,0.1282715225541673,0.1479051156907494,0.4534504804121283,0.4591042182441102,0.4313774227459992,0.75,37880
0,0,0.4866326999293595,-0.2896312917778125,0.0510803894426436,-0.8516609922317622,0.132484428370131,0.5715371617460968,0.0541864731373086,-0.1417806950288363,-0.4864685772839422,0.1846846336412927,-0.0009688720422725,0.4060468917952878,0.2341922650046989,0.5549974019961417,0.0140576463190273,0.3547591622186937,-0.4289470243255512,0.1273973104704045,0.0152293951960787,-0.4844704194330868,0.0027958011959606,0.1321402465769226,0.0524971529590221,0.998562894971431,0.1299663533732784,0.000840779142992,0.888698528424315,0.0002029185103068,0.0655687867978563,0.744738069547906,0.2297179975755858,0.3226759588743298,0.4795390312788146,0.3869585260674902,0.7122999315086683,0.3384193364242871,0.4399805827743853,0.572357103159748,0.5142012940582728,0.5506605763784594,0.1221470276265178,0.1282715225541673,0.1479051156907494,0.4534504804121283,0.4591042182441102,0.4313774227459992,0.75,37890
0,0,0.4866326999293595,-0.2896312917778125,0.0510803894426436,-0.8516609922317622,0.132484428370131,0.5715371617460968,0.0541864731373086,-0.1417806950288363,-0.4864685772839422,0.1846846336412927,-0.0009688720422725,0.4060468917952878,0.2341922650046989,0.5549974019961417,0.0140576463190273,0.3547591622186937,-0.4289470243255512,0.1273973104704045,0.0152293951960787,-0.4844704194330868,0.0027958011959606,0.1321402465769226,0.0524971529590221,0.998562894971431,0.1299663533732784,0.000840779142992,0.888698528424315,0.0002029185103068,0.0655687867978563,0.744738069547906,0.2297179975755858,0.3226759588743298,0.4795390312788146,0.3869585260674902,0.7122999315086683,0.3384193364242871,0.4399805827743853,0.572357103159748,0.5142012940582728,0.5506605763784594,0.1221470276265178,0.1282715225541673,0.1479051156907494,0.4534504804121283,0.4591042182441102,0.4313774227459992,0.75,37901
0,0,0.4866326999293595,-0.2896312917778125,0.0510803894426436,-0.8516609922317622,0.132484428370131,0.5715371617460968,0.0541864731373086,-0.1417806950288363,-0.4864685772839422,0.1846846336412927,-0.0009688720422725,0.4060468917952878,0.2341922650046989,0.5549974019961417,0.0140576463190273,0.3547591622186937,-0.4289470243255512,0.1273973104704045,0.0152293951960787,-0.4844704194330868,0.0027958011959606,0.1321402465769226,0.0524971529590221,0.998562894971431,0.1299663533732784,0.000840779142992,0.888698528424315,0.0002029185103068,0.0655687867978563,0.744738069547906,0.2297179975755858,0.3226759588743298,0.4795390312788146,0.3869585260674902,0.7122999315086683,0.3384193364242871,0.4399805827743853,0.572357103159748,0.5142012940582728,0.5506605763784594,0.1221470276265178,0.1282715225541673,0.1479051156907494,0.4534504804121283,0.4591042182441102,0.4313774227459992,0.75,37911
0,0,0.4866326999293595,-0.2896312917778125,0.0510803894426436,-0.8516609922317622,0.132484428370131,0.5715371617460968,0.0541864731373086,-0.1417806950288363,-0.4864685772839422,0.1846846336412927,-0.0009688720422725,0.4060468917952878,0.2341922650046989,0.5549974019961417,0.0140576463190273,0.3547591622186937,-0.4289470243255512,0.1273973104704045,0.0152293951960787,-0.4844704194330868,0.0027958011959606,0.1321402465769226,0.0524971529590221,0.998562894971431,0.1299663533732784,0.000840779142992,0.888698528424315,0.0002029185103068,0.0655687867978563,0.744738069547906,0.2297179975755858,0.3226759588743298,0.4795390312788146,0.3869585260674902,0.7122999315086683,0.3384193364242871,0.4399805827743853,0.572357103159748,0.5142012940582728,0.5506605763784594,0.1221470276265178,0.1282715225541673,0.1479051156907494,0.4534504804121283,0.4591042182441102,0.4313774227459992,0.75,37922
0,0,0.4866326999293595,-0.2896312917778125,0.0510803894426436,-0.8516609922317622,0.132484428370131,0.5715371617460968,0.0541864731373086,-0.1417806950288363,-0.4864685772839422,0.1846846336412927,-0.0009688720422725,0.4060468917952878,0.2341922650046989,0.5549974019961417,0.0140576463190273,0.3547591622186937,-0.4289470243255512,0.1273973104704045,0.0152293951960787,-0.4844704194330868,0.0027958011959606,0.1321402465769226,0.0524971529590221,0.998562894971431,0.1299663533732784,0.000840779142992,0.888698528424315,0.0002029185103068,0.0655687867978563,0.744738069547906,0.2297179975755858,0.3226759588743298,0.4795390312788146,0.3869585260674902,0.7122999315086683,0.3384193364242871,0.4399805827743853,0.572357103159748,0.5142012940582728,0.5506605763784594,0.1221470276265178,0.1282715225541673,0.1479051156907494,0.4534504804121283,0.4591042182441102,0.4313774227459992,0.75,37932
0,0,0.4866326999293595,-0.2896312917778125,0.0510803894426436,-0.8516609922317622,0.132484428370131,0.5715371617460968,0.0541864731373086,-0.1417806950288363,-0.4864685772839422,0.1846846336412927,-0.0009688720422725,0.4060468917952878,0.2341922650046989,0.5549974019961417,0.0140576463190273,0.3547591622186937,-0.4289470243255512,0.1273973104704045,0.0152293951960787,-0.4844704194330868,0.0027958011959606,0.1321402465769226,0.0524971529590221,0.998562894971431,0.1299663533732784,0.000840779142992,0.888698528424315,0.0002029185103068,0.0655687867978563,0.744738069547906,0.2297179975755858,0.3226759588743298,0.4795390312788146,0.3869585260674902,0.7122999315086683,0.3384193364242871,0.4399805827743853,0.572357103159748,0.5142012940582728,0.5506605763784594,0.1221470276265178,0.1282715225541673,0.1479051156907494,0.4534504804121283,0.4591042182441102,0.4313774227459992,0.75,37942
0,0,0.4866326999293595,-0.2896312917778125,0.0510803894426436,-0.8516609922317622,0.132484428370131,0.5715371617460968,0.0541864731373086,-0.1417806950288363,-0.4864685772839422,0.1846846336412927,-0.0009688720422725,0.4060468917952878,0.2341922650046989,0.5549974019961417,0.0140576463190273,0.3547591622186937,-0.4289470243255512,0.1273973104704045,0.0152293951960787,-0.4844704194330868,0.0027958011959606,0.1321402465769226,0.0524971529590221,0.998562894971431,0.1299663533732784,0.000840779142992,0.888698528424315,0.0002029185103068,0.0655687867978563,0.744738069547906,0.2297179975755858,0.3226759588743298,0.4795390312788146,0.3869585260674902,0.7122999315086683,0.3384193364242871,0.4399805827743853,0.572357103159748,0.5142012940582728,0.5506605763784594,0.1221470276265178,0.1282715225541673,0.1479051156907494,0.4534504804121283,0.4591042182441102,0.4313774227459992,0.75,37952
0,0,0.4866326999293595,-0.2896312917778125,0.0510803894426436,-0.8516609922317622,0.132484428370131,0.5715371617460968,0.0541864731373086,-0.1417806950288363,-0.4864685772839422,0.1846846336412927,-0.0009688720422725,0.4060468917952878,0.2341922650046989,0.5549974019961417,0.0140576463190273,0.3547591622186937,-0.4289470243255512,0.1273973104704045,0.0152293951960787,-0.4844704194330868,0.0027958011959606,0.1321402465769226,0.0524971529590221,0.998562894971431,0.1299663533732784,0.000840779142992,0.888698528424315,0.0002029185103068,0.0655687867978563,0.744738069547906,0.2297179975755858,0.3226759588743298,0.4795390312788146,0.3869585260674902,0.7122999315086683,0.3384193364242871,0.4399805827743853,0.572357103159748,0.5142012940582728,0.5506605763784594,0.1221470276265178,0.1282715225541673,0.1479051156907494,0.4534504804121283,0.4591042182441102,0.4313774227459992,0.75,37970
0,0,0.4866326999293595,-0.2896312917778125,0.0510803894426436,-0.8516609922317622,0.132484428370131,0.5715371617460968,0.0541864731373086,-0.1417806950288363,-0.4864685772839422,0.1846846336412927,-0.0009688720422725,0.4060468917952878,0.2341922650046989,0.5549974019961417,0.0140576463190273,0.3547591622186937,-0.4289470243255512,0.1273973104704045,0.0152293951960787,-0.4844704194330868,0.0027958011959606,0.1321402465769226,0.0524971529590221,0.998562894971431,0.1299663533732784,0.000840779142992,0.888698528424315,0.0002029185103068,0.0655687867978563,0.744738069547906,0.2297179975755858,0.3226759588743298,0.4795390312788146,0.3869585260674902,0.7122999315086683,0.3384193364242871,0.4399805827743853,0.572357103159748,0.5142012940582728,0.5506605763784594,0.1221470276265178,0.1282715225541673,0.1479051156907494,0.4534504804121283,0.4591042182441102,0.4313774227459992,0.75,37980
0,0,0.4866326999293595,-0.2896312917778125,0.0510803894426436,-0.8516609922317622,0.132484428370131,0.5715371617460968,0.0541864731373086,-0.1417806950288363,-0.4864685772839422,0.1846846336412927,-0.0009688720422725,0.4060468917952878,0.2341922650046989,0.5549974019961417,0.0140576463190273,0.3547591622186937,-0.4289470243255512,0.1273973104704045,0.0152293951960787,-0.4844704194330868,0.0027958011959606,0.1321402465769226,0.0524971529590221,0.998562894971431,0.1299663533732784,0.000840779142992,0.888698528424315,0.0002029185103068,0.0655687867978563,0.744738069547906,0.2297179975755858,0.3226759588743298,0.4795390312788146,0.3869585260674902,0.7122999315086683,0.3384193364242871,0.4399805827743853,0.572357103159748,0.5142012940582728,0.5506605763784594,0.1221470276265178,0.1282715225541673,0.1479051156907494,0.4534504804121283,0.4591042182441102,0.4313774227459992,0.75,37991
0,0,0.4866326999293595,-0.2896312917778125,0.0510803894426436,-0.8516609922317622,0.132484428370131,0.5715371617460968,0.0541864731373086,-0.1417806950288363,-0.4864685772839422,0.1846846336412927,-0.0009688720422725,0.4060468917952878,0.2341922650046989,0.5549974019961417,0.0140576463190273,0.3547591622186937,-0.4289470243255512,0.1273973104704045,0.0152293951960787,-0.4844704194330868,0.0027958011959606,0.1321402465769226,0.0524971529590221,0.998562894971431,0.1299663533732784,0.000840779142992,0.888698528424315,0.0002029185103068,0.0655687867978563,0.744738069547906,0.2297179975755858,0.3226759588743298,0.4795390312788146,0.3869585260674902,0.7122999315086683,0.3384193364242871,0.4399805827743853,0.572357103159748,0.5142012940582728,0.5506605763784594,0.1221470276265178,0.1282715225541673,0.1479051156907494,0.4534504804121283,0.4591042182441102,0.4313774227459992,0.75,38011
0,0,0.4866326999293595,-0.2896312917778125,0.0510803894426436,-0.8516609922317622,0.132484428370131,0.5715371617460968,0.0541864731373086,-0.1417806950288363,-0.4864685772839422,0.1846846336412927,-0.0009688720422725,0.4060468917952878,0.2341922650046989,0.5549974019961417,0.0140576463190273,0.3547591622186937,-0.4289470243255512,0.1273973104704045,0.0152293951960787,-0.4844704194330868,0.0027958011959606,0.1321402465769226,0.0524971529590221,0.998562894971431,0.1299663533732784,0.000840779142992,0.888698528424315,0.0002029185103068,0.0655687867978563,0.744738069547906,0.2297179975755858,0.3226759588743298,0.4795390312788146,0.3869585260674902,0.7122999315086683,0.3384193364242871,0.4399805827743853,0.572357103159748,0.5142012940582728,0.5506605763784594,0.1221470276265178,0.1282715225541673,0.1479051156907494,0.4534504804121283,0.4591042182441102,0.4313774227459992,0.75,38021
0,0,0.4866326999293595,-0.2896312917778125,0.0510803894426436,-0.8516609922317622,0.132484428370131,0.5715371617460968,0.0541864731373086,-0.1417806950288363,-0.4864685772839422,0.1846846336412927,-0.0009688720422725,0.4060468917952878,0.2341922650046989,0.5549974019961417,0.0140576463190273,0.3547591622186937,-0.4289470243255512,0.1273973104704045,0.0152293951960787,-0.4844704194330868,0.0027958011959606,0.1321402465769226,0.0524971529590221,0.998562894971431,0.1299663533732784,0.000840779142992,0.888698528424315,0.0002029185103068,0.0655687867978563,0.744738069547906,0.2297179975755858,0.3226759588743298,0.4795390312788146,0.3869585260674902,0.7122999315086683,0.3384193364242871,0.4399805827743853,0.572357103159748,0.5142012940582728,0.5506605763784594,0.1221470276265178,0.1282715225541673,0.1479051156907494,0.4534504804121283,0.4591042182441102,0.4313774227459992,0.75,38031
0,0,0.4866326999293595,-0.2896312917778125,0.0510803894426436,-0.8516609922317622,0.132484428370131,0.5715371617460968,0.0541864731373086,-0.1417806950288363,-0.4864685772839422,0.1846846336412927,-0.0009688720422725,0.4060468917952878,0.2341922650046989,0.5549974019961417,0.0140576463190273,0.3547591622186937,-0.4289470243255512,0.1273973104704045,0.0152293951960787,-0.4844704194330868,0.0027958011959606,0.1321402465769226,0.0524971529590221,0.998562894971431,0.1299663533732784,0.000840779142992,0.888698528424315,0.0002029185103068,0.0655687867978563,0.744738069547906,0.2297179975755858,0.3226759588743298,0.4795390312788146,0.3869585260674902,0.7122999315086683,0.3384193364242871,0.4399805827743853,0.572357103159748,0.5142012940582728,0.5506605763784594,0.1221470276265178,0.1282715225541673,0.1479051156907494,0.4534504804121283,0.4591042182441102,0.4313774227459992,0.75,38042
0,0,0.4866326999293595,-0.2896312917778125,0.0510803894426436,-0.8516609922317622,0.132484428370131,0.5715371617460968,0.0541864731373086,-0.1417806950288363,-0.4864685772839422,0.1846846336412927,-0.0009688720422725,0.4060468917952878,0.2341922650046989,0.5549974019961417,0.0140576463190273,0.3547591622186937,-0.4289470243255512,0.1273973104704045,0.0152293951960787,-0.4844704194330868,0.0027958011959606,0.1321402465769226,0.0524971529590221,0.998562894971431,0.1299663533732784,0.000840779142992,0.888698528424315,0.0002029185103068,0.0655687867978563,0.744738069547906,0.2297179975755858,0.3226759588743298,0.4795390312788146,0.3869585260674902,0.7122999315086683,0.3384193364242871,0.4399805827743853,0.572357103159748,0.5142012940582728,0.5506605763784594,0.1221470276265178,0.1282715225541673,0.1479051156907494,0.4534504804121283,0.4591042182441102,0.4313774227459992,0.75,38052
0,0,0.4866326999293595,-0.2896312917778125,0.0510803894426436,-0.8516609922317622,0.132484428370131,0.5715371617460968,0.0541864731373086,-0.1417806950288363,-0.4864685772839422,0.1846846336412927,-0.0009688720422725,0.4060468917952878,0.2341922650046989,0.5549974019961417,0.0140576463190273,0.3547591622186937,-0.4289470243255512,0.1273973104704045,0.0152293951960787,-0.4844704194330868,0.0027958011959606,0.1321402465769226,0.0524971529590221,0.998562894971431,0.1299663533732784,0.000840779142992,0.888698528424315,0.0002029185103068,0.0655687867978563,0.744738069547906,0.2297179975755858,0.3226759588743298,0.4795390312788146,0.3869585260674902,0.7122999315086683,0.3384193364242871,0.4399805827743853,0.572357103159748,0.5142012940582728,0.5506605763784594,0.1221470276265178,0.1282715225541673,0.1479051156907494,0.4534504804121283,0.4591042182441102,0.4313774227459992,0.75,38063
0,0,0.4866326999293595,-0.2896312917778125,0.0510803894426436,-0.8516609922317622,0.132484428370131,0.5715371617460968,0.0541864731373086,-0.1417806950288363,-0.4864685772839422,0.1846846336412927,-0.0009688720422725,0.4060468917952878,0.2341922650046989,0.5549974019961417,0.0140576463190273,0.3547591622186937,-0.4289470243255512,0.1273973104704045,0.0152293951960787,-0.4844704194330868,0.0027958011959606,0.1321402465769226,0.0524971529590221,0.998562894971431,0.1299663533732784,0.000840779142992,0.888698528424315,0.0002029185103068,0.0655687867978563,0.744738069547906,0.2297179975755858,0.3226759588743298,0.4795390312788146,0.3869585260674902,0.7122999315086683,0.3384193364242871,0.4399805827743853,0.572357103159748,0.5142012940582728,0.5506605763784594,0.1221470276265178,0.1282715225541673,0.1479051156907494,0.4534504804121283,0.4591042182441102,0.4313774227459992,0.75,38074
0,0,0.4866326999293595,-0.2896312917778125,0.0510803894426436,-0.8516609922317622,0.132484428370131,0.5715371617460968,0.0541864731373086,-0.1417806950288363,-0.4864685772839422,0.1846846336412927,-0.0009688720422725,0.4060468917952878,0.2341922650046989,0.5549974019961417,0.0140576463190273,0.3547591622186937,-0.4289470243255512,0.1273973104704045,0.0152293951960787,-0.4844704194330868,0.0027958011959606,0.1321402465769226,0.0524971529590221,0.998562894971431,0.1299663533732784,0.000840779142992,0.888698528424315,0.0002029185103068,0.0655687867978563,0.744738069547906,0.2297179975755858,0.3226759588743298,0.4795390312788146,0.3869585260674902,0.7122999315086683,0.3384193364242871,0.4399805827743853,0.572357103159748,0.5142012940582728,0.5506605763784594,0.1221470276265178,0.1282715225541673,0.1479051156907494,0.4534504804121283,0.4591042182441102,0.4313774227459992,0.75,38093
0,0,0.4866326999293595,-0.2896312917778125,0.0510803894426436,-0.8516609922317622,0.132484428370131,0.5715371617460968,0.0541864731373086,-0.1417806950288363,-0.4864685772839422,0.1846846336412927,-0.0009688720422725,0.4060468917952878,0.2341922650046989,0.5549974019961417,0.0140576463190273,0.3547591622186937,-0.4289470243255512,0.1273973104704045,0.0152293951960787,-0.4844704194330868,0.0027958011959606,0.1321402465769226,0.0524971529590221,0.998562894971431,0.1299663533732784,0.000840779142992,0.888698528424315,0.0002029185103068,0.0655687867978563,0.744738069547906,0.2297179975755858,0.3226759588743298,0.4795390312788146,0.3869585260674902,0.7122999315086683,0.3384193364242871,0.4399805827743853,0.572357103159748,0.5142012940582728,0.5506605763784594,0.1221470276265178,0.1282715225541673,0.1479051156907494,0.4534504804121283,0.4591042182441102,0.4313774227459992,0.75,38103
0,0,0.4866326999293595,-0.2896312917778125,0.0510803894426436,-0.8516609922317622,0.132484428370131,0.5715371617460968,0.0541864731373086,-0.1417806950288363,-0.4864685772839422,0.1846846336412927,-0.0009688720422725,0.4060468917952878,0.2341922650046989,0.5549974019961417,0.0140576463190273,0.3547591622186937,-0.4289470243255512,0.1273973104704045,0.0152293951960787,-0.4844704194330868,0.0027958011959606,0.1321402465769226,0.0524971529590221,0.998562894971431,0.1299663533732784,0.000840779142992,0.888698528424315,0.0002029185103068,0.0655687867978563,0.744738069547906,0.2297179975755858,0.3226759588743298,0.4795390312788146,0.3869585260674902,0.7122999315086683,0.3384193364242871,0.4399805827743853,0.572357103159748,0.5142012940582728,0.5506605763784594,0.1221470276265178,0.1282715225541673,0.1479051156907494,0.4534504804121283,0.4591042182441102,0.4313774227459992,0.75,38113
0,0,0.4866326999293595,-0.2896312917778125,0.0510803894426436,-0.8516609922317622,0.132484428370131,0.5715371617460968,0.0541864731373086,-0.1417806950288363,-0.4864685772839422,0.1846846336412927,-0.0009688720422725,0.4060468917952878,0.2341922650046989,0.5549974019961417,0.0140576463190273,0.3547591622186937,-0.4289470243255512,0.1273973104704045,0.0152293951960787,-0.4844704194330868,0.0027958011959606,0.1321402465769226,0.0524971529590221,0.998562894971431,0.1299663533732784,0.000840779142992,0.888698528424315,0.0002029185103068,0.0655687867978563,0.744738069547906,0.2297179975755858,0.3226759588743298,0.4795390312788146,0.3869585260674902,0.7122999315086683,0.3384193364242871,0.4399805827743853,0.572357103159748,0.5142012940582728,0.5506605763784594,0.1221470276265178,0.1282715225541673,0.1479051156907494,0.4534504804121283,0.4591042182441102,0.4313774227459992,0.75,38124
0,0,0.4866326999293595,-0.2896312917778125,0.0510803894426436,-0.8516609922317622,0.132484428370131,0.5715371617460968,0.0541864731373086,-0.1417806950288363,-0.4864685772839422,0.1846846336412927,-0.0009688720422725,0.4060468917952878,0.2341922650046989,0.5549974019961417,0.0140576463190273,0.3547591622186937,-0.4289470243255512,0.1273973104704045,0.0152293951960787,-0.4844704194330868,0.0027958011959606,0.1321402465769226,0.0524971529590221,0.998562894971431,0.1299663533732784,0.000840779142992,0.888698528424315,0.0002029185103068,0.0655687867978563,0.744738069547906,0.2297179975755858,0.3226759588743298,0.4795390312788146,0.3869585260674902,0.7122999315086683,0.3384193364242871,0.4399805827743853,0.572357103159748,0.5142012940582728,0.5506605763784594,0.1221470276265178,0.1282715225541673,0.1479051156907494,0.4534504804121283,0.4591042182441102,0.4313774227459992,0.75,38134
0,0,0.4866326999293595,-0.2896312917778125,0.0510803894426436,-0.8516609922317622,0.132484428370131,0.5715371617460968,0.0541864731373086,-0.1417806950288363,-0.4864685772839422,0.1846846336412927,-0.0009688720422725,0.4060468917952878,0.2341922650046989,0.5549974019961417,0.0140576463190273,0.3547591622186937,-0.4289470243255512,0.1273973104704045,0.0152293951960787,-0.4844704194330868,0.0027958011959606,0.1321402465769226,0.0524971529590221,0.998562894971431,0.1299663533732784,0.000840779142992,0.888698528424315,0.0002029185103068,0.0655687867978563,0.744738069547906,0.2297179975755858,0.3226759588743298,0.4795390312788146,0.3869585260674902,0.7122999315086683,0.3384193364242871,0.4399805827743853,0.572357103159748,0.5142012940582728,0.5506605763784594,0.1221470276265178,0.1282715225541673,0.1479051156907494,0.4534504804121283,0.4591042182441102,0.4313774227459992,0.75,38144
0,0,0.4866326999293595,-0.2896312917778125,0.0510803894426436,-0.8516609922317622,0.132484428370131,0.5715371617460968,0.0541864731373086,-0.1417806950288363,-0.4864685772839422,0.1846846336412927,-0.0009688720422725,0.4060468917952878,0.2341922650046989,0.5549974019961417,0.0140576463190273,0.3547591622186937,-0.4289470243255512,0.1273973104704045,0.0152293951960787,-0.4844704194330868,0.0027958011959606,0.1321402465769226,0.0524971529590221,0.998562894971431,0.1299663533732784,0.000840779142992,0.888698528424315,0.0002029185103068,0.0655687867978563,0.744738069547906,0.2297179975755858,0.3226759588743298,0.4795390312788146,0.3869585260674902,0.7122999315086683,0.3384193364242871,0.4399805827743853,0.572357103159748,0.5142012940582728,0.5506605763784594,0.1221470276265178,0.1282715225541673,0.1479051156907494,0.4534504804121283,0.4591042182441102,0.4313774227459992,0.75,38154
0,0,0.4866326999293595,-0.2896312917778125,0.0510803894426436,-0.8516609922317622,0.132484428370131,0.5715371617460968,0.0541864731373086,-0.1417806950288363,-0.4864685772839422,0.1846846336412927,-0.0009688720422725,0.4060468917952878,0.2341922650046989,0.5549974019961417,0.0140576463190273,0.3547591622186937,-0.4289470243255512,0.1273973104704045,0.0152293951960787,-0.4844704194330868,0.0027958011959606,0.1321402465769226,0.0524971529590221,0.998562894971431,0.1299663533732784,0.000840779142992,0.888698528424315,0.0002029185103068,0.0655687867978563,0.744738069547906,0.2297179975755858,0.3226759588743298,0.4795390312788146,0.3869585260674902,0.7122999315086683,0.3384193364242871,0.4399805827743853,0.572357103159748,0.5142012940582728,0.5506605763784594,0.1221470276265178,0.1282715225541673,0.1479051156907494,0.4534504804121283,0.4591042182441102,0.4313774227459992,0.75,38164
0,0,0.4866326999293595,-0.2896312917778125,0.0510803894426436,-0.8516609922317622,0.132484428370131,0.5715371617460968,0.0541864731373086,-0.1417806950288363,-0.4864685772839422,0.1846846336412927,-0.0009688720422725,0.4060468917952878,0.2341922650046989,0.5549974019961417,0.0140576463190273,0.3547591622186937,-0.4289470243255512,0.1273973104704045,0.0152293951960787,-0.4844704194330868,0.0027958011959606,0.1321402465769226,0.0524971529590221,0.998562894971431,0.1299663533732784,0.000840779142992,0.888698528424315,0.0002029185103068,0.0655687867978563,0.744738069547906,0.2297179975755858,0.3226759588743298,0.4795390312788146,0.3869585260674902,0.7122999315086683,0.3384193364242871,0.4399805827743853,0.572357103159748,0.5142012940582728,0.5506605763784594,0.1221470276265178,0.1282715225541673,0.1479051156907494,0.4534504804121283,0.4591042182441102,0.4313774227459992,0.75,38182
0,0,0.4866326999293595,-0.2896312917778125,0.0510803894426436,-0.8516609922317622,0.132484428370131,0.5715371617460968,0.0541864731373086,-0.1417806950288363,-0.4864685772839422,0.1846846336412927,-0.0009688720422725,0.4060468917952878,0.2341922650046989,0.5549974019961417,0.0140576463190273,0.3547591622186937,-0.4289470243255512,0.1273973104704045,0.0152293951960787,-0.4844704194330868,0.0027958011959606,0.1321402465769226,0.0524971529590221,0.998562894971431,0.1299663533732784,0.000840779142992,0.888698528424315,0.0002029185103068,0.0655687867978563,0.744738069547906,0.2297179975755858,0.3226759588743298,0.4795390312788146,0.3869585260674902,0.7122999315086683,0.3384193364242871,0.4399805827743853,0.572357103159748,0.5142012940582728,0.5506605763784594,0.1221470276265178,0.1282715225541673,0.1479051156907494,0.4534504804121283,0.4591042182441102,0.4313774227459992,0.75,38202
0,0,0.4866326999293595,-0.2896312917778125,0.0510803894426436,-0.8516609922317622,0.132484428370131,0.5715371617460968,0.0541864731373086,-0.1417806950288363,-0.4864685772839422,0.1846846336412927,-0.0009688720422725,0.4060468917952878,0.2341922650046989,0.5549974019961417,0.0140576463190273,0.3547591622186937,-0.4289470243255512,0.1273973104704045,0.0152293951960787,-0.4844704194330868,0.0027958011959606,0.1321402465769226,0.0524971529590221,0.998562894971431,0.1299663533732784,0.000840779142992,0.888698528424315,0.0002029185103068,0.0655687867978563,0.744738069547906,0.2297179975755858,0.3226759588743298,0.4795390312788146,0.3869585260674902,0.7122999315086683,0.3384193364242871,0.4399805827743853,0.572357103159748,0.5142012940582728,0.5506605763784594,0.1221470276265178,0.1282715225541673,0.1479051156907494,0.4534504804121283,0.4591042182441102,0.4313774227459992,0.75,38213
0,0,0.4866326999293595,-0.2896312917778125,0.0510803894426436,-0.8516609922317622,0.132484428370131,0.5715371617460968,0.0541864731373086,-0.1417806950288363,-0.4864685772839422,0.1846846336412927,-0.0009688720422725,0.4060468917952878,0.2341922650046989,0.5549974019961417,0.0140576463190273,0.3547591622186937,-0.4289470243255512,0.1273973104704045,0.0152293951960787,-0.4844704194330868,0.0027958011959606,0.1321402465769226,0.0524971529590221,0.998562894971431,0.1299663533732784,0.000840779142992,0.888698528424315,0.0002029185103068,0.0655687867978563,0.744738069547906,0.2297179975755858,0.3226759588743298,0.4795390312788146,0.3869585260674902,0.7122999315086683,0.3384193364242871,0.4399805827743853,0.572357103159748,0.5142012940582728,0.5506605763784594,0.1221470276265178,0.1282715225541673,0.1479051156907494,0.4534504804121283,0.4591042182441102,0.4313774227459992,0.75,38223
0,0,0.4866326999293595,-0.2896312917778125,0.0510803894426436,-0.8516609922317622,0.132484428370131,0.5715371617460968,0.0541864731373086,-0.1417806950288363,-0.4864685772839422,0.1846846336412927,-0.0009688720422725,0.4060468917952878,0.2341922650046989,0.5549974019961417,0.0140576463190273,0.3547591622186937,-0.4289470243255512,0.1273973104704045,0.0152293951960787,-0.4844704194330868,0.0027958011959606,0.1321402465769226,0.0524971529590221,0.998562894971431,0.1299663533732784,0.000840779142992,0.888698528424315,0.0002029185103068,0.0655687867978563,0.744738069547906,0.2297179975755858,0.3226759588743298,0.4795390312788146,0.3869585260674902,0.7122999315086683,0.3384193364242871,0.4399805827743853,0.572357103159748,0.5142012940582728,0.5506605763784594,0.1221470276265178,0.1282715225541673,0.1479051156907494,0.4534504804121283,0.4591042182441102,0.4313774227459992,0.75,38233
0,0,0.4866326999293595,-0.2896312917778125,0.0510803894426436,-0.8516609922317622,0.132484428370131,0.5715371617460968,0.0541864731373086,-0.1417806950288363,-0.4864685772839422,0.1846846336412927,-0.0009688720422725,0.4060468917952878,0.2341922650046989,0.5549974019961417,0.0140576463190273,0.3547591622186937,-0.4289470243255512,0.1273973104704045,0.0152293951960787,-0.4844704194330868,0.0027958011959606,0.1321402465769226,0.0524971529590221,0.998562894971431,0.1299663533732784,0.000840779142992,0.888698528424315,0.0002029185103068,0.0655687867978563,0.744738069547906,0.2297179975755858,0.3226759588743298,0.4795390312788146,0.3869585260674902,0.7122999315086683,0.3384193364242871,0.4399805827743853,0.572357103159748,0.5142012940582728,0.5506605763784594,0.1221470276265178,0.1282715225541673,0.1479051156907494,0.4534504804121283,0.4591042182441102,0.4313774227459992,0.75,38252
0,0,0.4866326999293595,-0.2896312917778125,0.0510803894426436,-0.8516609922317622,0.132484428370131,0.5715371617460968,0.0541864731373086,-0.1417806950288363,-0.4864685772839422,0.1846846336412927,-0.0009688720422725,0.4060468917952878,0.2341922650046989,0.5549974019961417,0.0140576463190273,0.3547591622186937,-0.4289470243255512,0.1273973104704045,0.0152293951960787,-0.4844704194330868,0.0027958011959606,0.1321402465769226,0.0524971529590221,0.998562894971431,0.1299663533732784,0.000840779142992,0.888698528424315,0.0002029185103068,0.0655687867978563,0.744738069547906,0.2297179975755858,0.3226759588743298,0.4795390312788146,0.3869585260674902,0.7122999315086683,0.3384193364242871,0.4399805827743853,0.572357103159748,0.5142012940582728,0.5506605763784594,0.1221470276265178,0.1282715225541673,0.1479051156907494,0.4534504804121283,0.4591042182441102,0.4313774227459992,0.75,38263
0,0,0.4866326999293595,-0.2896312917778125,0.0510803894426436,-0.8516609922317622,0.132484428370131,0.5715371617460968,0.0541864731373086,-0.1417806950288363,-0.4864685772839422,0.1846846336412927,-0.0009688720422725,0.4060468917952878,0.2341922650046989,0.5549974019961417,0.0140576463190273,0.3547591622186937,-0.4289470243255512,0.1273973104704045,0.0152293951960787,-0.4844704194330868,0.0027958011959606,0.1321402465769226,0.0524971529590221,0.998562894971431,0.1299663533732784,0.000840779142992,0.888698528424315,0.0002029185103068,0.0655687867978563,0.744738069547906,0.2297179975755858,0.3226759588743298,0.4795390312788146,0.3869585260674902,0.7122999315086683,0.3384193364242871,0.4399805827743853,0.572357103159748,0.5142012940582728,0.5506605763784594,0.1221470276265178,0.1282715225541673,0.1479051156907494,0.4534504804121283,0.4591042182441102,0.4313774227459992,0.75,38274
0,0,0.4866326999293595,-0.2896312917778125,0.0510803894426436,-0.8516609922317622,0.132484428370131,0.5715371617460968,0.0541864731373086,-0.1417806950288363,-0.4864685772839422,0.1846846336412927,-0.0009688720422725,0.4060468917952878,0.2341922650046989,0.5549974019961417,0.0140576463190273,0.3547591622186937,-0.4289470243255512,0.1273973104704045,0.0152293951960787,-0.4844704194330868,0.0027958011959606,0.1321402465769226,0.0524971529590221,0.998562894971431,0.1299663533732784,0.000840779142992,0.888698528424315,0.0002029185103068,0.0655687867978563,0.744738069547906,0.2297179975755858,0.3226759588743298,0.4795390312788146,0.3869585260674902,0.7122999315086683,0.3384193364242871,0.4399805827743853,0.572357103159748,0.5142012940582728,0.5506605763784594,0.1221470276265178,0.1282715225541673,0.1479051156907494,0.4534504804121283,0.4591042182441102,0.4313774227459992,0.75,38284
0,0,0.4866326999293595,-0.2896312917778125,0.0510803894426436,-0.8516609922317622,0.132484428370131,0.5715371617460968,0.0541864731373086,-0.1417806950288363,-0.4864685772839422,0.1846846336412927,-0.0009688720422725,0.4060468917952878,0.2341922650046989,0.5549974019961417,0.0140576463190273,0.3547591622186937,-0.4289470243255512,0.1273973104704045,0.0152293951960787,-0.4844704194330868,0.0027958011959606,0.1321402465769226,0.0524971529590221,0.998562894971431,0.1299663533732784,0.000840779142992,0.888698528424315,0.0002029185103068,0.0655687867978563,0.744738069547906,0.2297179975755858,0.3226759588743298,0.4795390312788146,0.3869585260674902,0.7122999315086683,0.3384193364242871,0.4399805827743853,0.572357103159748,0.5142012940582728,0.5506605763784594,0.1221470276265178,0.1282715225541673,0.1479051156907494,0.4534504804121283,0.4591042182441102,0.4313774227459992,0.75,38294
0,0,0.4866326999293595,-0.2896312917778125,0.0510803894426436,-0.8516609922317622,0.132484428370131,0.5715371617460968,0.0541864731373086,-0.1417806950288363,-0.4864685772839422,0.1846846336412927,-0.0009688720422725,0.4060468917952878,0.2341922650046989,0.5549974019961417,0.0140576463190273,0.3547591622186937,-0.4289470243255512,0.1273973104704045,0.0152293951960787,-0.4844704194330868,0.0027958011959606,0.1321402465769226,0.0524971529590221,0.998562894971431,0.1299663533732784,0.000840779142992,0.888698528424315,0.0002029185103068,0.0655687867978563,0.744738069547906,0.2297179975755858,0.3226759588743298,0.4795390312788146,0.3869585260674902,0.7122999315086683,0.3384193364242871,0.4399805827743853,0.572357103159748,0.5142012940582728,0.5506605763784594,0.1221470276265178,0.1282715225541673,0.1479051156907494,0.4534504804121283,0.4591042182441102,0.4313774227459992,0.75,38304
0,0,0.4866326999293595,-0.2896312917778125,0.0510803894426436,-0.8516609922317622,0.132484428370131,0.5715371617460968,0.0541864731373086,-0.1417806950288363,-0.4864685772839422,0.1846846336412927,-0.0009688720422725,0.4060468917952878,0.2341922650046989,0.5549974019961417,0.0140576463190273,0.3547591622186937,-0.4289470243255512,0.1273973104704045,0.0152293951960787,-0.4844704194330868,0.0027958011959606,0.1321402465769226,0.0524971529590221,0.998562894971431,0.1299663533732784,0.000840779142992,0.888698528424315,0.0002029185103068,0.0655687867978563,0.744738069547906,0.2297179975755858,0.3226759588743298,0.4795390312788146,0.3869585260674902,0.7122999315086683,0.3384193364242871,0.4399805827743853,0.572357103159748,0.5142012940582728,0.5506605763784594,0.1221470276265178,0.1282715225541673,0.1479051156907494,0.4534504804121283,0.4591042182441102,0.4313774227459992,0.75,38314
0,0,0.4866326999293595,-0.2896312917778125,0.0510803894426436,-0.8516609922317622,0.132484428370131,0.5715371617460968,0.0541864731373086,-0.1417806950288363,-0.4864685772839422,0.1846846336412927,-0.0009688720422725,0.4060468917952878,0.2341922650046989,0.5549974019961417,0.0140576463190273,0.3547591622186937,-0.4289470243255512,0.1273973104704045,0.0152293951960787,-0.4844704194330868,0.0027958011959606,0.1321402465769226,0.0524971529590221,0.998562894971431,0.1299663533732784,0.000840779142992,0.888698528424315,0.0002029185103068,0.0655687867978563,0.744738069547906,0.2297179975755858,0.3226759588743298,0.4795390312788146,0.3869585260674902,0.7122999315086683,0.3384193364242871,0.4399805827743853,0.572357103159748,0.5142012940582728,0.5506605763784594,0.1221470276265178,0.1282715225541673,0.1479051156907494,0.4534504804121283,0.4591042182441102,0.4313774227459992,0.75,38324
0,0,0.4866326999293595,-0.2896312917778125,0.0510803894426436,-0.8516609922317622,0.132484428370131,0.5715371617460968,0.0541864731373086,-0.1417806950288363,-0.4864685772839422,0.1846846336412927,-0.0009688720422725,0.4060468917952878,0.2341922650046989,0.5549974019961417,0.0140576463190273,0.3547591622186937,-0.4289470243255512,0.1273973104704045,0.0152293951960787,-0.4844704194330868,0.0027958011959606,0.1321402465769226,0.0524971529590221,0.998562894971431,0.1299663533732784,0.000840779142992,0.888698528424315,0.0002029185103068,0.0655687867978563,0.744738069547906,0.2297179975755858,0.3226759588743298,0.4795390312788146,0.3869585260674902,0.7122999315086683,0.3384193364242871,0.4399805827743853,0.572357103159748,0.5142012940582728,0.5506605763784594,0.1221470276265178,0.1282715225541673,0.1479051156907494,0.4534504804121283,0.4591042182441102,0.4313774227459992,0.75,38343
0,0,0.4866326999293595,-0.2896312917778125,0.0510803894426436,-0.8516609922317622,0.132484428370131,0.5715371617460968,0.0541864731373086,-0.1417806950288363,-0.4864685772839422,0.1846846336412927,-0.0009688720422725,0.4060468917952878,0.2341922650046989,0.5549974019961417,0.0140576463190273,0.3547591622186937,-0.4289470243255512,0.1273973104704045,0.0152293951960787,-0.4844704194330868,0.0027958011959606,0.1321402465769226,0.0524971529590221,0.998562894971431,0.1299663533732784,0.000840779142992,0.888698528424315,0.0002029185103068,0.0655687867978563,0.744738069547906,0.2297179975755858,0.3226759588743298,0.4795390312788146,0.3869585260674902,0.7122999315086683,0.3384193364242871,0.4399805827743853,0.572357103159748,0.5142012940582728,0.5506605763784594,0.1221470276265178,0.1282715225541673,0.1479051156907494,0.4534504804121283,0.4591042182441102,0.4313774227459992,0.75,38353
0,0,0.4866326999293595,-0.2896312917778125,0.0510803894426436,-0.8516609922317622,0.132484428370131,0.5715371617460968,0.0541864731373086,-0.1417806950288363,-0.4864685772839422,0.1846846336412927,-0.0009688720422725,0.4060468917952878,0.2341922650046989,0.5549974019961417,0.0140576463190273,0.3547591622186937,-0.4289470243255512,0.1273973104704045,0.0152293951960787,-0.4844704194330868,0.0027958011959606,0.1321402465769226,0.0524971529590221,0.998562894971431,0.1299663533732784,0.000840779142992,0.888698528424315,0.0002029185103068,0.0655687867978563,0.744738069547906,0.2297179975755858,0.3226759588743298,0.4795390312788146,0.3869585260674902,0.7122999315086683,0.3384193364242871,0.4399805827743853,0.572357103159748,0.5142012940582728,0.5506605763784594,0.1221470276265178,0.1282715225541673,0.1479051156907494,0.4534504804121283,0.4591042182441102,0.4313774227459992,0.75,38364
0,0,0.4866326999293595,-0.2896312917778125,0.0510803894426436,-0.8516609922317622,0.132484428370131,0.5715371617460968,0.0541864731373086,-0.1417806950288363,-0.4864685772839422,0.1846846336412927,-0.0009688720422725,0.4060468917952878,0.2341922650046989,0.5549974019961417,0.0140576463190273,0.3547591622186937,-0.4289470243255512,0.1273973104704045,0.0152293951960787,-0.4844704194330868,0.0027958011959606,0.1321402465769226,0.0524971529590221,0.998562894971431,0.1299663533732784,0.000840779142992,0.888698528424315,0.0002029185103068,0.0655687867978563,0.744738069547906,0.2297179975755858,0.3226759588743298,0.4795390312788146,0.3869585260674902,0.7122999315086683,0.3384193364242871,0.4399805827743853,0.572357103159748,0.5142012940582728,0.5506605763784594,0.1221470276265178,0.1282715225541673,0.1479051156907494,0.4534504804121283,0.4591042182441102,0.4313774227459992,0.75,38374
0,0,0.4866326999293595,-0.2896312917778125,0.0510803894426436,-0.8516609922317622,0.132484428370131,0.5715371617460968,0.0541864731373086,-0.1417806950288363,-0.4864685772839422,0.1846846336412927,-0.0009688720422725,0.4060468917952878,0.2341922650046989,0.5549974019961417,0.0140576463190273,0.3547591622186937,-0.4289470243255512,0.1273973104704045,0.0152293951960787,-0.4844704194330868,0.0027958011959606,0.1321402465769226,0.0524971529590221,0.998562894971431,0.1299663533732784,0.000840779142992,0.888698528424315,0.0002029185103068,0.0655687867978563,0.744738069547906,0.2297179975755858,0.3226759588743298,0.4795390312788146,0.3869585260674902,0.7122999315086683,0.3384193364242871,0.4399805827743853,0.572357103159748,0.5142012940582728,0.5506605763784594,0.1221470276265178,0.1282715225541673,0.1479051156907494,0.4534504804121283,0.4591042182441102,0.4313774227459992,0.75,38384
0,0,0.4866326999293595,-0.2896312917778125,0.0510803894426436,-0.8516609922317622,0.132484428370131,0.5715371617460968,0.0541864731373086,-0.1417806950288363,-0.4864685772839422,0.1846846336412927,-0.0009688720422725,0.4060468917952878,0.2341922650046989,0.5549974019961417,0.0140576463190273,0.3547591622186937,-0.4289470243255512,0.1273973104704045,0.0152293951960787,-0.4844704194330868,0.0027958011959606,0.1321402465769226,0.0524971529590221,0.998562894971431,0.1299663533732784,0.000840779142992,0.888698528424315,0.0002029185103068,0.0655687867978563,0.744738069547906,0.2297179975755858,0.3226759588743298,0.4795390312788146,0.3869585260674902,0.7122999315086683,0.3384193364242871,0.4399805827743853,0.572357103159748,0.5142012940582728,0.5506605763784594,0.1221470276265178,0.1282715225541673,0.1479051156907494,0.4534504804121283,0.4591042182441102,0.4313774227459992,0.75,38394
0,0,0.4866326999293595,-0.2896312917778125,0.0510803894426436,-0.8516609922317622,0.132484428370131,0.5715371617460968,0.0541864731373086,-0.1417806950288363,-0.4864685772839422,0.1846846336412927,-0.0009688720422725,0.4060468917952878,0.2341922650046989,0.5549974019961417,0.0140576463190273,0.3547591622186937,-0.4289470243255512,0.1273973104704045,0.0152293951960787,-0.4844704194330868,0.0027958011959606,0.1321402465769226,0.0524971529590221,0.998562894971431,0.1299663533732784,0.000840779142992,0.888698528424315,0.0002029185103068,0.0655687867978563,0.744738069547906,0.2297179975755858,0.3226759588743298,0.4795390312788146,0.3869585260674902,0.7122999315086683,0.3384193364242871,0.4399805827743853,0.572357103159748,0.5142012940582728,0.5506605763784594,0.1221470276265178,0.1282715225541673,0.1479051156907494,0.4534504804121283,0.4591042182441102,0.4313774227459992,0.75,38404
0,0,0.4866326999293595,-0.2896312917778125,0.0510803894426436,-0.8516609922317622,0.132484428370131,0.5715371617460968,0.0541864731373086,-0.1417806950288363,-0.4864685772839422,0.1846846336412927,-0.0009688720422725,0.4060468917952878,0.2341922650046989,0.5549974019961417,0.0140576463190273,0.3547591622186937,-0.4289470243255512,0.1273973104704045,0.0152293951960787,-0.4844704194330868,0.0027958011959606,0.1321402465769226,0.0524971529590221,0.998562894971431,0.1299663533732784,0.000840779142992,0.888698528424315,0.0002029185103068,0.0655687867978563,0.744738069547906,0.2297179975755858,0.3226759588743298,0.4795390312788146,0.3869585260674902,0.7122999315086683,0.3384193364242871,0.4399805827743853,0.572357103159748,0.5142012940582728,0.5506605763784594,0.1221470276265178,0.1282715225541673,0.1479051156907494,0.4534504804121283,0.4591042182441102,0.4313774227459992,0.75,38415
0,0,0.4866326999293595,-0.2896312917778125,0.0510803894426436,-0.8516609922317622,0.132484428370131,0.5715371617460968,0.0541864731373086,-0.1417806950288363,-0.4864685772839422,0.1846846336412927,-0.0009688720422725,0.4060468917952878,0.2341922650046989,0.5549974019961417,0.0140576463190273,0.3547591622186937,-0.4289470243255512,0.1273973104704045,0.0152293951960787,-0.4844704194330868,0.0027958011959606,0.1321402465769226,0.0524971529590221,0.998562894971431,0.1299663533732784,0.000840779142992,0.888698528424315,0.0002029185103068,0.0655687867978563,0.744738069547906,0.2297179975755858,0.3226759588743298,0.4795390312788146,0.3869585260674902,0.7122999315086683,0.3384193364242871,0.4399805827743853,0.572357103159748,0.5142012940582728,0.5506605763784594,0.1221470276265178,0.1282715225541673,0.1479051156907494,0.4534504804121283,0.4591042182441102,0.4313774227459992,0.75,38426
0,0,0.4866326999293595,-0.2896312917778125,0.0510803894426436,-0.8516609922317622,0.132484428370131,0.5715371617460968,0.0541864731373086,-0.1417806950288363,-0.4864685772839422,0.1846846336412927,-0.0009688720422725,0.4060468917952878,0.2341922650046989,0.5549974019961417,0.0140576463190273,0.3547591622186937,-0.4289470243255512,0.1273973104704045,0.0152293951960787,-0.4844704194330868,0.0027958011959606,0.1321402465769226,0.0524971529590221,0.998562894971431,0.1299663533732784,0.000840779142992,0.888698528424315,0.0002029185103068,0.0655687867978563,0.744738069547906,0.2297179975755858,0.3226759588743298,0.4795390312788146,0.3869585260674902,0.7122999315086683,0.3384193364242871,0.4399805827743853,0.572357103159748,0.5142012940582728,0.5506605763784594,0.1221470276265178,0.1282715225541673,0.1479051156907494,0.4534504804121283,0.4591042182441102,0.4313774227459992,0.75,38436
0,0,0.4866326999293595,-0.2896312917778125,0.0510803894426436,-0.8516609922317622,0.132484428370131,0.5715371617460968,0.0541864731373086,-0.1417806950288363,-0.4864685772839422,0.1846846336412927,-0.0009688720422725,0.4060468917952878,0.2341922650046989,0.5549974019961417,0.0140576463190273,0.3547591622186937,-0.4289470243255512,0.1273973104704045,0.0152293951960787,-0.4844704194330868,0.0027958011959606,0.1321402465769226,0.0524971529590221,0.998562894971431,0.1299663533732784,0.000840779142992,0.888698528424315,0.0002029185103068,0.0655687867978563,0.744738069547906,0.2297179975755858,0.3226759588743298,0.4795390312788146,0.3869585260674902,0.7122999315086683,0.3384193364242871,0.4399805827743853,0.572357103159748,0.5142012940582728,0.5506605763784594,0.1221470276265178,0.1282715225541673,0.1479051156907494,0.4534504804121283,0.4591042182441102,0.4313774227459992,0.75,38446
0,0,0.4866326999293595,-0.2896312917778125,0.0510803894426436,-0.8516609922317622,0.132484428370131,0.5715371617460968,0.0541864731373086,-0.1417806950288363,-0.4864685772839422,0.1846846336412927,-0.0009688720422725,0.4060468917952878,0.2341922650046989,0.5549974019961417,0.0140576463190273,0.3547591622186937,-0.4289470243255512,0.1273973104704045,0.0152293951960787,-0.4844704194330868,0.0027958011959606,0.1321402465769226,0.0524971529590221,0.998562894971431,0.1299663533732784,0.000840779142992,0.888698528424315,0.0002029185103068,0.0655687867978563,0.744738069547906,0.2297179975755858,0.3226759588743298,0.4795390312788146,0.3869585260674902,0.7122999315086683,0.3384193364242871,0.4399805827743853,0.572357103159748,0.5142012940582728,0.5506605763784594,0.1221470276265178,0.1282715225541673,0.1479051156907494,0.4534504804121283,0.4591042182441102,0.4313774227459992,0.75,38456
0,0,0.4866326999293595,-0.2896312917778125,0.0510803894426436,-0.8516609922317622,0.132484428370131,0.5715371617460968,0.0541864731373086,-0.1417806950288363,-0.4864685772839422,0.1846846336412927,-0.0009688720422725,0.4060468917952878,0.2341922650046989,0.5549974019961417,0.0140576463190273,0.3547591622186937,-0.4289470243255512,0.1273973104704045,0.0152293951960787,-0.4844704194330868,0.0027958011959606,0.1321402465769226,0.0524971529590221,0.998562894971431,0.1299663533732784,0.000840779142992,0.888698528424315,0.0002029185103068,0.0655687867978563,0.744738069547906,0.2297179975755858,0.3226759588743298,0.4795390312788146,0.3869585260674902,0.7122999315086683,0.3384193364242871,0.4399805827743853,0.572357103159748,0.5142012940582728,0.5506605763784594,0.1221470276265178,0.1282715225541673,0.1479051156907494,0.4534504804121283,0.4591042182441102,0.4313774227459992,0.75,38467
0,0,0.4866326999293595,-0.2896312917778125,0.0510803894426436,-0.8516609922317622,0.132484428370131,0.5715371617460968,0.0541864731373086,-0.1417806950288363,-0.4864685772839422,0.1846846336412927,-0.0009688720422725,0.4060468917952878,0.2341922650046989,0.5549974019961417,0.0140576463190273,0.3547591622186937,-0.4289470243255512,0.1273973104704045,0.0152293951960787,-0.4844704194330868,0.0027958011959606,0.1321402465769226,0.0524971529590221,0.998562894971431,0.1299663533732784,0.000840779142992,0.888698528424315,0.0002029185103068,0.0655687867978563,0.744738069547906,0.2297179975755858,0.3226759588743298,0.4795390312788146,0.3869585260674902,0.7122999315086683,0.3384193364242871,0.4399805827743853,0.572357103159748,0.5142012940582728,0.5506605763784594,0.1221470276265178,0.1282715225541673,0.1479051156907494,0.4534504804121283,0.4591042182441102,0.4313774227459992,0.75,38477
0,0,0.4866326999293595,-0.2896312917778125,0.0510803894426436,-0.8516609922317622,0.132484428370131,0.5715371617460968,0.0541864731373086,-0.1417806950288363,-0.4864685772839422,0.1846846336412927,-0.0009688720422725,0.4060468917952878,0.2341922650046989,0.5549974019961417,0.0140576463190273,0.3547591622186937,-0.4289470243255512,0.1273973104704045,0.0152293951960787,-0.4844704194330868,0.0027958011959606,0.1321402465769226,0.0524971529590221,0.998562894971431,0.1299663533732784,0.000840779142992,0.888698528424315,0.0002029185103068,0.0655687867978563,0.744738069547906,0.2297179975755858,0.3226759588743298,0.4795390312788146,0.3869585260674902,0.7122999315086683,0.3384193364242871,0.4399805827743853,0.572357103159748,0.5142012940582728,0.5506605763784594,0.1221470276265178,0.1282715225541673,0.1479051156907494,0.4534504804121283,0.4591042182441102,0.4313774227459992,0.75,38487
0,0,0.4866326999293595,-0.2896312917778125,0.0510803894426436,-0.8516609922317622,0.132484428370131,0.5715371617460968,0.0541864731373086,-0.1417806950288363,-0.4864685772839422,0.1846846336412927,-0.0009688720422725,0.4060468917952878,0.2341922650046989,0.5549974019961417,0.0140576463190273,0.3547591622186937,-0.4289470243255512,0.1273973104704045,0.0152293951960787,-0.4844704194330868,0.0027958011959606,0.1321402465769226,0.0524971529590221,0.998562894971431,0.1299663533732784,0.000840779142992,0.888698528424315,0.0002029185103068,0.0655687867978563,0.744738069547906,0.2297179975755858,0.3226759588743298,0.4795390312788146,0.3869585260674902,0.7122999315086683,0.3384193364242871,0.4399805827743853,0.572357103159748,0.5142012940582728,0.5506605763784594,0.1221470276265178,0.1282715225541673,0.1479051156907494,0.4534504804121283,0.4591042182441102,0.4313774227459992,0.75,38498
0,0,0.4866326999293595,-0.2896312917778125,0.0510803894426436,-0.8516609922317622,0.132484428370131,0.5715371617460968,0.0541864731373086,-0.1417806950288363,-0.4864685772839422,0.1846846336412927,-0.0009688720422725,0.4060468917952878,0.2341922650046989,0.5549974019961417,0.0140576463190273,0.3547591622186937,-0.4289470243255512,0.1273973104704045,0.0152293951960787,-0.4844704194330868,0.0027958011959606,0.1321402465769226,0.0524971529590221,0.998562894971431,0.1299663533732784,0.000840779142992,0.888698528424315,0.0002029185103068,0.0655687867978563,0.744738069547906,0.2297179975755858,0.3226759588743298,0.4795390312788146,0.3869585260674902,0.7122999315086683,0.3384193364242871,0.4399805827743853,0.572357103159748,0.5142012940582728,0.5506605763784594,0.1221470276265178,0.1282715225541673,0.1479051156907494,0.4534504804121283,0.4591042182441102,0.4313774227459992,0.75,38508
0,0,0.4866326999293595,-0.2896312917778125,0.0510803894426436,-0.8516609922317622,0.132484428370131,0.5715371617460968,0.0541864731373086,-0.1417806950288363,-0.4864685772839422,0.1846846336412927,-0.0009688720422725,0.4060468917952878,0.2341922650046989,0.5549974019961417,0.0140576463190273,0.3547591622186937,-0.4289470243255512,0.1273973104704045,0.0152293951960787,-0.4844704194330868,0.0027958011959606,0.1321402465769226,0.0524971529590221,0.998562894971431,0.1299663533732784,0.000840779142992,0.888698528424315,0.0002029185103068,0.0655687867978563,0.744738069547906,0.2297179975755858,0.3226759588743298,0.4795390312788146,0.3869585260674902,0.7122999315086683,0.3384193364242871,0.4399805827743853,0.572357103159748,0.5142012940582728,0.5506605763784594,0.1221470276265178,0.1282715225541673,0.1479051156907494,0.4534504804121283,0.4591042182441102,0.4313774227459992,0.75,38518
0,0,0.4866326999293595,-0.2896312917778125,0.0510803894426436,-0.8516609922317622,0.132484428370131,0.5715371617460968,0.0541864731373086,-0.1417806950288363,-0.4864685772839422,0.1846846336412927,-0.0009688720422725,0.4060468917952878,0.2341922650046989,0.5549974019961417,0.0140576463190273,0.3547591622186937,-0.4289470243255512,0.1273973104704045,0.0152293951960787,-0.4844704194330868,0.0027958011959606,0.1321402465769226,0.0524971529590221,0.998562894971431,0.1299663533732784,0.000840779142992,0.888698528424315,0.0002029185103068,0.0655687867978563,0.744738069547906,0.2297179975755858,0.3226759588743298,0.4795390312788146,0.3869585260674902,0.7122999315086683,0.3384193364242871,0.4399805827743853,0.572357103159748,0.5142012940582728,0.5506605763784594,0.1221470276265178,0.1282715225541673,0.1479051156907494,0.4534504804121283,0.4591042182441102,0.4313774227459992,0.75,38529
0,0,0.4866326999293595,-0.2896312917778125,0.0510803894426436,-0.8516609922317622,0.132484428370131,0.5715371617460968,0.0541864731373086,-0.1417806950288363,-0.4864685772839422,0.1846846336412927,-0.0009688720422725,0.4060468917952878,0.2341922650046989,0.5549974019961417,0.0140576463190273,0.3547591622186937,-0.4289470243255512,0.1273973104704045,0.0152293951960787,-0.4844704194330868,0.0027958011959606,0.1321402465769226,0.0524971529590221,0.998562894971431,0.1299663533732784,0.000840779142992,0.888698528424315,0.0002029185103068,0.0655687867978563,0.744738069547906,0.2297179975755858,0.3226759588743298,0.4795390312788146,0.3869585260674902,0.7122999315086683,0.3384193364242871,0.4399805827743853,0.572357103159748,0.5142012940582728,0.5506605763784594,0.1221470276265178,0.1282715225541673,0.1479051156907494,0.4534504804121283,0.4591042182441102,0.4313774227459992,0.75,38539
0,0,0.4866326999293595,-0.2896312917778125,0.0510803894426436,-0.8516609922317622,0.132484428370131,0.5715371617460968,0.0541864731373086,-0.1417806950288363,-0.4864685772839422,0.1846846336412927,-0.0009688720422725,0.4060468917952878,0.2341922650046989,0.5549974019961417,0.0140576463190273,0.3547591622186937,-0.4289470243255512,0.1273973104704045,0.0152293951960787,-0.4844704194330868,0.0027958011959606,0.1321402465769226,0.0524971529590221,0.998562894971431,0.1299663533732784,0.000840779142992,0.888698528424315,0.0002029185103068,0.0655687867978563,0.744738069547906,0.2297179975755858,0.3226759588743298,0.4795390312788146,0.3869585260674902,0.7122999315086683,0.3384193364242871,0.4399805827743853,0.572357103159748,0.5142012940582728,0.5506605763784594,0.1221470276265178,0.1282715225541673,0.1479051156907494,0.4534504804121283,0.4591042182441102,0.4313774227459992,0.75,38549
0,0,0.4866326999293595,-0.2896312917778125,0.0510803894426436,-0.8516609922317622,0.132484428370131,0.5715371617460968,0.0541864731373086,-0.1417806950288363,-0.4864685772839422,0.1846846336412927,-0.0009688720422725,0.4060468917952878,0.2341922650046989,0.5549974019961417,0.0140576463190273,0.3547591622186937,-0.4289470243255512,0.1273973104704045,0.0152293951960787,-0.4844704194330868,0.0027958011959606,0.1321402465769226,0.0524971529590221,0.998562894971431,0.1299663533732784,0.000840779142992,0.888698528424315,0.0002029185103068,0.0655687867978563,0.744738069547906,0.2297179975755858,0.3226759588743298,0.4795390312788146,0.3869585260674902,0.7122999315086683,0.3384193364242871,0.4399805827743853,0.572357103159748,0.5142012940582728,0.5506605763784594,0.1221470276265178,0.1282715225541673,0.1479051156907494,0.4534504804121283,0.4591042182441102,0.4313774227459992,0.75,38560
0,0,0.4866326999293595,-0.2896312917778125,0.0510803894426436,-0.8516609922317622,0.132484428370131,0.5715371617460968,0.0541864731373086,-0.1417806950288363,-0.4864685772839422,0.1846846336412927,-0.0009688720422725,0.4060468917952878,0.2341922650046989,0.5549974019961417,0.0140576463190273,0.3547591622186937,-0.4289470243255512,0.1273973104704045,0.0152293951960787,-0.4844704194330868,0.0027958011959606,0.1321402465769226,0.0524971529590221,0.998562894971431,0.1299663533732784,0.000840779142992,0.888698528424315,0.0002029185103068,0.0655687867978563,0.744738069547906,0.2297179975755858,0.3226759588743298,0.4795390312788146,0.3869585260674902,0.7122999315086683,0.3384193364242871,0.4399805827743853,0.572357103159748,0.5142012940582728,0.5506605763784594,0.1221470276265178,0.1282715225541673,0.1479051156907494,0.4534504804121283,0.4591042182441102,0.4313774227459992,0.75,38570
0,0,0.4866326999293595,-0.2896312917778125,0.0510803894426436,-0.8516609922317622,0.132484428370131,0.5715371617460968,0.0541864731373086,-0.1417806950288363,-0.4864685772839422,0.1846846336412927,-0.0009688720422725,0.4060468917952878,0.2341922650046989,0.5549974019961417,0.0140576463190273,0.3547591622186937,-0.4289470243255512,0.1273973104704045,0.0152293951960787,-0.4844704194330868,0.0027958011959606,0.1321402465769226,0.0524971529590221,0.998562894971431,0.1299663533732784,0.000840779142992,0.888698528424315,0.0002029185103068,0.0655687867978563,0.744738069547906,0.2297179975755858,0.3226759588743298,0.4795390312788146,0.3869585260674902,0.7122999315086683,0.3384193364242871,0.4399805827743853,0.572357103159748,0.5142012940582728,0.5506605763784594,0.1221470276265178,0.1282715225541673,0.1479051156907494,0.4534504804121283,0.4591042182441102,0.4313774227459992,0.75,38580
0,0,0.4866326999293595,-0.2896312917778125,0.0510803894426436,-0.8516609922317622,0.132484428370131,0.5715371617460968,0.0541864731373086,-0.1417806950288363,-0.4864685772839422,0.1846846336412927,-0.0009688720422725,0.4060468917952878,0.2341922650046989,0.5549974019961417,0.0140576463190273,0.3547591622186937,-0.4289470243255512,0.1273973104704045,0.0152293951960787,-0.4844704194330868,0.0027958011959606,0.1321402465769226,0.0524971529590221,0.998562894971431,0.1299663533732784,0.000840779142992,0.888698528424315,0.0002029185103068,0.0655687867978563,0.744738069547906,0.2297179975755858,0.3226759588743298,0.4795390312788146,0.3869585260674902,0.7122999315086683,0.3384193364242871,0.4399805827743853,0.572357103159748,0.5142012940582728,0.5506605763784594,0.1221470276265178,0.1282715225541673,0.1479051156907494,0.4534504804121283,0.4591042182441102,0.4313774227459992,0.75,38590
0,0,0.4866326999293595,-0.2896312917778125,0.0510803894426436,-0.8516609922317622,0.132484428370131,0.5715371617460968,0.0541864731373086,-0.1417806950288363,-0.4864685772839422,0.1846846336412927,-0.0009688720422725,0.4060468917952878,0.2341922650046989,0.5549974019961417,0.0140576463190273,0.3547591622186937,-0.4289470243255512,0.1273973104704045,0.0152293951960787,-0.4844704194330868,0.0027958011959606,0.1321402465769226,0.0524971529590221,0.998562894971431,0.1299663533732784,0.000840779142992,0.888698528424315,0.0002029185103068,0.0655687867978563,0.744738069547906,0.2297179975755858,0.3226759588743298,0.4795390312788146,0.3869585260674902,0.7122999315086683,0.3384193364242871,0.4399805827743853,0.572357103159748,0.5142012940582728,0.5506605763784594,0.1221470276265178,0.1282715225541673,0.1479051156907494,0.4534504804121283,0.4591042182441102,0.4313774227459992,0.75,38600
0,0,0.4866326999293595,-0.2896312917778125,0.0510803894426436,-0.8516609922317622,0.132484428370131,0.5715371617460968,0.0541864731373086,-0.1417806950288363,-0.4864685772839422,0.1846846336412927,-0.0009688720422725,0.4060468917952878,0.2341922650046989,0.5549974019961417,0.0140576463190273,0.3547591622186937,-0.4289470243255512,0.1273973104704045,0.0152293951960787,-0.4844704194330868,0.0027958011959606,0.1321402465769226,0.0524971529590221,0.998562894971431,0.1299663533732784,0.000840779142992,0.888698528424315,0.0002029185103068,0.0655687867978563,0.744738069547906,0.2297179975755858,0.3226759588743298,0.4795390312788146,0.3869585260674902,0.7122999315086683,0.3384193364242871,0.4399805827743853,0.572357103159748,0.5142012940582728,0.5506605763784594,0.1221470276265178,0.1282715225541673,0.1479051156907494,0.4534504804121283,0.4591042182441102,0.4313774227459992,0.75,38610
0,0,0.4866326999293595,-0.2896312917778125,0.0510803894426436,-0.8516609922317622,0.132484428370131,0.5715371617460968,0.0541864731373086,-0.1417806950288363,-0.4864685772839422,0.1846846336412927,-0.0009688720422725,0.4060468917952878,0.2341922650046989,0.5549974019961417,0.0140576463190273,0.3547591622186937,-0.4289470243255512,0.1273973104704045,0.0152293951960787,-0.4844704194330868,0.0027958011959606,0.1321402465769226,0.0524971529590221,0.998562894971431,0.1299663533732784,0.000840779142992,0.888698528424315,0.0002029185103068,0.0655687867978563,0.744738069547906,0.2297179975755858,0.3226759588743298,0.4795390312788146,0.3869585260674902,0.7122999315086683,0.3384193364242871,0.4399805827743853,0.572357103159748,0.5142012940582728,0.5506605763784594,0.1221470276265178,0.1282715225541673,0.1479051156907494,0.4534504804121283,0.4591042182441102,0.4313774227459992,0.75,38621
0,0,0.4866326999293595,-0.2896312917778125,0.0510803894426436,-0.8516609922317622,0.132484428370131,0.5715371617460968,0.0541864731373086,-0.1417806950288363,-0.4864685772839422,0.1846846336412927,-0.0009688720422725,0.4060468917952878,0.2341922650046989,0.5549974019961417,0.0140576463190273,0.3547591622186937,-0.4289470243255512,0.1273973104704045,0.0152293951960787,-0.4844704194330868,0.0027958011959606,0.1321402465769226,0.0524971529590221,0.998562894971431,0.1299663533732784,0.000840779142992,0.888698528424315,0.0002029185103068,0.0655687867978563,0.744738069547906,0.2297179975755858,0.3226759588743298,0.4795390312788146,0.3869585260674902,0.7122999315086683,0.3384193364242871,0.4399805827743853,0.572357103159748,0.5142012940582728,0.5506605763784594,0.1221470276265178,0.1282715225541673,0.1479051156907494,0.4534504804121283,0.4591042182441102,0.4313774227459992,0.75,38631
0,0,0.4866326999293595,-0.2896312917778125,0.0510803894426436,-0.8516609922317622,0.132484428370131,0.5715371617460968,0.0541864731373086,-0.1417806950288363,-0.4864685772839422,0.1846846336412927,-0.0009688720422725,0.4060468917952878,0.2341922650046989,0.5549974019961417,0.0140576463190273,0.3547591622186937,-0.4289470243255512,0.1273973104704045,0.0152293951960787,-0.4844704194330868,0.0027958011959606,0.1321402465769226,0.0524971529590221,0.998562894971431,0.1299663533732784,0.000840779142992,0.888698528424315,0.0002029185103068,0.0655687867978563,0.744738069547906,0.2297179975755858,0.3226759588743298,0.4795390312788146,0.3869585260674902,0.7122999315086683,0.3384193364242871,0.4399805827743853,0.572357103159748,0.5142012940582728,0.5506605763784594,0.1221470276265178,0.1282715225541673,0.1479051156907494,0.4534504804121283,0.4591042182441102,0.4313774227459992,0.75,38641
0,0,0.4866326999293595,-0.2896312917778125,0.0510803894426436,-0.8516609922317622,0.132484428370131,0.5715371617460968,0.0541864731373086,-0.1417806950288363,-0.4864685772839422,0.1846846336412927,-0.0009688720422725,0.4060468917952878,0.2341922650046989,0.5549974019961417,0.0140576463190273,0.3547591622186937,-0.4289470243255512,0.1273973104704045,0.0152293951960787,-0.4844704194330868,0.0027958011959606,0.1321402465769226,0.0524971529590221,0.998562894971431,0.1299663533732784,0.000840779142992,0.888698528424315,0.0002029185103068,0.0655687867978563,0.744738069547906,0.2297179975755858,0.3226759588743298,0.4795390312788146,0.3869585260674902,0.7122999315086683,0.3384193364242871,0.4399805827743853,0.572357103159748,0.5142012940582728,0.5506605763784594,0.1221470276265178,0.1282715225541673,0.1479051156907494,0.4534504804121283,0.4591042182441102,0.4313774227459992,0.75,38651
0,0,0.4866326999293595,-0.2896312917778125,0.0510803894426436,-0.8516609922317622,0.132484428370131,0.5715371617460968,0.0541864731373086,-0.1417806950288363,-0.4864685772839422,0.1846846336412927,-0.0009688720422725,0.4060468917952878,0.2341922650046989,0.5549974019961417,0.0140576463190273,0.3547591622186937,-0.4289470243255512,0.1273973104704045,0.0152293951960787,-0.4844704194330868,0.0027958011959606,0.1321402465769226,0.0524971529590221,0.998562894971431,0.1299663533732784,0.000840779142992,0.888698528424315,0.0002029185103068,0.0655687867978563,0.744738069547906,0.2297179975755858,0.3226759588743298,0.4795390312788146,0.3869585260674902,0.7122999315086683,0.3384193364242871,0.4399805827743853,0.572357103159748,0.5142012940582728,0.5506605763784594,0.1221470276265178,0.1282715225541673,0.1479051156907494,0.4534504804121283,0.4591042182441102,0.4313774227459992,0.75,38661
0,0,0.4866326999293595,-0.2896312917778125,0.0510803894426436,-0.8516609922317622,0.132484428370131,0.5715371617460968,0.0541864731373086,-0.1417806950288363,-0.4864685772839422,0.1846846336412927,-0.0009688720422725,0.4060468917952878,0.2341922650046989,0.5549974019961417,0.0140576463190273,0.3547591622186937,-0.4289470243255512,0.1273973104704045,0.0152293951960787,-0.4844704194330868,0.0027958011959606,0.1321402465769226,0.0524971529590221,0.998562894971431,0.1299663533732784,0.000840779142992,0.888698528424315,0.0002029185103068,0.0655687867978563,0.744738069547906,0.2297179975755858,0.3226759588743298,0.4795390312788146,0.3869585260674902,0.7122999315086683,0.3384193364242871,0.4399805827743853,0.572357103159748,0.5142012940582728,0.5506605763784594,0.1221470276265178,0.1282715225541673,0.1479051156907494,0.4534504804121283,0.4591042182441102,0.4313774227459992,0.75,38671
0,0,0.4866326999293595,-0.2896312917778125,0.0510803894426436,-0.8516609922317622,0.132484428370131,0.5715371617460968,0.0541864731373086,-0.1417806950288363,-0.4864685772839422,0.1846846336412927,-0.0009688720422725,0.4060468917952878,0.2341922650046989,0.5549974019961417,0.0140576463190273,0.3547591622186937,-0.4289470243255512,0.1273973104704045,0.0152293951960787,-0.4844704194330868,0.0027958011959606,0.1321402465769226,0.0524971529590221,0.998562894971431,0.1299663533732784,0.000840779142992,0.888698528424315,0.0002029185103068,0.0655687867978563,0.744738069547906,0.2297179975755858,0.3226759588743298,0.4795390312788146,0.3869585260674902,0.7122999315086683,0.3384193364242871,0.4399805827743853,0.572357103159748,0.5142012940582728,0.5506605763784594,0.1221470276265178,0.1282715225541673,0.1479051156907494,0.4534504804121283,0.4591042182441102,0.4313774227459992,0.75,38682
0,0,0.4866326999293595,-0.2896312917778125,0.0510803894426436,-0.8516609922317622,0.132484428370131,0.5715371617460968,0.0541864731373086,-0.1417806950288363,-0.4864685772839422,0.1846846336412927,-0.0009688720422725,0.4060468917952878,0.2341922650046989,0.5549974019961417,0.0140576463190273,0.3547591622186937,-0.4289470243255512,0.1273973104704045,0.0152293951960787,-0.4844704194330868,0.0027958011959606,0.1321402465769226,0.0524971529590221,0.998562894971431,0.1299663533732784,0.000840779142992,0.888698528424315,0.0002029185103068,0.0655687867978563,0.744738069547906,0.2297179975755858,0.3226759588743298,0.4795390312788146,0.3869585260674902,0.7122999315086683,0.3384193364242871,0.4399805827743853,0.572357103159748,0.5142012940582728,0.5506605763784594,0.1221470276265178,0.1282715225541673,0.1479051156907494,0.4534504804121283,0.4591042182441102,0.4313774227459992,0.75,38692
0,0,0.4866326999293595,-0.2896312917778125,0.0510803894426436,-0.8516609922317622,0.132484428370131,0.5715371617460968,0.0541864731373086,-0.1417806950288363,-0.4864685772839422,0.1846846336412927,-0.0009688720422725,0.4060468917952878,0.2341922650046989,0.5549974019961417,0.0140576463190273,0.3547591622186937,-0.4289470243255512,0.1273973104704045,0.0152293951960787,-0.4844704194330868,0.0027958011959606,0.1321402465769226,0.0524971529590221,0.998562894971431,0.1299663533732784,0.000840779142992,0.888698528424315,0.0002029185103068,0.0655687867978563,0.744738069547906,0.2297179975755858,0.3226759588743298,0.4795390312788146,0.3869585260674902,0.7122999315086683,0.3384193364242871,0.4399805827743853,0.572357103159748,0.5142012940582728,0.5506605763784594,0.1221470276265178,0.1282715225541673,0.1479051156907494,0.4534504804121283,0.4591042182441102,0.4313774227459992,0.75,38702
0,0,0.4866326999293595,-0.2896312917778125,0.0510803894426436,-0.8516609922317622,0.132484428370131,0.5715371617460968,0.0541864731373086,-0.1417806950288363,-0.4864685772839422,0.1846846336412927,-0.0009688720422725,0.4060468917952878,0.2341922650046989,0.5549974019961417,0.0140576463190273,0.3547591622186937,-0.4289470243255512,0.1273973104704045,0.0152293951960787,-0.4844704194330868,0.0027958011959606,0.1321402465769226,0.0524971529590221,0.998562894971431,0.1299663533732784,0.000840779142992,0.888698528424315,0.0002029185103068,0.0655687867978563,0.744738069547906,0.2297179975755858,0.3226759588743298,0.4795390312788146,0.3869585260674902,0.7122999315086683,0.3384193364242871,0.4399805827743853,0.572357103159748,0.5142012940582728,0.5506605763784594,0.1221470276265178,0.1282715225541673,0.1479051156907494,0.4534504804121283,0.4591042182441102,0.4313774227459992,0.75,38712
0,0,0.4866326999293595,-0.2896312917778125,0.0510803894426436,-0.8516609922317622,0.132484428370131,0.5715371617460968,0.0541864731373086,-0.1417806950288363,-0.4864685772839422,0.1846846336412927,-0.0009688720422725,0.4060468917952878,0.2341922650046989,0.5549974019961417,0.0140576463190273,0.3547591622186937,-0.4289470243255512,0.1273973104704045,0.0152293951960787,-0.4844704194330868,0.0027958011959606,0.1321402465769226,0.0524971529590221,0.998562894971431,0.1299663533732784,0.000840779142992,0.888698528424315,0.0002029185103068,0.0655687867978563,0.744738069547906,0.2297179975755858,0.3226759588743298,0.4795390312788146,0.3869585260674902,0.7122999315086683,0.3384193364242871,0.4399805827743853,0.572357103159748,0.5142012940582728,0.5506605763784594,0.1221470276265178,0.1282715225541673,0.1479051156907494,0.4534504804121283,0.4591042182441102,0.4313774227459992,0.75,38731
0,0,0.4866326999293595,-0.2896312917778125,0.0510803894426436,-0.8516609922317622,0.132484428370131,0.5715371617460968,0.0541864731373086,-0.1417806950288363,-0.4864685772839422,0.1846846336412927,-0.0009688720422725,0.4060468917952878,0.2341922650046989,0.5549974019961417,0.0140576463190273,0.3547591622186937,-0.4289470243255512,0.1273973104704045,0.0152293951960787,-0.4844704194330868,0.0027958011959606,0.1321402465769226,0.0524971529590221,0.998562894971431,0.1299663533732784,0.000840779142992,0.888698528424315,0.0002029185103068,0.0655687867978563,0.744738069547906,0.2297179975755858,0.3226759588743298,0.4795390312788146,0.3869585260674902,0.7122999315086683,0.3384193364242871,0.4399805827743853,0.572357103159748,0.5142012940582728,0.5506605763784594,0.1221470276265178,0.1282715225541673,0.1479051156907494,0.4534504804121283,0.4591042182441102,0.4313774227459992,0.75,38749
0,0,-0.0970333649581154,-0.3015415454028194,-0.0212629843422581,0.4923907807915977,0.7487124550011559,-0.0982191373772804,0.8394619919534962,-0.1532128529521657,-0.1842027175925801,0.3269337281369032,0.2249724880662698,0.7489702325250515,0.9044659259096892,0.6031595427886631,-0.7210340620421449,0.5568026470650423,-0.7264559445274577,-0.261861987928136,0.0742871837703514,-0.6128241737336443,0.0056133388056966,0.1319501103367172,0.0516836782153399,1.0,0.130237028990596,0.0010555755204704,0.8854094471357636,0.0001046848319164,0.0650822518983807,0.7423846804724974,0.1472288060906334,0.0828362318152565,0.5434435693994054,0.2026170975116892,0.7122095952930363,0.1926231905521128,0.7189573546231613,0.6146413536401998,0.5872282636313415,0.0001,0.1471215724605862,0.16774716944887,0.2912268194919787,0.4547898656577651,0.461381128467267,0.1525659068217991,0.83,3876
0,0,0.4866326999293595,-0.2896312917778125,0.0510803894426436,-0.8516609922317622,0.132484428370131,0.5715371617460968,0.0541864731373086,-0.1417806950288363,-0.4864685772839422,0.1846846336412927,-0.0009688720422725,0.4060468917952878,0.2341922650046989,0.5549974019961417,0.0140576463190273,0.3547591622186937,-0.4289470243255512,0.1273973104704045,0.0152293951960787,-0.4844704194330868,0.0027958011959606,0.1321402465769226,0.0524971529590221,0.998562894971431,0.1299663533732784,0.000840779142992,0.888698528424315,0.0002029185103068,0.0655687867978563,0.744738069547906,0.2297179975755858,0.3226759588743298,0.4795390312788146,0.3869585260674902,0.7122999315086683,0.3384193364242871,0.4399805827743853,0.572357103159748,0.5142012940582728,0.5506605763784594,0.1221470276265178,0.1282715225541673,0.1479051156907494,0.4534504804121283,0.4591042182441102,0.4313774227459992,0.75,38768
0,0,0.4866326999293595,-0.2896312917778125,0.0510803894426436,-0.8516609922317622,0.132484428370131,0.5715371617460968,0.0541864731373086,-0.1417806950288363,-0.4864685772839422,0.1846846336412927,-0.0009688720422725,0.4060468917952878,0.2341922650046989,0.5549974019961417,0.0140576463190273,0.3547591622186937,-0.4289470243255512,0.1273973104704045,0.0152293951960787,-0.4844704194330868,0.0027958011959606,0.1321402465769226,0.0524971529590221,0.998562894971431,0.1299663533732784,0.000840779142992,0.888698528424315,0.0002029185103068,0.0655687867978563,0.744738069547906,0.2297179975755858,0.3226759588743298,0.4795390312788146,0.3869585260674902,0.7122999315086683,0.3384193364242871,0.4399805827743853,0.572357103159748,0.5142012940582728,0.5506605763784594,0.1221470276265178,0.1282715225541673,0.1479051156907494,0.4534504804121283,0.4591042182441102,0.4313774227459992,0.75,38778
0,0,0.4866326999293595,-0.2896312917778125,0.0510803894426436,-0.8516609922317622,0.132484428370131,0.5715371617460968,0.0541864731373086,-0.1417806950288363,-0.4864685772839422,0.1846846336412927,-0.0009688720422725,0.4060468917952878,0.2341922650046989,0.5549974019961417,0.0140576463190273,0.3547591622186937,-0.4289470243255512,0.1273973104704045,0.0152293951960787,-0.4844704194330868,0.0027958011959606,0.1321402465769226,0.0524971529590221,0.998562894971431,0.1299663533732784,0.000840779142992,0.888698528424315,0.0002029185103068,0.0655687867978563,0.744738069547906,0.2297179975755858,0.3226759588743298,0.4795390312788146,0.3869585260674902,0.7122999315086683,0.3384193364242871,0.4399805827743853,0.572357103159748,0.5142012940582728,0.5506605763784594,0.1221470276265178,0.1282715225541673,0.1479051156907494,0.4534504804121283,0.4591042182441102,0.4313774227459992,0.75,38797
0,0,-0.096855767918558,-0.3108521533107707,0.2089690972288819,-0.84574254273724,0.7480390858119187,-0.1008576411717661,0.8443662096737158,-0.1409166914981816,-0.683160665069012,0.3286206527664643,-0.4681890317025226,0.7566468741744704,0.7483894539839654,0.5866959598965698,-0.7220899104668004,0.7536157843776384,-0.7289287189485402,0.0864205196602338,-0.0879076220313797,-0.6131989296644594,0.0056570750859058,0.1326394563843845,0.0525432662424083,1.0,0.1302375270180899,0.0010043798741338,0.8804095594777211,0.0001,0.0664336345597874,0.7422486547195418,0.1478400664858467,0.1062210569523113,0.0001,0.2239011011890639,0.1744354597927928,0.1940298382183629,0.7206437068215517,0.6158689698140412,0.6851885982129043,0.027947901565828,0.1466783926019788,0.6876072331583931,0.429970638271992,0.7765304633275983,0.4560770089473597,0.1423909591971934,0.92,388
0,0,0.4866326999293595,-0.2896312917778125,0.0510803894426436,-0.8516609922317622,0.132484428370131,0.5715371617460968,0.0541864731373086,-0.1417806950288363,-0.4864685772839422,0.1846846336412927,-0.0009688720422725,0.4060468917952878,0.2341922650046989,0.5549974019961417,0.0140576463190273,0.3547591622186937,-0.4289470243255512,0.1273973104704045,0.0152293951960787,-0.4844704194330868,0.0027958011959606,0.1321402465769226,0.0524971529590221,0.998562894971431,0.1299663533732784,0.000840779142992,0.888698528424315,0.0002029185103068,0.0655687867978563,0.744738069547906,0.2297179975755858,0.3226759588743298,0.4795390312788146,0.3869585260674902,0.7122999315086683,0.3384193364242871,0.4399805827743853,0.572357103159748,0.5142012940582728,0.5506605763784594,0.1221470276265178,0.1282715225541673,0.1479051156907494,0.4534504804121283,0.4591042182441102,0.4313774227459992,0.75,38807
0,0,0.4866326999293595,-0.2896312917778125,0.0510803894426436,-0.8516609922317622,0.132484428370131,0.5715371617460968,0.0541864731373086,-0.1417806950288363,-0.4864685772839422,0.1846846336412927,-0.0009688720422725,0.4060468917952878,0.2341922650046989,0.5549974019961417,0.0140576463190273,0.3547591622186937,-0.4289470243255512,0.1273973104704045,0.0152293951960787,-0.4844704194330868,0.0027958011959606,0.1321402465769226,0.0524971529590221,0.998562894971431,0.1299663533732784,0.000840779142992,0.888698528424315,0.0002029185103068,0.0655687867978563,0.744738069547906,0.2297179975755858,0.3226759588743298,0.4795390312788146,0.3869585260674902,0.7122999315086683,0.3384193364242871,0.4399805827743853,0.572357103159748,0.5142012940582728,0.5506605763784594,0.1221470276265178,0.1282715225541673,0.1479051156907494,0.4534504804121283,0.4591042182441102,0.4313774227459992,0.75,38818
0,0,0.4866326999293595,-0.2896312917778125,0.0510803894426436,-0.8516609922317622,0.132484428370131,0.5715371617460968,0.0541864731373086,-0.1417806950288363,-0.4864685772839422,0.1846846336412927,-0.0009688720422725,0.4060468917952878,0.2341922650046989,0.5549974019961417,0.0140576463190273,0.3547591622186937,-0.4289470243255512,0.1273973104704045,0.0152293951960787,-0.4844704194330868,0.0027958011959606,0.1321402465769226,0.0524971529590221,0.998562894971431,0.1299663533732784,0.000840779142992,0.888698528424315,0.0002029185103068,0.0655687867978563,0.744738069547906,0.2297179975755858,0.3226759588743298,0.4795390312788146,0.3869585260674902,0.7122999315086683,0.3384193364242871,0.4399805827743853,0.572357103159748,0.5142012940582728,0.5506605763784594,0.1221470276265178,0.1282715225541673,0.1479051156907494,0.4534504804121283,0.4591042182441102,0.4313774227459992,0.75,38829
0,0,0.4866326999293595,-0.2896312917778125,0.0510803894426436,-0.8516609922317622,0.132484428370131,0.5715371617460968,0.0541864731373086,-0.1417806950288363,-0.4864685772839422,0.1846846336412927,-0.0009688720422725,0.4060468917952878,0.2341922650046989,0.5549974019961417,0.0140576463190273,0.3547591622186937,-0.4289470243255512,0.1273973104704045,0.0152293951960787,-0.4844704194330868,0.0027958011959606,0.1321402465769226,0.0524971529590221,0.998562894971431,0.1299663533732784,0.000840779142992,0.888698528424315,0.0002029185103068,0.0655687867978563,0.744738069547906,0.2297179975755858,0.3226759588743298,0.4795390312788146,0.3869585260674902,0.7122999315086683,0.3384193364242871,0.4399805827743853,0.572357103159748,0.5142012940582728,0.5506605763784594,0.1221470276265178,0.1282715225541673,0.1479051156907494,0.4534504804121283,0.4591042182441102,0.4313774227459992,0.75,38839
0,0,0.4866326999293595,-0.2896312917778125,0.0510803894426436,-0.8516609922317622,0.132484428370131,0.5715371617460968,0.0541864731373086,-0.1417806950288363,-0.4864685772839422,0.1846846336412927,-0.0009688720422725,0.4060468917952878,0.2341922650046989,0.5549974019961417,0.0140576463190273,0.3547591622186937,-0.4289470243255512,0.1273973104704045,0.0152293951960787,-0.4844704194330868,0.0027958011959606,0.1321402465769226,0.0524971529590221,0.998562894971431,0.1299663533732784,0.000840779142992,0.888698528424315,0.0002029185103068,0.0655687867978563,0.744738069547906,0.2297179975755858,0.3226759588743298,0.4795390312788146,0.3869585260674902,0.7122999315086683,0.3384193364242871,0.4399805827743853,0.572357103159748,0.5142012940582728,0.5506605763784594,0.1221470276265178,0.1282715225541673,0.1479051156907494,0.4534504804121283,0.4591042182441102,0.4313774227459992,0.75,38850
0,0,0.4866326999293595,-0.2896312917778125,0.0510803894426436,-0.8516609922317622,0.132484428370131,0.5715371617460968,0.0541864731373086,-0.1417806950288363,-0.4864685772839422,0.1846846336412927,-0.0009688720422725,0.4060468917952878,0.2341922650046989,0.5549974019961417,0.0140576463190273,0.3547591622186937,-0.4289470243255512,0.1273973104704045,0.0152293951960787,-0.4844704194330868,0.0027958011959606,0.1321402465769226,0.0524971529590221,0.998562894971431,0.1299663533732784,0.000840779142992,0.888698528424315,0.0002029185103068,0.0655687867978563,0.744738069547906,0.2297179975755858,0.3226759588743298,0.4795390312788146,0.3869585260674902,0.7122999315086683,0.3384193364242871,0.4399805827743853,0.572357103159748,0.5142012940582728,0.5506605763784594,0.1221470276265178,0.1282715225541673,0.1479051156907494,0.4534504804121283,0.4591042182441102,0.4313774227459992,0.75,38869
0,0,0.4866326999293595,-0.2896312917778125,0.0510803894426436,-0.8516609922317622,0.132484428370131,0.5715371617460968,0.0541864731373086,-0.1417806950288363,-0.4864685772839422,0.1846846336412927,-0.0009688720422725,0.4060468917952878,0.2341922650046989,0.5549974019961417,0.0140576463190273,0.3547591622186937,-0.4289470243255512,0.1273973104704045,0.0152293951960787,-0.4844704194330868,0.0027958011959606,0.1321402465769226,0.0524971529590221,0.998562894971431,0.1299663533732784,0.000840779142992,0.888698528424315,0.0002029185103068,0.0655687867978563,0.744738069547906,0.2297179975755858,0.3226759588743298,0.4795390312788146,0.3869585260674902,0.7122999315086683,0.3384193364242871,0.4399805827743853,0.572357103159748,0.5142012940582728,0.5506605763784594,0.1221470276265178,0.1282715225541673,0.1479051156907494,0.4534504804121283,0.4591042182441102,0.4313774227459992,0.75,38879
0,0,0.4866326999293595,-0.2896312917778125,0.0510803894426436,-0.8516609922317622,0.132484428370131,0.5715371617460968,0.0541864731373086,-0.1417806950288363,-0.4864685772839422,0.1846846336412927,-0.0009688720422725,0.4060468917952878,0.2341922650046989,0.5549974019961417,0.0140576463190273,0.3547591622186937,-0.4289470243255512,0.1273973104704045,0.0152293951960787,-0.4844704194330868,0.0027958011959606,0.1321402465769226,0.0524971529590221,0.998562894971431,0.1299663533732784,0.000840779142992,0.888698528424315,0.0002029185103068,0.0655687867978563,0.744738069547906,0.2297179975755858,0.3226759588743298,0.4795390312788146,0.3869585260674902,0.7122999315086683,0.3384193364242871,0.4399805827743853,0.572357103159748,0.5142012940582728,0.5506605763784594,0.1221470276265178,0.1282715225541673,0.1479051156907494,0.4534504804121283,0.4591042182441102,0.4313774227459992,0.75,38898
0,0,0.4866326999293595,-0.2896312917778125,0.0510803894426436,-0.8516609922317622,0.132484428370131,0.5715371617460968,0.0541864731373086,-0.1417806950288363,-0.4864685772839422,0.1846846336412927,-0.0009688720422725,0.4060468917952878,0.2341922650046989,0.5549974019961417,0.0140576463190273,0.3547591622186937,-0.4289470243255512,0.1273973104704045,0.0152293951960787,-0.4844704194330868,0.0027958011959606,0.1321402465769226,0.0524971529590221,0.998562894971431,0.1299663533732784,0.000840779142992,0.888698528424315,0.0002029185103068,0.0655687867978563,0.744738069547906,0.2297179975755858,0.3226759588743298,0.4795390312788146,0.3869585260674902,0.7122999315086683,0.3384193364242871,0.4399805827743853,0.572357103159748,0.5142012940582728,0.5506605763784594,0.1221470276265178,0.1282715225541673,0.1479051156907494,0.4534504804121283,0.4591042182441102,0.4313774227459992,0.75,38908
0,0,0.4866326999293595,-0.2896312917778125,0.0510803894426436,-0.8516609922317622,0.132484428370131,0.5715371617460968,0.0541864731373086,-0.1417806950288363,-0.4864685772839422,0.1846846336412927,-0.0009688720422725,0.4060468917952878,0.2341922650046989,0.5549974019961417,0.0140576463190273,0.3547591622186937,-0.4289470243255512,0.1273973104704045,0.0152293951960787,-0.4844704194330868,0.0027958011959606,0.1321402465769226,0.0524971529590221,0.998562894971431,0.1299663533732784,0.000840779142992,0.888698528424315,0.0002029185103068,0.0655687867978563,0.744738069547906,0.2297179975755858,0.3226759588743298,0.4795390312788146,0.3869585260674902,0.7122999315086683,0.3384193364242871,0.4399805827743853,0.572357103159748,0.5142012940582728,0.5506605763784594,0.1221470276265178,0.1282715225541673,0.1479051156907494,0.4534504804121283,0.4591042182441102,0.4313774227459992,0.75,38918
0,0,0.4866326999293595,-0.2896312917778125,0.0510803894426436,-0.8516609922317622,0.132484428370131,0.5715371617460968,0.0541864731373086,-0.1417806950288363,-0.4864685772839422,0.1846846336412927,-0.0009688720422725,0.4060468917952878,0.2341922650046989,0.5549974019961417,0.0140576463190273,0.3547591622186937,-0.4289470243255512,0.1273973104704045,0.0152293951960787,-0.4844704194330868,0.0027958011959606,0.1321402465769226,0.0524971529590221,0.998562894971431,0.1299663533732784,0.000840779142992,0.888698528424315,0.0002029185103068,0.0655687867978563,0.744738069547906,0.2297179975755858,0.3226759588743298,0.4795390312788146,0.3869585260674902,0.7122999315086683,0.3384193364242871,0.4399805827743853,0.572357103159748,0.5142012940582728,0.5506605763784594,0.1221470276265178,0.1282715225541673,0.1479051156907494,0.4534504804121283,0.4591042182441102,0.4313774227459992,0.75,38929
0,0,0.4866326999293595,-0.2896312917778125,0.0510803894426436,-0.8516609922317622,0.132484428370131,0.5715371617460968,0.0541864731373086,-0.1417806950288363,-0.4864685772839422,0.1846846336412927,-0.0009688720422725,0.4060468917952878,0.2341922650046989,0.5549974019961417,0.0140576463190273,0.3547591622186937,-0.4289470243255512,0.1273973104704045,0.0152293951960787,-0.4844704194330868,0.0027958011959606,0.1321402465769226,0.0524971529590221,0.998562894971431,0.1299663533732784,0.000840779142992,0.888698528424315,0.0002029185103068,0.0655687867978563,0.744738069547906,0.2297179975755858,0.3226759588743298,0.4795390312788146,0.3869585260674902,0.7122999315086683,0.3384193364242871,0.4399805827743853,0.572357103159748,0.5142012940582728,0.5506605763784594,0.1221470276265178,0.1282715225541673,0.1479051156907494,0.4534504804121283,0.4591042182441102,0.4313774227459992,0.75,38940
0,0,0.4866326999293595,-0.2896312917778125,0.0510803894426436,-0.8516609922317622,0.132484428370131,0.5715371617460968,0.0541864731373086,-0.1417806950288363,-0.4864685772839422,0.1846846336412927,-0.0009688720422725,0.4060468917952878,0.2341922650046989,0.5549974019961417,0.0140576463190273,0.3547591622186937,-0.4289470243255512,0.1273973104704045,0.0152293951960787,-0.4844704194330868,0.0027958011959606,0.1321402465769226,0.0524971529590221,0.998562894971431,0.1299663533732784,0.000840779142992,0.888698528424315,0.0002029185103068,0.0655687867978563,0.744738069547906,0.2297179975755858,0.3226759588743298,0.4795390312788146,0.3869585260674902,0.7122999315086683,0.3384193364242871,0.4399805827743853,0.572357103159748,0.5142012940582728,0.5506605763784594,0.1221470276265178,0.1282715225541673,0.1479051156907494,0.4534504804121283,0.4591042182441102,0.4313774227459992,0.75,38950
0,0,0.4866326999293595,-0.2896312917778125,0.0510803894426436,-0.8516609922317622,0.132484428370131,0.5715371617460968,0.0541864731373086,-0.1417806950288363,-0.4864685772839422,0.1846846336412927,-0.0009688720422725,0.4060468917952878,0.2341922650046989,0.5549974019961417,0.0140576463190273,0.3547591622186937,-0.4289470243255512,0.1273973104704045,0.0152293951960787,-0.4844704194330868,0.0027958011959606,0.1321402465769226,0.0524971529590221,0.998562894971431,0.1299663533732784,0.000840779142992,0.888698528424315,0.0002029185103068,0.0655687867978563,0.744738069547906,0.2297179975755858,0.3226759588743298,0.4795390312788146,0.3869585260674902,0.7122999315086683,0.3384193364242871,0.4399805827743853,0.572357103159748,0.5142012940582728,0.5506605763784594,0.1221470276265178,0.1282715225541673,0.1479051156907494,0.4534504804121283,0.4591042182441102,0.4313774227459992,0.75,38960
0,0,0.4866326999293595,-0.2896312917778125,0.0510803894426436,-0.8516609922317622,0.132484428370131,0.5715371617460968,0.0541864731373086,-0.1417806950288363,-0.4864685772839422,0.1846846336412927,-0.0009688720422725,0.4060468917952878,0.2341922650046989,0.5549974019961417,0.0140576463190273,0.3547591622186937,-0.4289470243255512,0.1273973104704045,0.0152293951960787,-0.4844704194330868,0.0027958011959606,0.1321402465769226,0.0524971529590221,0.998562894971431,0.1299663533732784,0.000840779142992,0.888698528424315,0.0002029185103068,0.0655687867978563,0.744738069547906,0.2297179975755858,0.3226759588743298,0.4795390312788146,0.3869585260674902,0.7122999315086683,0.3384193364242871,0.4399805827743853,0.572357103159748,0.5142012940582728,0.5506605763784594,0.1221470276265178,0.1282715225541673,0.1479051156907494,0.4534504804121283,0.4591042182441102,0.4313774227459992,0.75,38970
0,0,0.4866326999293595,-0.2896312917778125,0.0510803894426436,-0.8516609922317622,0.132484428370131,0.5715371617460968,0.0541864731373086,-0.1417806950288363,-0.4864685772839422,0.1846846336412927,-0.0009688720422725,0.4060468917952878,0.2341922650046989,0.5549974019961417,0.0140576463190273,0.3547591622186937,-0.4289470243255512,0.1273973104704045,0.0152293951960787,-0.4844704194330868,0.0027958011959606,0.1321402465769226,0.0524971529590221,0.998562894971431,0.1299663533732784,0.000840779142992,0.888698528424315,0.0002029185103068,0.0655687867978563,0.744738069547906,0.2297179975755858,0.3226759588743298,0.4795390312788146,0.3869585260674902,0.7122999315086683,0.3384193364242871,0.4399805827743853,0.572357103159748,0.5142012940582728,0.5506605763784594,0.1221470276265178,0.1282715225541673,0.1479051156907494,0.4534504804121283,0.4591042182441102,0.4313774227459992,0.75,38980
0,0,0.4866326999293595,-0.2896312917778125,0.0510803894426436,-0.8516609922317622,0.132484428370131,0.5715371617460968,0.0541864731373086,-0.1417806950288363,-0.4864685772839422,0.1846846336412927,-0.0009688720422725,0.4060468917952878,0.2341922650046989,0.5549974019961417,0.0140576463190273,0.3547591622186937,-0.4289470243255512,0.1273973104704045,0.0152293951960787,-0.4844704194330868,0.0027958011959606,0.1321402465769226,0.0524971529590221,0.998562894971431,0.1299663533732784,0.000840779142992,0.888698528424315,0.0002029185103068,0.0655687867978563,0.744738069547906,0.2297179975755858,0.3226759588743298,0.4795390312788146,0.3869585260674902,0.7122999315086683,0.3384193364242871,0.4399805827743853,0.572357103159748,0.5142012940582728,0.5506605763784594,0.1221470276265178,0.1282715225541673,0.1479051156907494,0.4534504804121283,0.4591042182441102,0.4313774227459992,0.75,38990
0,0,0.4866326999293595,-0.2896312917778125,0.0510803894426436,-0.8516609922317622,0.132484428370131,0.5715371617460968,0.0541864731373086,-0.1417806950288363,-0.4864685772839422,0.1846846336412927,-0.0009688720422725,0.4060468917952878,0.2341922650046989,0.5549974019961417,0.0140576463190273,0.3547591622186937,-0.4289470243255512,0.1273973104704045,0.0152293951960787,-0.4844704194330868,0.0027958011959606,0.1321402465769226,0.0524971529590221,0.998562894971431,0.1299663533732784,0.000840779142992,0.888698528424315,0.0002029185103068,0.0655687867978563,0.744738069547906,0.2297179975755858,0.3226759588743298,0.4795390312788146,0.3869585260674902,0.7122999315086683,0.3384193364242871,0.4399805827743853,0.572357103159748,0.5142012940582728,0.5506605763784594,0.1221470276265178,0.1282715225541673,0.1479051156907494,0.4534504804121283,0.4591042182441102,0.4313774227459992,0.75,39008
0,0,0.4866326999293595,-0.2896312917778125,0.0510803894426436,-0.8516609922317622,0.132484428370131,0.5715371617460968,0.0541864731373086,-0.1417806950288363,-0.4864685772839422,0.1846846336412927,-0.0009688720422725,0.4060468917952878,0.2341922650046989,0.5549974019961417,0.0140576463190273,0.3547591622186937,-0.4289470243255512,0.1273973104704045,0.0152293951960787,-0.4844704194330868,0.0027958011959606,0.1321402465769226,0.0524971529590221,0.998562894971431,0.1299663533732784,0.000840779142992,0.888698528424315,0.0002029185103068,0.0655687867978563,0.744738069547906,0.2297179975755858,0.3226759588743298,0.4795390312788146,0.3869585260674902,0.7122999315086683,0.3384193364242871,0.4399805827743853,0.572357103159748,0.5142012940582728,0.5506605763784594,0.1221470276265178,0.1282715225541673,0.1479051156907494,0.4534504804121283,0.4591042182441102,0.4313774227459992,0.75,39018
0,0,0.4866326999293595,-0.2896312917778125,0.0510803894426436,-0.8516609922317622,0.132484428370131,0.5715371617460968,0.0541864731373086,-0.1417806950288363,-0.4864685772839422,0.1846846336412927,-0.0009688720422725,0.4060468917952878,0.2341922650046989,0.5549974019961417,0.0140576463190273,0.3547591622186937,-0.4289470243255512,0.1273973104704045,0.0152293951960787,-0.4844704194330868,0.0027958011959606,0.1321402465769226,0.0524971529590221,0.998562894971431,0.1299663533732784,0.000840779142992,0.888698528424315,0.0002029185103068,0.0655687867978563,0.744738069547906,0.2297179975755858,0.3226759588743298,0.4795390312788146,0.3869585260674902,0.7122999315086683,0.3384193364242871,0.4399805827743853,0.572357103159748,0.5142012940582728,0.5506605763784594,0.1221470276265178,0.1282715225541673,0.1479051156907494,0.4534504804121283,0.4591042182441102,0.4313774227459992,0.75,39037
0,0,0.4866326999293595,-0.2896312917778125,0.0510803894426436,-0.8516609922317622,0.132484428370131,0.5715371617460968,0.0541864731373086,-0.1417806950288363,-0.4864685772839422,0.1846846336412927,-0.0009688720422725,0.4060468917952878,0.2341922650046989,0.5549974019961417,0.0140576463190273,0.3547591622186937,-0.4289470243255512,0.1273973104704045,0.0152293951960787,-0.4844704194330868,0.0027958011959606,0.1321402465769226,0.0524971529590221,0.998562894971431,0.1299663533732784,0.000840779142992,0.888698528424315,0.0002029185103068,0.0655687867978563,0.744738069547906,0.2297179975755858,0.3226759588743298,0.4795390312788146,0.3869585260674902,0.7122999315086683,0.3384193364242871,0.4399805827743853,0.572357103159748,0.5142012940582728,0.5506605763784594,0.1221470276265178,0.1282715225541673,0.1479051156907494,0.4534504804121283,0.4591042182441102,0.4313774227459992,0.75,39047
0,0,0.4866326999293595,-0.2896312917778125,0.0510803894426436,-0.8516609922317622,0.132484428370131,0.5715371617460968,0.0541864731373086,-0.1417806950288363,-0.4864685772839422,0.1846846336412927,-0.0009688720422725,0.4060468917952878,0.2341922650046989,0.5549974019961417,0.0140576463190273,0.3547591622186937,-0.4289470243255512,0.1273973104704045,0.0152293951960787,-0.4844704194330868,0.0027958011959606,0.1321402465769226,0.0524971529590221,0.998562894971431,0.1299663533732784,0.000840779142992,0.888698528424315,0.0002029185103068,0.0655687867978563,0.744738069547906,0.2297179975755858,0.3226759588743298,0.4795390312788146,0.3869585260674902,0.7122999315086683,0.3384193364242871,0.4399805827743853,0.572357103159748,0.5142012940582728,0.5506605763784594,0.1221470276265178,0.1282715225541673,0.1479051156907494,0.4534504804121283,0.4591042182441102,0.4313774227459992,0.75,39058
0,0,0.4866326999293595,-0.2896312917778125,0.0510803894426436,-0.8516609922317622,0.132484428370131,0.5715371617460968,0.0541864731373086,-0.1417806950288363,-0.4864685772839422,0.1846846336412927,-0.0009688720422725,0.4060468917952878,0.2341922650046989,0.5549974019961417,0.0140576463190273,0.3547591622186937,-0.4289470243255512,0.1273973104704045,0.0152293951960787,-0.4844704194330868,0.0027958011959606,0.1321402465769226,0.0524971529590221,0.998562894971431,0.1299663533732784,0.000840779142992,0.888698528424315,0.0002029185103068,0.0655687867978563,0.744738069547906,0.2297179975755858,0.3226759588743298,0.4795390312788146,0.3869585260674902,0.7122999315086683,0.3384193364242871,0.4399805827743853,0.572357103159748,0.5142012940582728,0.5506605763784594,0.1221470276265178,0.1282715225541673,0.1479051156907494,0.4534504804121283,0.4591042182441102,0.4313774227459992,0.75,39068
0,0,0.4866326999293595,-0.2896312917778125,0.0510803894426436,-0.8516609922317622,0.132484428370131,0.5715371617460968,0.0541864731373086,-0.1417806950288363,-0.4864685772839422,0.1846846336412927,-0.0009688720422725,0.4060468917952878,0.2341922650046989,0.5549974019961417,0.0140576463190273,0.3547591622186937,-0.4289470243255512,0.1273973104704045,0.0152293951960787,-0.4844704194330868,0.0027958011959606,0.1321402465769226,0.0524971529590221,0.998562894971431,0.1299663533732784,0.000840779142992,0.888698528424315,0.0002029185103068,0.0655687867978563,0.744738069547906,0.2297179975755858,0.3226759588743298,0.4795390312788146,0.3869585260674902,0.7122999315086683,0.3384193364242871,0.4399805827743853,0.572357103159748,0.5142012940582728,0.5506605763784594,0.1221470276265178,0.1282715225541673,0.1479051156907494,0.4534504804121283,0.4591042182441102,0.4313774227459992,0.75,39078
0,0,0.4866326999293595,-0.2896312917778125,0.0510803894426436,-0.8516609922317622,0.132484428370131,0.5715371617460968,0.0541864731373086,-0.1417806950288363,-0.4864685772839422,0.1846846336412927,-0.0009688720422725,0.4060468917952878,0.2341922650046989,0.5549974019961417,0.0140576463190273,0.3547591622186937,-0.4289470243255512,0.1273973104704045,0.0152293951960787,-0.4844704194330868,0.0027958011959606,0.1321402465769226,0.0524971529590221,0.998562894971431,0.1299663533732784,0.000840779142992,0.888698528424315,0.0002029185103068,0.0655687867978563,0.744738069547906,0.2297179975755858,0.3226759588743298,0.4795390312788146,0.3869585260674902,0.7122999315086683,0.3384193364242871,0.4399805827743853,0.572357103159748,0.5142012940582728,0.5506605763784594,0.1221470276265178,0.1282715225541673,0.1479051156907494,0.4534504804121283,0.4591042182441102,0.4313774227459992,0.75,39088
0,0,0.4866326999293595,-0.2896312917778125,0.0510803894426436,-0.8516609922317622,0.132484428370131,0.5715371617460968,0.0541864731373086,-0.1417806950288363,-0.4864685772839422,0.1846846336412927,-0.0009688720422725,0.4060468917952878,0.2341922650046989,0.5549974019961417,0.0140576463190273,0.3547591622186937,-0.4289470243255512,0.1273973104704045,0.0152293951960787,-0.4844704194330868,0.0027958011959606,0.1321402465769226,0.0524971529590221,0.998562894971431,0.1299663533732784,0.000840779142992,0.888698528424315,0.0002029185103068,0.0655687867978563,0.744738069547906,0.2297179975755858,0.3226759588743298,0.4795390312788146,0.3869585260674902,0.7122999315086683,0.3384193364242871,0.4399805827743853,0.572357103159748,0.5142012940582728,0.5506605763784594,0.1221470276265178,0.1282715225541673,0.1479051156907494,0.4534504804121283,0.4591042182441102,0.4313774227459992,0.75,39098
0,0,0.4866326999293595,-0.2896312917778125,0.0510803894426436,-0.8516609922317622,0.132484428370131,0.5715371617460968,0.0541864731373086,-0.1417806950288363,-0.4864685772839422,0.1846846336412927,-0.0009688720422725,0.4060468917952878,0.2341922650046989,0.5549974019961417,0.0140576463190273,0.3547591622186937,-0.4289470243255512,0.1273973104704045,0.0152293951960787,-0.4844704194330868,0.0027958011959606,0.1321402465769226,0.0524971529590221,0.998562894971431,0.1299663533732784,0.000840779142992,0.888698528424315,0.0002029185103068,0.0655687867978563,0.744738069547906,0.2297179975755858,0.3226759588743298,0.4795390312788146,0.3869585260674902,0.7122999315086683,0.3384193364242871,0.4399805827743853,0.572357103159748,0.5142012940582728,0.5506605763784594,0.1221470276265178,0.1282715225541673,0.1479051156907494,0.4534504804121283,0.4591042182441102,0.4313774227459992,0.75,39118
0,0,0.4866326999293595,-0.2896312917778125,0.0510803894426436,-0.8516609922317622,0.132484428370131,0.5715371617460968,0.0541864731373086,-0.1417806950288363,-0.4864685772839422,0.1846846336412927,-0.0009688720422725,0.4060468917952878,0.2341922650046989,0.5549974019961417,0.0140576463190273,0.3547591622186937,-0.4289470243255512,0.1273973104704045,0.0152293951960787,-0.4844704194330868,0.0027958011959606,0.1321402465769226,0.0524971529590221,0.998562894971431,0.1299663533732784,0.000840779142992,0.888698528424315,0.0002029185103068,0.0655687867978563,0.744738069547906,0.2297179975755858,0.3226759588743298,0.4795390312788146,0.3869585260674902,0.7122999315086683,0.3384193364242871,0.4399805827743853,0.572357103159748,0.5142012940582728,0.5506605763784594,0.1221470276265178,0.1282715225541673,0.1479051156907494,0.4534504804121283,0.4591042182441102,0.4313774227459992,0.75,39128
0,0,0.4866326999293595,-0.2896312917778125,0.0510803894426436,-0.8516609922317622,0.132484428370131,0.5715371617460968,0.0541864731373086,-0.1417806950288363,-0.4864685772839422,0.1846846336412927,-0.0009688720422725,0.4060468917952878,0.2341922650046989,0.5549974019961417,0.0140576463190273,0.3547591622186937,-0.4289470243255512,0.1273973104704045,0.0152293951960787,-0.4844704194330868,0.0027958011959606,0.1321402465769226,0.0524971529590221,0.998562894971431,0.1299663533732784,0.000840779142992,0.888698528424315,0.0002029185103068,0.0655687867978563,0.744738069547906,0.2297179975755858,0.3226759588743298,0.4795390312788146,0.3869585260674902,0.7122999315086683,0.3384193364242871,0.4399805827743853,0.572357103159748,0.5142012940582728,0.5506605763784594,0.1221470276265178,0.1282715225541673,0.1479051156907494,0.4534504804121283,0.4591042182441102,0.4313774227459992,0.75,39139
0,0,0.4866326999293595,-0.2896312917778125,0.0510803894426436,-0.8516609922317622,0.132484428370131,0.5715371617460968,0.0541864731373086,-0.1417806950288363,-0.4864685772839422,0.1846846336412927,-0.0009688720422725,0.4060468917952878,0.2341922650046989,0.5549974019961417,0.0140576463190273,0.3547591622186937,-0.4289470243255512,0.1273973104704045,0.0152293951960787,-0.4844704194330868,0.0027958011959606,0.1321402465769226,0.0524971529590221,0.998562894971431,0.1299663533732784,0.000840779142992,0.888698528424315,0.0002029185103068,0.0655687867978563,0.744738069547906,0.2297179975755858,0.3226759588743298,0.4795390312788146,0.3869585260674902,0.7122999315086683,0.3384193364242871,0.4399805827743853,0.572357103159748,0.5142012940582728,0.5506605763784594,0.1221470276265178,0.1282715225541673,0.1479051156907494,0.4534504804121283,0.4591042182441102,0.4313774227459992,0.75,39149
0,0,0.4866326999293595,-0.2896312917778125,0.0510803894426436,-0.8516609922317622,0.132484428370131,0.5715371617460968,0.0541864731373086,-0.1417806950288363,-0.4864685772839422,0.1846846336412927,-0.0009688720422725,0.4060468917952878,0.2341922650046989,0.5549974019961417,0.0140576463190273,0.3547591622186937,-0.4289470243255512,0.1273973104704045,0.0152293951960787,-0.4844704194330868,0.0027958011959606,0.1321402465769226,0.0524971529590221,0.998562894971431,0.1299663533732784,0.000840779142992,0.888698528424315,0.0002029185103068,0.0655687867978563,0.744738069547906,0.2297179975755858,0.3226759588743298,0.4795390312788146,0.3869585260674902,0.7122999315086683,0.3384193364242871,0.4399805827743853,0.572357103159748,0.5142012940582728,0.5506605763784594,0.1221470276265178,0.1282715225541673,0.1479051156907494,0.4534504804121283,0.4591042182441102,0.4313774227459992,0.75,39159
0,0,0.4866326999293595,-0.2896312917778125,0.0510803894426436,-0.8516609922317622,0.132484428370131,0.5715371617460968,0.0541864731373086,-0.1417806950288363,-0.4864685772839422,0.1846846336412927,-0.0009688720422725,0.4060468917952878,0.2341922650046989,0.5549974019961417,0.0140576463190273,0.3547591622186937,-0.4289470243255512,0.1273973104704045,0.0152293951960787,-0.4844704194330868,0.0027958011959606,0.1321402465769226,0.0524971529590221,0.998562894971431,0.1299663533732784,0.000840779142992,0.888698528424315,0.0002029185103068,0.0655687867978563,0.744738069547906,0.2297179975755858,0.3226759588743298,0.4795390312788146,0.3869585260674902,0.7122999315086683,0.3384193364242871,0.4399805827743853,0.572357103159748,0.5142012940582728,0.5506605763784594,0.1221470276265178,0.1282715225541673,0.1479051156907494,0.4534504804121283,0.4591042182441102,0.4313774227459992,0.75,39170
0,0,0.4866326999293595,-0.2896312917778125,0.0510803894426436,-0.8516609922317622,0.132484428370131,0.5715371617460968,0.0541864731373086,-0.1417806950288363,-0.4864685772839422,0.1846846336412927,-0.0009688720422725,0.4060468917952878,0.2341922650046989,0.5549974019961417,0.0140576463190273,0.3547591622186937,-0.4289470243255512,0.1273973104704045,0.0152293951960787,-0.4844704194330868,0.0027958011959606,0.1321402465769226,0.0524971529590221,0.998562894971431,0.1299663533732784,0.000840779142992,0.888698528424315,0.0002029185103068,0.0655687867978563,0.744738069547906,0.2297179975755858,0.3226759588743298,0.4795390312788146,0.3869585260674902,0.7122999315086683,0.3384193364242871,0.4399805827743853,0.572357103159748,0.5142012940582728,0.5506605763784594,0.1221470276265178,0.1282715225541673,0.1479051156907494,0.4534504804121283,0.4591042182441102,0.4313774227459992,0.75,39180
0,0,0.4866326999293595,-0.2896312917778125,0.0510803894426436,-0.8516609922317622,0.132484428370131,0.5715371617460968,0.0541864731373086,-0.1417806950288363,-0.4864685772839422,0.1846846336412927,-0.0009688720422725,0.4060468917952878,0.2341922650046989,0.5549974019961417,0.0140576463190273,0.3547591622186937,-0.4289470243255512,0.1273973104704045,0.0152293951960787,-0.4844704194330868,0.0027958011959606,0.1321402465769226,0.0524971529590221,0.998562894971431,0.1299663533732784,0.000840779142992,0.888698528424315,0.0002029185103068,0.0655687867978563,0.744738069547906,0.2297179975755858,0.3226759588743298,0.4795390312788146,0.3869585260674902,0.7122999315086683,0.3384193364242871,0.4399805827743853,0.572357103159748,0.5142012940582728,0.5506605763784594,0.1221470276265178,0.1282715225541673,0.1479051156907494,0.4534504804121283,0.4591042182441102,0.4313774227459992,0.75,39199
0,0,0.4866326999293595,-0.2896312917778125,0.0510803894426436,-0.8516609922317622,0.132484428370131,0.5715371617460968,0.0541864731373086,-0.1417806950288363,-0.4864685772839422,0.1846846336412927,-0.0009688720422725,0.4060468917952878,0.2341922650046989,0.5549974019961417,0.0140576463190273,0.3547591622186937,-0.4289470243255512,0.1273973104704045,0.0152293951960787,-0.4844704194330868,0.0027958011959606,0.1321402465769226,0.0524971529590221,0.998562894971431,0.1299663533732784,0.000840779142992,0.888698528424315,0.0002029185103068,0.0655687867978563,0.744738069547906,0.2297179975755858,0.3226759588743298,0.4795390312788146,0.3869585260674902,0.7122999315086683,0.3384193364242871,0.4399805827743853,0.572357103159748,0.5142012940582728,0.5506605763784594,0.1221470276265178,0.1282715225541673,0.1479051156907494,0.4534504804121283,0.4591042182441102,0.4313774227459992,0.75,39209
0,0,0.4866326999293595,-0.2896312917778125,0.0510803894426436,-0.8516609922317622,0.132484428370131,0.5715371617460968,0.0541864731373086,-0.1417806950288363,-0.4864685772839422,0.1846846336412927,-0.0009688720422725,0.4060468917952878,0.2341922650046989,0.5549974019961417,0.0140576463190273,0.3547591622186937,-0.4289470243255512,0.1273973104704045,0.0152293951960787,-0.4844704194330868,0.0027958011959606,0.1321402465769226,0.0524971529590221,0.998562894971431,0.1299663533732784,0.000840779142992,0.888698528424315,0.0002029185103068,0.0655687867978563,0.744738069547906,0.2297179975755858,0.3226759588743298,0.4795390312788146,0.3869585260674902,0.7122999315086683,0.3384193364242871,0.4399805827743853,0.572357103159748,0.5142012940582728,0.5506605763784594,0.1221470276265178,0.1282715225541673,0.1479051156907494,0.4534504804121283,0.4591042182441102,0.4313774227459992,0.75,39219
0,0,0.4866326999293595,-0.2896312917778125,0.0510803894426436,-0.8516609922317622,0.132484428370131,0.5715371617460968,0.0541864731373086,-0.1417806950288363,-0.4864685772839422,0.1846846336412927,-0.0009688720422725,0.4060468917952878,0.2341922650046989,0.5549974019961417,0.0140576463190273,0.3547591622186937,-0.4289470243255512,0.1273973104704045,0.0152293951960787,-0.4844704194330868,0.0027958011959606,0.1321402465769226,0.0524971529590221,0.998562894971431,0.1299663533732784,0.000840779142992,0.888698528424315,0.0002029185103068,0.0655687867978563,0.744738069547906,0.2297179975755858,0.3226759588743298,0.4795390312788146,0.3869585260674902,0.7122999315086683,0.3384193364242871,0.4399805827743853,0.572357103159748,0.5142012940582728,0.5506605763784594,0.1221470276265178,0.1282715225541673,0.1479051156907494,0.4534504804121283,0.4591042182441102,0.4313774227459992,0.75,39237
0,0,0.4866326999293595,-0.2896312917778125,0.0510803894426436,-0.8516609922317622,0.132484428370131,0.5715371617460968,0.0541864731373086,-0.1417806950288363,-0.4864685772839422,0.1846846336412927,-0.0009688720422725,0.4060468917952878,0.2341922650046989,0.5549974019961417,0.0140576463190273,0.3547591622186937,-0.4289470243255512,0.1273973104704045,0.0152293951960787,-0.4844704194330868,0.0027958011959606,0.1321402465769226,0.0524971529590221,0.998562894971431,0.1299663533732784,0.000840779142992,0.888698528424315,0.0002029185103068,0.0655687867978563,0.744738069547906,0.2297179975755858,0.3226759588743298,0.4795390312788146,0.3869585260674902,0.7122999315086683,0.3384193364242871,0.4399805827743853,0.572357103159748,0.5142012940582728,0.5506605763784594,0.1221470276265178,0.1282715225541673,0.1479051156907494,0.4534504804121283,0.4591042182441102,0.4313774227459992,0.75,39247
0,0,0.4866326999293595,-0.2896312917778125,0.0510803894426436,-0.8516609922317622,0.132484428370131,0.5715371617460968,0.0541864731373086,-0.1417806950288363,-0.4864685772839422,0.1846846336412927,-0.0009688720422725,0.4060468917952878,0.2341922650046989,0.5549974019961417,0.0140576463190273,0.3547591622186937,-0.4289470243255512,0.1273973104704045,0.0152293951960787,-0.4844704194330868,0.0027958011959606,0.1321402465769226,0.0524971529590221,0.998562894971431,0.1299663533732784,0.000840779142992,0.888698528424315,0.0002029185103068,0.0655687867978563,0.744738069547906,0.2297179975755858,0.3226759588743298,0.4795390312788146,0.3869585260674902,0.7122999315086683,0.3384193364242871,0.4399805827743853,0.572357103159748,0.5142012940582728,0.5506605763784594,0.1221470276265178,0.1282715225541673,0.1479051156907494,0.4534504804121283,0.4591042182441102,0.4313774227459992,0.75,39257
0,0,0.4866326999293595,-0.2896312917778125,0.0510803894426436,-0.8516609922317622,0.132484428370131,0.5715371617460968,0.0541864731373086,-0.1417806950288363,-0.4864685772839422,0.1846846336412927,-0.0009688720422725,0.4060468917952878,0.2341922650046989,0.5549974019961417,0.0140576463190273,0.3547591622186937,-0.4289470243255512,0.1273973104704045,0.0152293951960787,-0.4844704194330868,0.0027958011959606,0.1321402465769226,0.0524971529590221,0.998562894971431,0.1299663533732784,0.000840779142992,0.888698528424315,0.0002029185103068,0.0655687867978563,0.744738069547906,0.2297179975755858,0.3226759588743298,0.4795390312788146,0.3869585260674902,0.7122999315086683,0.3384193364242871,0.4399805827743853,0.572357103159748,0.5142012940582728,0.5506605763784594,0.1221470276265178,0.1282715225541673,0.1479051156907494,0.4534504804121283,0.4591042182441102,0.4313774227459992,0.75,39275
0,0,0.4866326999293595,-0.2896312917778125,0.0510803894426436,-0.8516609922317622,0.132484428370131,0.5715371617460968,0.0541864731373086,-0.1417806950288363,-0.4864685772839422,0.1846846336412927,-0.0009688720422725,0.4060468917952878,0.2341922650046989,0.5549974019961417,0.0140576463190273,0.3547591622186937,-0.4289470243255512,0.1273973104704045,0.0152293951960787,-0.4844704194330868,0.0027958011959606,0.1321402465769226,0.0524971529590221,0.998562894971431,0.1299663533732784,0.000840779142992,0.888698528424315,0.0002029185103068,0.0655687867978563,0.744738069547906,0.2297179975755858,0.3226759588743298,0.4795390312788146,0.3869585260674902,0.7122999315086683,0.3384193364242871,0.4399805827743853,0.572357103159748,0.5142012940582728,0.5506605763784594,0.1221470276265178,0.1282715225541673,0.1479051156907494,0.4534504804121283,0.4591042182441102,0.4313774227459992,0.75,39285
0,0,0.4866326999293595,-0.2896312917778125,0.0510803894426436,-0.8516609922317622,0.132484428370131,0.5715371617460968,0.0541864731373086,-0.1417806950288363,-0.4864685772839422,0.1846846336412927,-0.0009688720422725,0.4060468917952878,0.2341922650046989,0.5549974019961417,0.0140576463190273,0.3547591622186937,-0.4289470243255512,0.1273973104704045,0.0152293951960787,-0.4844704194330868,0.0027958011959606,0.1321402465769226,0.0524971529590221,0.998562894971431,0.1299663533732784,0.000840779142992,0.888698528424315,0.0002029185103068,0.0655687867978563,0.744738069547906,0.2297179975755858,0.3226759588743298,0.4795390312788146,0.3869585260674902,0.7122999315086683,0.3384193364242871,0.4399805827743853,0.572357103159748,0.5142012940582728,0.5506605763784594,0.1221470276265178,0.1282715225541673,0.1479051156907494,0.4534504804121283,0.4591042182441102,0.4313774227459992,0.75,39295
0,0,0.4866326999293595,-0.2896312917778125,0.0510803894426436,-0.8516609922317622,0.132484428370131,0.5715371617460968,0.0541864731373086,-0.1417806950288363,-0.4864685772839422,0.1846846336412927,-0.0009688720422725,0.4060468917952878,0.2341922650046989,0.5549974019961417,0.0140576463190273,0.3547591622186937,-0.4289470243255512,0.1273973104704045,0.0152293951960787,-0.4844704194330868,0.0027958011959606,0.1321402465769226,0.0524971529590221,0.998562894971431,0.1299663533732784,0.000840779142992,0.888698528424315,0.0002029185103068,0.0655687867978563,0.744738069547906,0.2297179975755858,0.3226759588743298,0.4795390312788146,0.3869585260674902,0.7122999315086683,0.3384193364242871,0.4399805827743853,0.572357103159748,0.5142012940582728,0.5506605763784594,0.1221470276265178,0.1282715225541673,0.1479051156907494,0.4534504804121283,0.4591042182441102,0.4313774227459992,0.75,39305
0,0,0.4866326999293595,-0.2896312917778125,0.0510803894426436,-0.8516609922317622,0.132484428370131,0.5715371617460968,0.0541864731373086,-0.1417806950288363,-0.4864685772839422,0.1846846336412927,-0.0009688720422725,0.4060468917952878,0.2341922650046989,0.5549974019961417,0.0140576463190273,0.3547591622186937,-0.4289470243255512,0.1273973104704045,0.0152293951960787,-0.4844704194330868,0.0027958011959606,0.1321402465769226,0.0524971529590221,0.998562894971431,0.1299663533732784,0.000840779142992,0.888698528424315,0.0002029185103068,0.0655687867978563,0.744738069547906,0.2297179975755858,0.3226759588743298,0.4795390312788146,0.3869585260674902,0.7122999315086683,0.3384193364242871,0.4399805827743853,0.572357103159748,0.5142012940582728,0.5506605763784594,0.1221470276265178,0.1282715225541673,0.1479051156907494,0.4534504804121283,0.4591042182441102,0.4313774227459992,0.75,39315
0,0,0.4866326999293595,-0.2896312917778125,0.0510803894426436,-0.8516609922317622,0.132484428370131,0.5715371617460968,0.0541864731373086,-0.1417806950288363,-0.4864685772839422,0.1846846336412927,-0.0009688720422725,0.4060468917952878,0.2341922650046989,0.5549974019961417,0.0140576463190273,0.3547591622186937,-0.4289470243255512,0.1273973104704045,0.0152293951960787,-0.4844704194330868,0.0027958011959606,0.1321402465769226,0.0524971529590221,0.998562894971431,0.1299663533732784,0.000840779142992,0.888698528424315,0.0002029185103068,0.0655687867978563,0.744738069547906,0.2297179975755858,0.3226759588743298,0.4795390312788146,0.3869585260674902,0.7122999315086683,0.3384193364242871,0.4399805827743853,0.572357103159748,0.5142012940582728,0.5506605763784594,0.1221470276265178,0.1282715225541673,0.1479051156907494,0.4534504804121283,0.4591042182441102,0.4313774227459992,0.75,39325
0,0,0.4866326999293595,-0.2896312917778125,0.0510803894426436,-0.8516609922317622,0.132484428370131,0.5715371617460968,0.0541864731373086,-0.1417806950288363,-0.4864685772839422,0.1846846336412927,-0.0009688720422725,0.4060468917952878,0.2341922650046989,0.5549974019961417,0.0140576463190273,0.3547591622186937,-0.4289470243255512,0.1273973104704045,0.0152293951960787,-0.4844704194330868,0.0027958011959606,0.1321402465769226,0.0524971529590221,0.998562894971431,0.1299663533732784,0.000840779142992,0.888698528424315,0.0002029185103068,0.0655687867978563,0.744738069547906,0.2297179975755858,0.3226759588743298,0.4795390312788146,0.3869585260674902,0.7122999315086683,0.3384193364242871,0.4399805827743853,0.572357103159748,0.5142012940582728,0.5506605763784594,0.1221470276265178,0.1282715225541673,0.1479051156907494,0.4534504804121283,0.4591042182441102,0.4313774227459992,0.75,39336
0,0,0.4866326999293595,-0.2896312917778125,0.0510803894426436,-0.8516609922317622,0.132484428370131,0.5715371617460968,0.0541864731373086,-0.1417806950288363,-0.4864685772839422,0.1846846336412927,-0.0009688720422725,0.4060468917952878,0.2341922650046989,0.5549974019961417,0.0140576463190273,0.3547591622186937,-0.4289470243255512,0.1273973104704045,0.0152293951960787,-0.4844704194330868,0.0027958011959606,0.1321402465769226,0.0524971529590221,0.998562894971431,0.1299663533732784,0.000840779142992,0.888698528424315,0.0002029185103068,0.0655687867978563,0.744738069547906,0.2297179975755858,0.3226759588743298,0.4795390312788146,0.3869585260674902,0.7122999315086683,0.3384193364242871,0.4399805827743853,0.572357103159748,0.5142012940582728,0.5506605763784594,0.1221470276265178,0.1282715225541673,0.1479051156907494,0.4534504804121283,0.4591042182441102,0.4313774227459992,0.75,39347
0,0,0.4866326999293595,-0.2896312917778125,0.0510803894426436,-0.8516609922317622,0.132484428370131,0.5715371617460968,0.0541864731373086,-0.1417806950288363,-0.4864685772839422,0.1846846336412927,-0.0009688720422725,0.4060468917952878,0.2341922650046989,0.5549974019961417,0.0140576463190273,0.3547591622186937,-0.4289470243255512,0.1273973104704045,0.0152293951960787,-0.4844704194330868,0.0027958011959606,0.1321402465769226,0.0524971529590221,0.998562894971431,0.1299663533732784,0.000840779142992,0.888698528424315,0.0002029185103068,0.0655687867978563,0.744738069547906,0.2297179975755858,0.3226759588743298,0.4795390312788146,0.3869585260674902,0.7122999315086683,0.3384193364242871,0.4399805827743853,0.572357103159748,0.5142012940582728,0.5506605763784594,0.1221470276265178,0.1282715225541673,0.1479051156907494,0.4534504804121283,0.4591042182441102,0.4313774227459992,0.75,39357
0,0,0.4866326999293595,-0.2896312917778125,0.0510803894426436,-0.8516609922317622,0.132484428370131,0.5715371617460968,0.0541864731373086,-0.1417806950288363,-0.4864685772839422,0.1846846336412927,-0.0009688720422725,0.4060468917952878,0.2341922650046989,0.5549974019961417,0.0140576463190273,0.3547591622186937,-0.4289470243255512,0.1273973104704045,0.0152293951960787,-0.4844704194330868,0.0027958011959606,0.1321402465769226,0.0524971529590221,0.998562894971431,0.1299663533732784,0.000840779142992,0.888698528424315,0.0002029185103068,0.0655687867978563,0.744738069547906,0.2297179975755858,0.3226759588743298,0.4795390312788146,0.3869585260674902,0.7122999315086683,0.3384193364242871,0.4399805827743853,0.572357103159748,0.5142012940582728,0.5506605763784594,0.1221470276265178,0.1282715225541673,0.1479051156907494,0.4534504804121283,0.4591042182441102,0.4313774227459992,0.75,39377
0,0,0.4866326999293595,-0.2896312917778125,0.0510803894426436,-0.8516609922317622,0.132484428370131,0.5715371617460968,0.0541864731373086,-0.1417806950288363,-0.4864685772839422,0.1846846336412927,-0.0009688720422725,0.4060468917952878,0.2341922650046989,0.5549974019961417,0.0140576463190273,0.3547591622186937,-0.4289470243255512,0.1273973104704045,0.0152293951960787,-0.4844704194330868,0.0027958011959606,0.1321402465769226,0.0524971529590221,0.998562894971431,0.1299663533732784,0.000840779142992,0.888698528424315,0.0002029185103068,0.0655687867978563,0.744738069547906,0.2297179975755858,0.3226759588743298,0.4795390312788146,0.3869585260674902,0.7122999315086683,0.3384193364242871,0.4399805827743853,0.572357103159748,0.5142012940582728,0.5506605763784594,0.1221470276265178,0.1282715225541673,0.1479051156907494,0.4534504804121283,0.4591042182441102,0.4313774227459992,0.75,39388
0,0,0.4866326999293595,-0.2896312917778125,0.0510803894426436,-0.8516609922317622,0.132484428370131,0.5715371617460968,0.0541864731373086,-0.1417806950288363,-0.4864685772839422,0.1846846336412927,-0.0009688720422725,0.4060468917952878,0.2341922650046989,0.5549974019961417,0.0140576463190273,0.3547591622186937,-0.4289470243255512,0.1273973104704045,0.0152293951960787,-0.4844704194330868,0.0027958011959606,0.1321402465769226,0.0524971529590221,0.998562894971431,0.1299663533732784,0.000840779142992,0.888698528424315,0.0002029185103068,0.0655687867978563,0.744738069547906,0.2297179975755858,0.3226759588743298,0.4795390312788146,0.3869585260674902,0.7122999315086683,0.3384193364242871,0.4399805827743853,0.572357103159748,0.5142012940582728,0.5506605763784594,0.1221470276265178,0.1282715225541673,0.1479051156907494,0.4534504804121283,0.4591042182441102,0.4313774227459992,0.75,39398
0,0,0.4866326999293595,-0.2896312917778125,0.0510803894426436,-0.8516609922317622,0.132484428370131,0.5715371617460968,0.0541864731373086,-0.1417806950288363,-0.4864685772839422,0.1846846336412927,-0.0009688720422725,0.4060468917952878,0.2341922650046989,0.5549974019961417,0.0140576463190273,0.3547591622186937,-0.4289470243255512,0.1273973104704045,0.0152293951960787,-0.4844704194330868,0.0027958011959606,0.1321402465769226,0.0524971529590221,0.998562894971431,0.1299663533732784,0.000840779142992,0.888698528424315,0.0002029185103068,0.0655687867978563,0.744738069547906,0.2297179975755858,0.3226759588743298,0.4795390312788146,0.3869585260674902,0.7122999315086683,0.3384193364242871,0.4399805827743853,0.572357103159748,0.5142012940582728,0.5506605763784594,0.1221470276265178,0.1282715225541673,0.1479051156907494,0.4534504804121283,0.4591042182441102,0.4313774227459992,0.75,39417
0,0,0.4866326999293595,-0.2896312917778125,0.0510803894426436,-0.8516609922317622,0.132484428370131,0.5715371617460968,0.0541864731373086,-0.1417806950288363,-0.4864685772839422,0.1846846336412927,-0.0009688720422725,0.4060468917952878,0.2341922650046989,0.5549974019961417,0.0140576463190273,0.3547591622186937,-0.4289470243255512,0.1273973104704045,0.0152293951960787,-0.4844704194330868,0.0027958011959606,0.1321402465769226,0.0524971529590221,0.998562894971431,0.1299663533732784,0.000840779142992,0.888698528424315,0.0002029185103068,0.0655687867978563,0.744738069547906,0.2297179975755858,0.3226759588743298,0.4795390312788146,0.3869585260674902,0.7122999315086683,0.3384193364242871,0.4399805827743853,0.572357103159748,0.5142012940582728,0.5506605763784594,0.1221470276265178,0.1282715225541673,0.1479051156907494,0.4534504804121283,0.4591042182441102,0.4313774227459992,0.75,39437
0,0,0.4866326999293595,-0.2896312917778125,0.0510803894426436,-0.8516609922317622,0.132484428370131,0.5715371617460968,0.0541864731373086,-0.1417806950288363,-0.4864685772839422,0.1846846336412927,-0.0009688720422725,0.4060468917952878,0.2341922650046989,0.5549974019961417,0.0140576463190273,0.3547591622186937,-0.4289470243255512,0.1273973104704045,0.0152293951960787,-0.4844704194330868,0.0027958011959606,0.1321402465769226,0.0524971529590221,0.998562894971431,0.1299663533732784,0.000840779142992,0.888698528424315,0.0002029185103068,0.0655687867978563,0.744738069547906,0.2297179975755858,0.3226759588743298,0.4795390312788146,0.3869585260674902,0.7122999315086683,0.3384193364242871,0.4399805827743853,0.572357103159748,0.5142012940582728,0.5506605763784594,0.1221470276265178,0.1282715225541673,0.1479051156907494,0.4534504804121283,0.4591042182441102,0.4313774227459992,0.75,39447
0,0,0.4866326999293595,-0.2896312917778125,0.0510803894426436,-0.8516609922317622,0.132484428370131,0.5715371617460968,0.0541864731373086,-0.1417806950288363,-0.4864685772839422,0.1846846336412927,-0.0009688720422725,0.4060468917952878,0.2341922650046989,0.5549974019961417,0.0140576463190273,0.3547591622186937,-0.4289470243255512,0.1273973104704045,0.0152293951960787,-0.4844704194330868,0.0027958011959606,0.1321402465769226,0.0524971529590221,0.998562894971431,0.1299663533732784,0.000840779142992,0.888698528424315,0.0002029185103068,0.0655687867978563,0.744738069547906,0.2297179975755858,0.3226759588743298,0.4795390312788146,0.3869585260674902,0.7122999315086683,0.3384193364242871,0.4399805827743853,0.572357103159748,0.5142012940582728,0.5506605763784594,0.1221470276265178,0.1282715225541673,0.1479051156907494,0.4534504804121283,0.4591042182441102,0.4313774227459992,0.75,39457
0,0,0.4866326999293595,-0.2896312917778125,0.0510803894426436,-0.8516609922317622,0.132484428370131,0.5715371617460968,0.0541864731373086,-0.1417806950288363,-0.4864685772839422,0.1846846336412927,-0.0009688720422725,0.4060468917952878,0.2341922650046989,0.5549974019961417,0.0140576463190273,0.3547591622186937,-0.4289470243255512,0.1273973104704045,0.0152293951960787,-0.4844704194330868,0.0027958011959606,0.1321402465769226,0.0524971529590221,0.998562894971431,0.1299663533732784,0.000840779142992,0.888698528424315,0.0002029185103068,0.0655687867978563,0.744738069547906,0.2297179975755858,0.3226759588743298,0.4795390312788146,0.3869585260674902,0.7122999315086683,0.3384193364242871,0.4399805827743853,0.572357103159748,0.5142012940582728,0.5506605763784594,0.1221470276265178,0.1282715225541673,0.1479051156907494,0.4534504804121283,0.4591042182441102,0.4313774227459992,0.75,39467
0,0,0.4866326999293595,-0.2896312917778125,0.0510803894426436,-0.8516609922317622,0.132484428370131,0.5715371617460968,0.0541864731373086,-0.1417806950288363,-0.4864685772839422,0.1846846336412927,-0.0009688720422725,0.4060468917952878,0.2341922650046989,0.5549974019961417,0.0140576463190273,0.3547591622186937,-0.4289470243255512,0.1273973104704045,0.0152293951960787,-0.4844704194330868,0.0027958011959606,0.1321402465769226,0.0524971529590221,0.998562894971431,0.1299663533732784,0.000840779142992,0.888698528424315,0.0002029185103068,0.0655687867978563,0.744738069547906,0.2297179975755858,0.3226759588743298,0.4795390312788146,0.3869585260674902,0.7122999315086683,0.3384193364242871,0.4399805827743853,0.572357103159748,0.5142012940582728,0.5506605763784594,0.1221470276265178,0.1282715225541673,0.1479051156907494,0.4534504804121283,0.4591042182441102,0.4313774227459992,0.75,39477
0,0,0.4866326999293595,-0.2896312917778125,0.0510803894426436,-0.8516609922317622,0.132484428370131,0.5715371617460968,0.0541864731373086,-0.1417806950288363,-0.4864685772839422,0.1846846336412927,-0.0009688720422725,0.4060468917952878,0.2341922650046989,0.5549974019961417,0.0140576463190273,0.3547591622186937,-0.4289470243255512,0.1273973104704045,0.0152293951960787,-0.4844704194330868,0.0027958011959606,0.1321402465769226,0.0524971529590221,0.998562894971431,0.1299663533732784,0.000840779142992,0.888698528424315,0.0002029185103068,0.0655687867978563,0.744738069547906,0.2297179975755858,0.3226759588743298,0.4795390312788146,0.3869585260674902,0.7122999315086683,0.3384193364242871,0.4399805827743853,0.572357103159748,0.5142012940582728,0.5506605763784594,0.1221470276265178,0.1282715225541673,0.1479051156907494,0.4534504804121283,0.4591042182441102,0.4313774227459992,0.75,39496
0,0,0.4866326999293595,-0.2896312917778125,0.0510803894426436,-0.8516609922317622,0.132484428370131,0.5715371617460968,0.0541864731373086,-0.1417806950288363,-0.4864685772839422,0.1846846336412927,-0.0009688720422725,0.4060468917952878,0.2341922650046989,0.5549974019961417,0.0140576463190273,0.3547591622186937,-0.4289470243255512,0.1273973104704045,0.0152293951960787,-0.4844704194330868,0.0027958011959606,0.1321402465769226,0.0524971529590221,0.998562894971431,0.1299663533732784,0.000840779142992,0.888698528424315,0.0002029185103068,0.0655687867978563,0.744738069547906,0.2297179975755858,0.3226759588743298,0.4795390312788146,0.3869585260674902,0.7122999315086683,0.3384193364242871,0.4399805827743853,0.572357103159748,0.5142012940582728,0.5506605763784594,0.1221470276265178,0.1282715225541673,0.1479051156907494,0.4534504804121283,0.4591042182441102,0.4313774227459992,0.75,39507
0,0,0.4866326999293595,-0.2896312917778125,0.0510803894426436,-0.8516609922317622,0.132484428370131,0.5715371617460968,0.0541864731373086,-0.1417806950288363,-0.4864685772839422,0.1846846336412927,-0.0009688720422725,0.4060468917952878,0.2341922650046989,0.5549974019961417,0.0140576463190273,0.3547591622186937,-0.4289470243255512,0.1273973104704045,0.0152293951960787,-0.4844704194330868,0.0027958011959606,0.1321402465769226,0.0524971529590221,0.998562894971431,0.1299663533732784,0.000840779142992,0.888698528424315,0.0002029185103068,0.0655687867978563,0.744738069547906,0.2297179975755858,0.3226759588743298,0.4795390312788146,0.3869585260674902,0.7122999315086683,0.3384193364242871,0.4399805827743853,0.572357103159748,0.5142012940582728,0.5506605763784594,0.1221470276265178,0.1282715225541673,0.1479051156907494,0.4534504804121283,0.4591042182441102,0.4313774227459992,0.75,39517
0,0,0.4866326999293595,-0.2896312917778125,0.0510803894426436,-0.8516609922317622,0.132484428370131,0.5715371617460968,0.0541864731373086,-0.1417806950288363,-0.4864685772839422,0.1846846336412927,-0.0009688720422725,0.4060468917952878,0.2341922650046989,0.5549974019961417,0.0140576463190273,0.3547591622186937,-0.4289470243255512,0.1273973104704045,0.0152293951960787,-0.4844704194330868,0.0027958011959606,0.1321402465769226,0.0524971529590221,0.998562894971431,0.1299663533732784,0.000840779142992,0.888698528424315,0.0002029185103068,0.0655687867978563,0.744738069547906,0.2297179975755858,0.3226759588743298,0.4795390312788146,0.3869585260674902,0.7122999315086683,0.3384193364242871,0.4399805827743853,0.572357103159748,0.5142012940582728,0.5506605763784594,0.1221470276265178,0.1282715225541673,0.1479051156907494,0.4534504804121283,0.4591042182441102,0.4313774227459992,0.75,39536
0,0,0.4866326999293595,-0.2896312917778125,0.0510803894426436,-0.8516609922317622,0.132484428370131,0.5715371617460968,0.0541864731373086,-0.1417806950288363,-0.4864685772839422,0.1846846336412927,-0.0009688720422725,0.4060468917952878,0.2341922650046989,0.5549974019961417,0.0140576463190273,0.3547591622186937,-0.4289470243255512,0.1273973104704045,0.0152293951960787,-0.4844704194330868,0.0027958011959606,0.1321402465769226,0.0524971529590221,0.998562894971431,0.1299663533732784,0.000840779142992,0.888698528424315,0.0002029185103068,0.0655687867978563,0.744738069547906,0.2297179975755858,0.3226759588743298,0.4795390312788146,0.3869585260674902,0.7122999315086683,0.3384193364242871,0.4399805827743853,0.572357103159748,0.5142012940582728,0.5506605763784594,0.1221470276265178,0.1282715225541673,0.1479051156907494,0.4534504804121283,0.4591042182441102,0.4313774227459992,0.75,39547
0,0,0.4866326999293595,-0.2896312917778125,0.0510803894426436,-0.8516609922317622,0.132484428370131,0.5715371617460968,0.0541864731373086,-0.1417806950288363,-0.4864685772839422,0.1846846336412927,-0.0009688720422725,0.4060468917952878,0.2341922650046989,0.5549974019961417,0.0140576463190273,0.3547591622186937,-0.4289470243255512,0.1273973104704045,0.0152293951960787,-0.4844704194330868,0.0027958011959606,0.1321402465769226,0.0524971529590221,0.998562894971431,0.1299663533732784,0.000840779142992,0.888698528424315,0.0002029185103068,0.0655687867978563,0.744738069547906,0.2297179975755858,0.3226759588743298,0.4795390312788146,0.3869585260674902,0.7122999315086683,0.3384193364242871,0.4399805827743853,0.572357103159748,0.5142012940582728,0.5506605763784594,0.1221470276265178,0.1282715225541673,0.1479051156907494,0.4534504804121283,0.4591042182441102,0.4313774227459992,0.75,39558
0,0,0.4866326999293595,-0.2896312917778125,0.0510803894426436,-0.8516609922317622,0.132484428370131,0.5715371617460968,0.0541864731373086,-0.1417806950288363,-0.4864685772839422,0.1846846336412927,-0.0009688720422725,0.4060468917952878,0.2341922650046989,0.5549974019961417,0.0140576463190273,0.3547591622186937,-0.4289470243255512,0.1273973104704045,0.0152293951960787,-0.4844704194330868,0.0027958011959606,0.1321402465769226,0.0524971529590221,0.998562894971431,0.1299663533732784,0.000840779142992,0.888698528424315,0.0002029185103068,0.0655687867978563,0.744738069547906,0.2297179975755858,0.3226759588743298,0.4795390312788146,0.3869585260674902,0.7122999315086683,0.3384193364242871,0.4399805827743853,0.572357103159748,0.5142012940582728,0.5506605763784594,0.1221470276265178,0.1282715225541673,0.1479051156907494,0.4534504804121283,0.4591042182441102,0.4313774227459992,0.75,39568
0,0,0.4866326999293595,-0.2896312917778125,0.0510803894426436,-0.8516609922317622,0.132484428370131,0.5715371617460968,0.0541864731373086,-0.1417806950288363,-0.4864685772839422,0.1846846336412927,-0.0009688720422725,0.4060468917952878,0.2341922650046989,0.5549974019961417,0.0140576463190273,0.3547591622186937,-0.4289470243255512,0.1273973104704045,0.0152293951960787,-0.4844704194330868,0.0027958011959606,0.1321402465769226,0.0524971529590221,0.998562894971431,0.1299663533732784,0.000840779142992,0.888698528424315,0.0002029185103068,0.0655687867978563,0.744738069547906,0.2297179975755858,0.3226759588743298,0.4795390312788146,0.3869585260674902,0.7122999315086683,0.3384193364242871,0.4399805827743853,0.572357103159748,0.5142012940582728,0.5506605763784594,0.1221470276265178,0.1282715225541673,0.1479051156907494,0.4534504804121283,0.4591042182441102,0.4313774227459992,0.75,39579
0,0,0.4866326999293595,-0.2896312917778125,0.0510803894426436,-0.8516609922317622,0.132484428370131,0.5715371617460968,0.0541864731373086,-0.1417806950288363,-0.4864685772839422,0.1846846336412927,-0.0009688720422725,0.4060468917952878,0.2341922650046989,0.5549974019961417,0.0140576463190273,0.3547591622186937,-0.4289470243255512,0.1273973104704045,0.0152293951960787,-0.4844704194330868,0.0027958011959606,0.1321402465769226,0.0524971529590221,0.998562894971431,0.1299663533732784,0.000840779142992,0.888698528424315,0.0002029185103068,0.0655687867978563,0.744738069547906,0.2297179975755858,0.3226759588743298,0.4795390312788146,0.3869585260674902,0.7122999315086683,0.3384193364242871,0.4399805827743853,0.572357103159748,0.5142012940582728,0.5506605763784594,0.1221470276265178,0.1282715225541673,0.1479051156907494,0.4534504804121283,0.4591042182441102,0.4313774227459992,0.75,39590
0,0,0.4866326999293595,-0.2896312917778125,0.0510803894426436,-0.8516609922317622,0.132484428370131,0.5715371617460968,0.0541864731373086,-0.1417806950288363,-0.4864685772839422,0.1846846336412927,-0.0009688720422725,0.4060468917952878,0.2341922650046989,0.5549974019961417,0.0140576463190273,0.3547591622186937,-0.4289470243255512,0.1273973104704045,0.0152293951960787,-0.4844704194330868,0.0027958011959606,0.1321402465769226,0.0524971529590221,0.998562894971431,0.1299663533732784,0.000840779142992,0.888698528424315,0.0002029185103068,0.0655687867978563,0.744738069547906,0.2297179975755858,0.3226759588743298,0.4795390312788146,0.3869585260674902,0.7122999315086683,0.3384193364242871,0.4399805827743853,0.572357103159748,0.5142012940582728,0.5506605763784594,0.1221470276265178,0.1282715225541673,0.1479051156907494,0.4534504804121283,0.4591042182441102,0.4313774227459992,0.75,39609
0,0,0.4866326999293595,-0.2896312917778125,0.0510803894426436,-0.8516609922317622,0.132484428370131,0.5715371617460968,0.0541864731373086,-0.1417806950288363,-0.4864685772839422,0.1846846336412927,-0.0009688720422725,0.4060468917952878,0.2341922650046989,0.5549974019961417,0.0140576463190273,0.3547591622186937,-0.4289470243255512,0.1273973104704045,0.0152293951960787,-0.4844704194330868,0.0027958011959606,0.1321402465769226,0.0524971529590221,0.998562894971431,0.1299663533732784,0.000840779142992,0.888698528424315,0.0002029185103068,0.0655687867978563,0.744738069547906,0.2297179975755858,0.3226759588743298,0.4795390312788146,0.3869585260674902,0.7122999315086683,0.3384193364242871,0.4399805827743853,0.572357103159748,0.5142012940582728,0.5506605763784594,0.1221470276265178,0.1282715225541673,0.1479051156907494,0.4534504804121283,0.4591042182441102,0.4313774227459992,0.75,39619
0,0,0.4866326999293595,-0.2896312917778125,0.0510803894426436,-0.8516609922317622,0.132484428370131,0.5715371617460968,0.0541864731373086,-0.1417806950288363,-0.4864685772839422,0.1846846336412927,-0.0009688720422725,0.4060468917952878,0.2341922650046989,0.5549974019961417,0.0140576463190273,0.3547591622186937,-0.4289470243255512,0.1273973104704045,0.0152293951960787,-0.4844704194330868,0.0027958011959606,0.1321402465769226,0.0524971529590221,0.998562894971431,0.1299663533732784,0.000840779142992,0.888698528424315,0.0002029185103068,0.0655687867978563,0.744738069547906,0.2297179975755858,0.3226759588743298,0.4795390312788146,0.3869585260674902,0.7122999315086683,0.3384193364242871,0.4399805827743853,0.572357103159748,0.5142012940582728,0.5506605763784594,0.1221470276265178,0.1282715225541673,0.1479051156907494,0.4534504804121283,0.4591042182441102,0.4313774227459992,0.75,39629
0,0,0.4866326999293595,-0.2896312917778125,0.0510803894426436,-0.8516609922317622,0.132484428370131,0.5715371617460968,0.0541864731373086,-0.1417806950288363,-0.4864685772839422,0.1846846336412927,-0.0009688720422725,0.4060468917952878,0.2341922650046989,0.5549974019961417,0.0140576463190273,0.3547591622186937,-0.4289470243255512,0.1273973104704045,0.0152293951960787,-0.4844704194330868,0.0027958011959606,0.1321402465769226,0.0524971529590221,0.998562894971431,0.1299663533732784,0.000840779142992,0.888698528424315,0.0002029185103068,0.0655687867978563,0.744738069547906,0.2297179975755858,0.3226759588743298,0.4795390312788146,0.3869585260674902,0.7122999315086683,0.3384193364242871,0.4399805827743853,0.572357103159748,0.5142012940582728,0.5506605763784594,0.1221470276265178,0.1282715225541673,0.1479051156907494,0.4534504804121283,0.4591042182441102,0.4313774227459992,0.75,39639
0,0,0.4866326999293595,-0.2896312917778125,0.0510803894426436,-0.8516609922317622,0.132484428370131,0.5715371617460968,0.0541864731373086,-0.1417806950288363,-0.4864685772839422,0.1846846336412927,-0.0009688720422725,0.4060468917952878,0.2341922650046989,0.5549974019961417,0.0140576463190273,0.3547591622186937,-0.4289470243255512,0.1273973104704045,0.0152293951960787,-0.4844704194330868,0.0027958011959606,0.1321402465769226,0.0524971529590221,0.998562894971431,0.1299663533732784,0.000840779142992,0.888698528424315,0.0002029185103068,0.0655687867978563,0.744738069547906,0.2297179975755858,0.3226759588743298,0.4795390312788146,0.3869585260674902,0.7122999315086683,0.3384193364242871,0.4399805827743853,0.572357103159748,0.5142012940582728,0.5506605763784594,0.1221470276265178,0.1282715225541673,0.1479051156907494,0.4534504804121283,0.4591042182441102,0.4313774227459992,0.75,39649
0,0,0.4866326999293595,-0.2896312917778125,0.0510803894426436,-0.8516609922317622,0.132484428370131,0.5715371617460968,0.0541864731373086,-0.1417806950288363,-0.4864685772839422,0.1846846336412927,-0.0009688720422725,0.4060468917952878,0.2341922650046989,0.5549974019961417,0.0140576463190273,0.3547591622186937,-0.4289470243255512,0.1273973104704045,0.0152293951960787,-0.4844704194330868,0.0027958011959606,0.1321402465769226,0.0524971529590221,0.998562894971431,0.1299663533732784,0.000840779142992,0.888698528424315,0.0002029185103068,0.0655687867978563,0.744738069547906,0.2297179975755858,0.3226759588743298,0.4795390312788146,0.3869585260674902,0.7122999315086683,0.3384193364242871,0.4399805827743853,0.572357103159748,0.5142012940582728,0.5506605763784594,0.1221470276265178,0.1282715225541673,0.1479051156907494,0.4534504804121283,0.4591042182441102,0.4313774227459992,0.75,39659
0,0,0.4866326999293595,-0.2896312917778125,0.0510803894426436,-0.8516609922317622,0.132484428370131,0.5715371617460968,0.0541864731373086,-0.1417806950288363,-0.4864685772839422,0.1846846336412927,-0.0009688720422725,0.4060468917952878,0.2341922650046989,0.5549974019961417,0.0140576463190273,0.3547591622186937,-0.4289470243255512,0.1273973104704045,0.0152293951960787,-0.4844704194330868,0.0027958011959606,0.1321402465769226,0.0524971529590221,0.998562894971431,0.1299663533732784,0.000840779142992,0.888698528424315,0.0002029185103068,0.0655687867978563,0.744738069547906,0.2297179975755858,0.3226759588743298,0.4795390312788146,0.3869585260674902,0.7122999315086683,0.3384193364242871,0.4399805827743853,0.572357103159748,0.5142012940582728,0.5506605763784594,0.1221470276265178,0.1282715225541673,0.1479051156907494,0.4534504804121283,0.4591042182441102,0.4313774227459992,0.75,39669
0,0,0.4866326999293595,-0.2896312917778125,0.0510803894426436,-0.8516609922317622,0.132484428370131,0.5715371617460968,0.0541864731373086,-0.1417806950288363,-0.4864685772839422,0.1846846336412927,-0.0009688720422725,0.4060468917952878,0.2341922650046989,0.5549974019961417,0.0140576463190273,0.3547591622186937,-0.4289470243255512,0.1273973104704045,0.0152293951960787,-0.4844704194330868,0.0027958011959606,0.1321402465769226,0.0524971529590221,0.998562894971431,0.1299663533732784,0.000840779142992,0.888698528424315,0.0002029185103068,0.0655687867978563,0.744738069547906,0.2297179975755858,0.3226759588743298,0.4795390312788146,0.3869585260674902,0.7122999315086683,0.3384193364242871,0.4399805827743853,0.572357103159748,0.5142012940582728,0.5506605763784594,0.1221470276265178,0.1282715225541673,0.1479051156907494,0.4534504804121283,0.4591042182441102,0.4313774227459992,0.75,39680
0,0,0.4866326999293595,-0.2896312917778125,0.0510803894426436,-0.8516609922317622,0.132484428370131,0.5715371617460968,0.0541864731373086,-0.1417806950288363,-0.4864685772839422,0.1846846336412927,-0.0009688720422725,0.4060468917952878,0.2341922650046989,0.5549974019961417,0.0140576463190273,0.3547591622186937,-0.4289470243255512,0.1273973104704045,0.0152293951960787,-0.4844704194330868,0.0027958011959606,0.1321402465769226,0.0524971529590221,0.998562894971431,0.1299663533732784,0.000840779142992,0.888698528424315,0.0002029185103068,0.0655687867978563,0.744738069547906,0.2297179975755858,0.3226759588743298,0.4795390312788146,0.3869585260674902,0.7122999315086683,0.3384193364242871,0.4399805827743853,0.572357103159748,0.5142012940582728,0.5506605763784594,0.1221470276265178,0.1282715225541673,0.1479051156907494,0.4534504804121283,0.4591042182441102,0.4313774227459992,0.75,39690
0,0,-0.0970333649581154,-0.3015415454028194,-0.0212629843422581,0.4923907807915977,0.7487124550011559,-0.0982191373772804,0.8394619919534962,-0.1532128529521657,-0.1842027175925801,0.3269337281369032,0.2249724880662698,0.7489702325250515,0.9044659259096892,0.6031595427886631,-0.7210340620421449,0.5568026470650423,-0.7264559445274577,-0.261861987928136,0.0742871837703514,-0.6128241737336443,0.0056133388056966,0.1319501103367172,0.0516836782153399,1.0,0.130237028990596,0.0010555755204704,0.8854094471357636,0.0001046848319164,0.0650822518983807,0.7423846804724974,0.1472288060906334,0.0828362318152565,0.5434435693994054,0.2026170975116892,0.7122095952930363,0.1926231905521128,0.7189573546231613,0.6146413536401998,0.5872282636313415,0.0001,0.1471215724605862,0.16774716944887,0.2912268194919787,0.4547898656577651,0.461381128467267,0.1525659068217991,0.83,3970
0,0,0.4866326999293595,-0.2896312917778125,0.0510803894426436,-0.8516609922317622,0.132484428370131,0.5715371617460968,0.0541864731373086,-0.1417806950288363,-0.4864685772839422,0.1846846336412927,-0.0009688720422725,0.4060468917952878,0.2341922650046989,0.5549974019961417,0.0140576463190273,0.3547591622186937,-0.4289470243255512,0.1273973104704045,0.0152293951960787,-0.4844704194330868,0.0027958011959606,0.1321402465769226,0.0524971529590221,0.998562894971431,0.1299663533732784,0.000840779142992,0.888698528424315,0.0002029185103068,0.0655687867978563,0.744738069547906,0.2297179975755858,0.3226759588743298,0.4795390312788146,0.3869585260674902,0.7122999315086683,0.3384193364242871,0.4399805827743853,0.572357103159748,0.5142012940582728,0.5506605763784594,0.1221470276265178,0.1282715225541673,0.1479051156907494,0.4534504804121283,0.4591042182441102,0.4313774227459992,0.75,39700
0,0,0.4866326999293595,-0.2896312917778125,0.0510803894426436,-0.8516609922317622,0.132484428370131,0.5715371617460968,0.0541864731373086,-0.1417806950288363,-0.4864685772839422,0.1846846336412927,-0.0009688720422725,0.4060468917952878,0.2341922650046989,0.5549974019961417,0.0140576463190273,0.3547591622186937,-0.4289470243255512,0.1273973104704045,0.0152293951960787,-0.4844704194330868,0.0027958011959606,0.1321402465769226,0.0524971529590221,0.998562894971431,0.1299663533732784,0.000840779142992,0.888698528424315,0.0002029185103068,0.0655687867978563,0.744738069547906,0.2297179975755858,0.3226759588743298,0.4795390312788146,0.3869585260674902,0.7122999315086683,0.3384193364242871,0.4399805827743853,0.572357103159748,0.5142012940582728,0.5506605763784594,0.1221470276265178,0.1282715225541673,0.1479051156907494,0.4534504804121283,0.4591042182441102,0.4313774227459992,0.75,39711
0,0,0.4866326999293595,-0.2896312917778125,0.0510803894426436,-0.8516609922317622,0.132484428370131,0.5715371617460968,0.0541864731373086,-0.1417806950288363,-0.4864685772839422,0.1846846336412927,-0.0009688720422725,0.4060468917952878,0.2341922650046989,0.5549974019961417,0.0140576463190273,0.3547591622186937,-0.4289470243255512,0.1273973104704045,0.0152293951960787,-0.4844704194330868,0.0027958011959606,0.1321402465769226,0.0524971529590221,0.998562894971431,0.1299663533732784,0.000840779142992,0.888698528424315,0.0002029185103068,0.0655687867978563,0.744738069547906,0.2297179975755858,0.3226759588743298,0.4795390312788146,0.3869585260674902,0.7122999315086683,0.3384193364242871,0.4399805827743853,0.572357103159748,0.5142012940582728,0.5506605763784594,0.1221470276265178,0.1282715225541673,0.1479051156907494,0.4534504804121283,0.4591042182441102,0.4313774227459992,0.75,39721
0,0,0.4866326999293595,-0.2896312917778125,0.0510803894426436,-0.8516609922317622,0.132484428370131,0.5715371617460968,0.0541864731373086,-0.1417806950288363,-0.4864685772839422,0.1846846336412927,-0.0009688720422725,0.4060468917952878,0.2341922650046989,0.5549974019961417,0.0140576463190273,0.3547591622186937,-0.4289470243255512,0.1273973104704045,0.0152293951960787,-0.4844704194330868,0.0027958011959606,0.1321402465769226,0.0524971529590221,0.998562894971431,0.1299663533732784,0.000840779142992,0.888698528424315,0.0002029185103068,0.0655687867978563,0.744738069547906,0.2297179975755858,0.3226759588743298,0.4795390312788146,0.3869585260674902,0.7122999315086683,0.3384193364242871,0.4399805827743853,0.572357103159748,0.5142012940582728,0.5506605763784594,0.1221470276265178,0.1282715225541673,0.1479051156907494,0.4534504804121283,0.4591042182441102,0.4313774227459992,0.75,39732
0,0,0.4866326999293595,-0.2896312917778125,0.0510803894426436,-0.8516609922317622,0.132484428370131,0.5715371617460968,0.0541864731373086,-0.1417806950288363,-0.4864685772839422,0.1846846336412927,-0.0009688720422725,0.4060468917952878,0.2341922650046989,0.5549974019961417,0.0140576463190273,0.3547591622186937,-0.4289470243255512,0.1273973104704045,0.0152293951960787,-0.4844704194330868,0.0027958011959606,0.1321402465769226,0.0524971529590221,0.998562894971431,0.1299663533732784,0.000840779142992,0.888698528424315,0.0002029185103068,0.0655687867978563,0.744738069547906,0.2297179975755858,0.3226759588743298,0.4795390312788146,0.3869585260674902,0.7122999315086683,0.3384193364242871,0.4399805827743853,0.572357103159748,0.5142012940582728,0.5506605763784594,0.1221470276265178,0.1282715225541673,0.1479051156907494,0.4534504804121283,0.4591042182441102,0.4313774227459992,0.75,39742
0,0,0.4866326999293595,-0.2896312917778125,0.0510803894426436,-0.8516609922317622,0.132484428370131,0.5715371617460968,0.0541864731373086,-0.1417806950288363,-0.4864685772839422,0.1846846336412927,-0.0009688720422725,0.4060468917952878,0.2341922650046989,0.5549974019961417,0.0140576463190273,0.3547591622186937,-0.4289470243255512,0.1273973104704045,0.0152293951960787,-0.4844704194330868,0.0027958011959606,0.1321402465769226,0.0524971529590221,0.998562894971431,0.1299663533732784,0.000840779142992,0.888698528424315,0.0002029185103068,0.0655687867978563,0.744738069547906,0.2297179975755858,0.3226759588743298,0.4795390312788146,0.3869585260674902,0.7122999315086683,0.3384193364242871,0.4399805827743853,0.572357103159748,0.5142012940582728,0.5506605763784594,0.1221470276265178,0.1282715225541673,0.1479051156907494,0.4534504804121283,0.4591042182441102,0.4313774227459992,0.75,39752
0,0,0.4866326999293595,-0.2896312917778125,0.0510803894426436,-0.8516609922317622,0.132484428370131,0.5715371617460968,0.0541864731373086,-0.1417806950288363,-0.4864685772839422,0.1846846336412927,-0.0009688720422725,0.4060468917952878,0.2341922650046989,0.5549974019961417,0.0140576463190273,0.3547591622186937,-0.4289470243255512,0.1273973104704045,0.0152293951960787,-0.4844704194330868,0.0027958011959606,0.1321402465769226,0.0524971529590221,0.998562894971431,0.1299663533732784,0.000840779142992,0.888698528424315,0.0002029185103068,0.0655687867978563,0.744738069547906,0.2297179975755858,0.3226759588743298,0.4795390312788146,0.3869585260674902,0.7122999315086683,0.3384193364242871,0.4399805827743853,0.572357103159748,0.5142012940582728,0.5506605763784594,0.1221470276265178,0.1282715225541673,0.1479051156907494,0.4534504804121283,0.4591042182441102,0.4313774227459992,0.75,39762
0,0,0.4866326999293595,-0.2896312917778125,0.0510803894426436,-0.8516609922317622,0.132484428370131,0.5715371617460968,0.0541864731373086,-0.1417806950288363,-0.4864685772839422,0.1846846336412927,-0.0009688720422725,0.4060468917952878,0.2341922650046989,0.5549974019961417,0.0140576463190273,0.3547591622186937,-0.4289470243255512,0.1273973104704045,0.0152293951960787,-0.4844704194330868,0.0027958011959606,0.1321402465769226,0.0524971529590221,0.998562894971431,0.1299663533732784,0.000840779142992,0.888698528424315,0.0002029185103068,0.0655687867978563,0.744738069547906,0.2297179975755858,0.3226759588743298,0.4795390312788146,0.3869585260674902,0.7122999315086683,0.3384193364242871,0.4399805827743853,0.572357103159748,0.5142012940582728,0.5506605763784594,0.1221470276265178,0.1282715225541673,0.1479051156907494,0.4534504804121283,0.4591042182441102,0.4313774227459992,0.75,39772
0,0,0.4866326999293595,-0.2896312917778125,0.0510803894426436,-0.8516609922317622,0.132484428370131,0.5715371617460968,0.0541864731373086,-0.1417806950288363,-0.4864685772839422,0.1846846336412927,-0.0009688720422725,0.4060468917952878,0.2341922650046989,0.5549974019961417,0.0140576463190273,0.3547591622186937,-0.4289470243255512,0.1273973104704045,0.0152293951960787,-0.4844704194330868,0.0027958011959606,0.1321402465769226,0.0524971529590221,0.998562894971431,0.1299663533732784,0.000840779142992,0.888698528424315,0.0002029185103068,0.0655687867978563,0.744738069547906,0.2297179975755858,0.3226759588743298,0.4795390312788146,0.3869585260674902,0.7122999315086683,0.3384193364242871,0.4399805827743853,0.572357103159748,0.5142012940582728,0.5506605763784594,0.1221470276265178,0.1282715225541673,0.1479051156907494,0.4534504804121283,0.4591042182441102,0.4313774227459992,0.75,39783
0,0,0.4866326999293595,-0.2896312917778125,0.0510803894426436,-0.8516609922317622,0.132484428370131,0.5715371617460968,0.0541864731373086,-0.1417806950288363,-0.4864685772839422,0.1846846336412927,-0.0009688720422725,0.4060468917952878,0.2341922650046989,0.5549974019961417,0.0140576463190273,0.3547591622186937,-0.4289470243255512,0.1273973104704045,0.0152293951960787,-0.4844704194330868,0.0027958011959606,0.1321402465769226,0.0524971529590221,0.998562894971431,0.1299663533732784,0.000840779142992,0.888698528424315,0.0002029185103068,0.0655687867978563,0.744738069547906,0.2297179975755858,0.3226759588743298,0.4795390312788146,0.3869585260674902,0.7122999315086683,0.3384193364242871,0.4399805827743853,0.572357103159748,0.5142012940582728,0.5506605763784594,0.1221470276265178,0.1282715225541673,0.1479051156907494,0.4534504804121283,0.4591042182441102,0.4313774227459992,0.75,39793
0,0,0.4866326999293595,-0.2896312917778125,0.0510803894426436,-0.8516609922317622,0.132484428370131,0.5715371617460968,0.0541864731373086,-0.1417806950288363,-0.4864685772839422,0.1846846336412927,-0.0009688720422725,0.4060468917952878,0.2341922650046989,0.5549974019961417,0.0140576463190273,0.3547591622186937,-0.4289470243255512,0.1273973104704045,0.0152293951960787,-0.4844704194330868,0.0027958011959606,0.1321402465769226,0.0524971529590221,0.998562894971431,0.1299663533732784,0.000840779142992,0.888698528424315,0.0002029185103068,0.0655687867978563,0.744738069547906,0.2297179975755858,0.3226759588743298,0.4795390312788146,0.3869585260674902,0.7122999315086683,0.3384193364242871,0.4399805827743853,0.572357103159748,0.5142012940582728,0.5506605763784594,0.1221470276265178,0.1282715225541673,0.1479051156907494,0.4534504804121283,0.4591042182441102,0.4313774227459992,0.75,39803
0,0,0.4866326999293595,-0.2896312917778125,0.0510803894426436,-0.8516609922317622,0.132484428370131,0.5715371617460968,0.0541864731373086,-0.1417806950288363,-0.4864685772839422,0.1846846336412927,-0.0009688720422725,0.4060468917952878,0.2341922650046989,0.5549974019961417,0.0140576463190273,0.3547591622186937,-0.4289470243255512,0.1273973104704045,0.0152293951960787,-0.4844704194330868,0.0027958011959606,0.1321402465769226,0.0524971529590221,0.998562894971431,0.1299663533732784,0.000840779142992,0.888698528424315,0.0002029185103068,0.0655687867978563,0.744738069547906,0.2297179975755858,0.3226759588743298,0.4795390312788146,0.3869585260674902,0.7122999315086683,0.3384193364242871,0.4399805827743853,0.572357103159748,0.5142012940582728,0.5506605763784594,0.1221470276265178,0.1282715225541673,0.1479051156907494,0.4534504804121283,0.4591042182441102,0.4313774227459992,0.75,39814
0,0,0.4866326999293595,-0.2896312917778125,0.0510803894426436,-0.8516609922317622,0.132484428370131,0.5715371617460968,0.0541864731373086,-0.1417806950288363,-0.4864685772839422,0.1846846336412927,-0.0009688720422725,0.4060468917952878,0.2341922650046989,0.5549974019961417,0.0140576463190273,0.3547591622186937,-0.4289470243255512,0.1273973104704045,0.0152293951960787,-0.4844704194330868,0.0027958011959606,0.1321402465769226,0.0524971529590221,0.998562894971431,0.1299663533732784,0.000840779142992,0.888698528424315,0.0002029185103068,0.0655687867978563,0.744738069547906,0.2297179975755858,0.3226759588743298,0.4795390312788146,0.3869585260674902,0.7122999315086683,0.3384193364242871,0.4399805827743853,0.572357103159748,0.5142012940582728,0.5506605763784594,0.1221470276265178,0.1282715225541673,0.1479051156907494,0.4534504804121283,0.4591042182441102,0.4313774227459992,0.75,39833
0,0,0.4866326999293595,-0.2896312917778125,0.0510803894426436,-0.8516609922317622,0.132484428370131,0.5715371617460968,0.0541864731373086,-0.1417806950288363,-0.4864685772839422,0.1846846336412927,-0.0009688720422725,0.4060468917952878,0.2341922650046989,0.5549974019961417,0.0140576463190273,0.3547591622186937,-0.4289470243255512,0.1273973104704045,0.0152293951960787,-0.4844704194330868,0.0027958011959606,0.1321402465769226,0.0524971529590221,0.998562894971431,0.1299663533732784,0.000840779142992,0.888698528424315,0.0002029185103068,0.0655687867978563,0.744738069547906,0.2297179975755858,0.3226759588743298,0.4795390312788146,0.3869585260674902,0.7122999315086683,0.3384193364242871,0.4399805827743853,0.572357103159748,0.5142012940582728,0.5506605763784594,0.1221470276265178,0.1282715225541673,0.1479051156907494,0.4534504804121283,0.4591042182441102,0.4313774227459992,0.75,39843
0,0,0.4866326999293595,-0.2896312917778125,0.0510803894426436,-0.8516609922317622,0.132484428370131,0.5715371617460968,0.0541864731373086,-0.1417806950288363,-0.4864685772839422,0.1846846336412927,-0.0009688720422725,0.4060468917952878,0.2341922650046989,0.5549974019961417,0.0140576463190273,0.3547591622186937,-0.4289470243255512,0.1273973104704045,0.0152293951960787,-0.4844704194330868,0.0027958011959606,0.1321402465769226,0.0524971529590221,0.998562894971431,0.1299663533732784,0.000840779142992,0.888698528424315,0.0002029185103068,0.0655687867978563,0.744738069547906,0.2297179975755858,0.3226759588743298,0.4795390312788146,0.3869585260674902,0.7122999315086683,0.3384193364242871,0.4399805827743853,0.572357103159748,0.5142012940582728,0.5506605763784594,0.1221470276265178,0.1282715225541673,0.1479051156907494,0.4534504804121283,0.4591042182441102,0.4313774227459992,0.75,39853
0,0,0.4866326999293595,-0.2896312917778125,0.0510803894426436,-0.8516609922317622,0.132484428370131,0.5715371617460968,0.0541864731373086,-0.1417806950288363,-0.4864685772839422,0.1846846336412927,-0.0009688720422725,0.4060468917952878,0.2341922650046989,0.5549974019961417,0.0140576463190273,0.3547591622186937,-0.4289470243255512,0.1273973104704045,0.0152293951960787,-0.4844704194330868,0.0027958011959606,0.1321402465769226,0.0524971529590221,0.998562894971431,0.1299663533732784,0.000840779142992,0.888698528424315,0.0002029185103068,0.0655687867978563,0.744738069547906,0.2297179975755858,0.3226759588743298,0.4795390312788146,0.3869585260674902,0.7122999315086683,0.3384193364242871,0.4399805827743853,0.572357103159748,0.5142012940582728,0.5506605763784594,0.1221470276265178,0.1282715225541673,0.1479051156907494,0.4534504804121283,0.4591042182441102,0.4313774227459992,0.75,39870
0,0,0.4866326999293595,-0.2896312917778125,0.0510803894426436,-0.8516609922317622,0.132484428370131,0.5715371617460968,0.0541864731373086,-0.1417806950288363,-0.4864685772839422,0.1846846336412927,-0.0009688720422725,0.4060468917952878,0.2341922650046989,0.5549974019961417,0.0140576463190273,0.3547591622186937,-0.4289470243255512,0.1273973104704045,0.0152293951960787,-0.4844704194330868,0.0027958011959606,0.1321402465769226,0.0524971529590221,0.998562894971431,0.1299663533732784,0.000840779142992,0.888698528424315,0.0002029185103068,0.0655687867978563,0.744738069547906,0.2297179975755858,0.3226759588743298,0.4795390312788146,0.3869585260674902,0.7122999315086683,0.3384193364242871,0.4399805827743853,0.572357103159748,0.5142012940582728,0.5506605763784594,0.1221470276265178,0.1282715225541673,0.1479051156907494,0.4534504804121283,0.4591042182441102,0.4313774227459992,0.75,39881
0,0,0.4866326999293595,-0.2896312917778125,0.0510803894426436,-0.8516609922317622,0.132484428370131,0.5715371617460968,0.0541864731373086,-0.1417806950288363,-0.4864685772839422,0.1846846336412927,-0.0009688720422725,0.4060468917952878,0.2341922650046989,0.5549974019961417,0.0140576463190273,0.3547591622186937,-0.4289470243255512,0.1273973104704045,0.0152293951960787,-0.4844704194330868,0.0027958011959606,0.1321402465769226,0.0524971529590221,0.998562894971431,0.1299663533732784,0.000840779142992,0.888698528424315,0.0002029185103068,0.0655687867978563,0.744738069547906,0.2297179975755858,0.3226759588743298,0.4795390312788146,0.3869585260674902,0.7122999315086683,0.3384193364242871,0.4399805827743853,0.572357103159748,0.5142012940582728,0.5506605763784594,0.1221470276265178,0.1282715225541673,0.1479051156907494,0.4534504804121283,0.4591042182441102,0.4313774227459992,0.75,39892
0,0,0.4866326999293595,-0.2896312917778125,0.0510803894426436,-0.8516609922317622,0.132484428370131,0.5715371617460968,0.0541864731373086,-0.1417806950288363,-0.4864685772839422,0.1846846336412927,-0.0009688720422725,0.4060468917952878,0.2341922650046989,0.5549974019961417,0.0140576463190273,0.3547591622186937,-0.4289470243255512,0.1273973104704045,0.0152293951960787,-0.4844704194330868,0.0027958011959606,0.1321402465769226,0.0524971529590221,0.998562894971431,0.1299663533732784,0.000840779142992,0.888698528424315,0.0002029185103068,0.0655687867978563,0.744738069547906,0.2297179975755858,0.3226759588743298,0.4795390312788146,0.3869585260674902,0.7122999315086683,0.3384193364242871,0.4399805827743853,0.572357103159748,0.5142012940582728,0.5506605763784594,0.1221470276265178,0.1282715225541673,0.1479051156907494,0.4534504804121283,0.4591042182441102,0.4313774227459992,0.75,39902
0,0,0.4866326999293595,-0.2896312917778125,0.0510803894426436,-0.8516609922317622,0.132484428370131,0.5715371617460968,0.0541864731373086,-0.1417806950288363,-0.4864685772839422,0.1846846336412927,-0.0009688720422725,0.4060468917952878,0.2341922650046989,0.5549974019961417,0.0140576463190273,0.3547591622186937,-0.4289470243255512,0.1273973104704045,0.0152293951960787,-0.4844704194330868,0.0027958011959606,0.1321402465769226,0.0524971529590221,0.998562894971431,0.1299663533732784,0.000840779142992,0.888698528424315,0.0002029185103068,0.0655687867978563,0.744738069547906,0.2297179975755858,0.3226759588743298,0.4795390312788146,0.3869585260674902,0.7122999315086683,0.3384193364242871,0.4399805827743853,0.572357103159748,0.5142012940582728,0.5506605763784594,0.1221470276265178,0.1282715225541673,0.1479051156907494,0.4534504804121283,0.4591042182441102,0.4313774227459992,0.75,39920
0,0,0.4866326999293595,-0.2896312917778125,0.0510803894426436,-0.8516609922317622,0.132484428370131,0.5715371617460968,0.0541864731373086,-0.1417806950288363,-0.4864685772839422,0.1846846336412927,-0.0009688720422725,0.4060468917952878,0.2341922650046989,0.5549974019961417,0.0140576463190273,0.3547591622186937,-0.4289470243255512,0.1273973104704045,0.0152293951960787,-0.4844704194330868,0.0027958011959606,0.1321402465769226,0.0524971529590221,0.998562894971431,0.1299663533732784,0.000840779142992,0.888698528424315,0.0002029185103068,0.0655687867978563,0.744738069547906,0.2297179975755858,0.3226759588743298,0.4795390312788146,0.3869585260674902,0.7122999315086683,0.3384193364242871,0.4399805827743853,0.572357103159748,0.5142012940582728,0.5506605763784594,0.1221470276265178,0.1282715225541673,0.1479051156907494,0.4534504804121283,0.4591042182441102,0.4313774227459992,0.75,39931
0,0,0.4866326999293595,-0.2896312917778125,0.0510803894426436,-0.8516609922317622,0.132484428370131,0.5715371617460968,0.0541864731373086,-0.1417806950288363,-0.4864685772839422,0.1846846336412927,-0.0009688720422725,0.4060468917952878,0.2341922650046989,0.5549974019961417,0.0140576463190273,0.3547591622186937,-0.4289470243255512,0.1273973104704045,0.0152293951960787,-0.4844704194330868,0.0027958011959606,0.1321402465769226,0.0524971529590221,0.998562894971431,0.1299663533732784,0.000840779142992,0.888698528424315,0.0002029185103068,0.0655687867978563,0.744738069547906,0.2297179975755858,0.3226759588743298,0.4795390312788146,0.3869585260674902,0.7122999315086683,0.3384193364242871,0.4399805827743853,0.572357103159748,0.5142012940582728,0.5506605763784594,0.1221470276265178,0.1282715225541673,0.1479051156907494,0.4534504804121283,0.4591042182441102,0.4313774227459992,0.75,39941
0,0,0.4866326999293595,-0.2896312917778125,0.0510803894426436,-0.8516609922317622,0.132484428370131,0.5715371617460968,0.0541864731373086,-0.1417806950288363,-0.4864685772839422,0.1846846336412927,-0.0009688720422725,0.4060468917952878,0.2341922650046989,0.5549974019961417,0.0140576463190273,0.3547591622186937,-0.4289470243255512,0.1273973104704045,0.0152293951960787,-0.4844704194330868,0.0027958011959606,0.1321402465769226,0.0524971529590221,0.998562894971431,0.1299663533732784,0.000840779142992,0.888698528424315,0.0002029185103068,0.0655687867978563,0.744738069547906,0.2297179975755858,0.3226759588743298,0.4795390312788146,0.3869585260674902,0.7122999315086683,0.3384193364242871,0.4399805827743853,0.572357103159748,0.5142012940582728,0.5506605763784594,0.1221470276265178,0.1282715225541673,0.1479051156907494,0.4534504804121283,0.4591042182441102,0.4313774227459992,0.75,39951
0,0,0.4866326999293595,-0.2896312917778125,0.0510803894426436,-0.8516609922317622,0.132484428370131,0.5715371617460968,0.0541864731373086,-0.1417806950288363,-0.4864685772839422,0.1846846336412927,-0.0009688720422725,0.4060468917952878,0.2341922650046989,0.5549974019961417,0.0140576463190273,0.3547591622186937,-0.4289470243255512,0.1273973104704045,0.0152293951960787,-0.4844704194330868,0.0027958011959606,0.1321402465769226,0.0524971529590221,0.998562894971431,0.1299663533732784,0.000840779142992,0.888698528424315,0.0002029185103068,0.0655687867978563,0.744738069547906,0.2297179975755858,0.3226759588743298,0.4795390312788146,0.3869585260674902,0.7122999315086683,0.3384193364242871,0.4399805827743853,0.572357103159748,0.5142012940582728,0.5506605763784594,0.1221470276265178,0.1282715225541673,0.1479051156907494,0.4534504804121283,0.4591042182441102,0.4313774227459992,0.75,39962
0,0,0.4866326999293595,-0.2896312917778125,0.0510803894426436,-0.8516609922317622,0.132484428370131,0.5715371617460968,0.0541864731373086,-0.1417806950288363,-0.4864685772839422,0.1846846336412927,-0.0009688720422725,0.4060468917952878,0.2341922650046989,0.5549974019961417,0.0140576463190273,0.3547591622186937,-0.4289470243255512,0.1273973104704045,0.0152293951960787,-0.4844704194330868,0.0027958011959606,0.1321402465769226,0.0524971529590221,0.998562894971431,0.1299663533732784,0.000840779142992,0.888698528424315,0.0002029185103068,0.0655687867978563,0.744738069547906,0.2297179975755858,0.3226759588743298,0.4795390312788146,0.3869585260674902,0.7122999315086683,0.3384193364242871,0.4399805827743853,0.572357103159748,0.5142012940582728,0.5506605763784594,0.1221470276265178,0.1282715225541673,0.1479051156907494,0.4534504804121283,0.4591042182441102,0.4313774227459992,0.75,39972
0,0,0.4866326999293595,-0.2896312917778125,0.0510803894426436,-0.8516609922317622,0.132484428370131,0.5715371617460968,0.0541864731373086,-0.1417806950288363,-0.4864685772839422,0.1846846336412927,-0.0009688720422725,0.4060468917952878,0.2341922650046989,0.5549974019961417,0.0140576463190273,0.3547591622186937,-0.4289470243255512,0.1273973104704045,0.0152293951960787,-0.4844704194330868,0.0027958011959606,0.1321402465769226,0.0524971529590221,0.998562894971431,0.1299663533732784,0.000840779142992,0.888698528424315,0.0002029185103068,0.0655687867978563,0.744738069547906,0.2297179975755858,0.3226759588743298,0.4795390312788146,0.3869585260674902,0.7122999315086683,0.3384193364242871,0.4399805827743853,0.572357103159748,0.5142012940582728,0.5506605763784594,0.1221470276265178,0.1282715225541673,0.1479051156907494,0.4534504804121283,0.4591042182441102,0.4313774227459992,0.75,39982
0,0,0.4866326999293595,-0.2896312917778125,0.0510803894426436,-0.8516609922317622,0.132484428370131,0.5715371617460968,0.0541864731373086,-0.1417806950288363,-0.4864685772839422,0.1846846336412927,-0.0009688720422725,0.4060468917952878,0.2341922650046989,0.5549974019961417,0.0140576463190273,0.3547591622186937,-0.4289470243255512,0.1273973104704045,0.0152293951960787,-0.4844704194330868,0.0027958011959606,0.1321402465769226,0.0524971529590221,0.998562894971431,0.1299663533732784,0.000840779142992,0.888698528424315,0.0002029185103068,0.0655687867978563,0.744738069547906,0.2297179975755858,0.3226759588743298,0.4795390312788146,0.3869585260674902,0.7122999315086683,0.3384193364242871,0.4399805827743853,0.572357103159748,0.5142012940582728,0.5506605763784594,0.1221470276265178,0.1282715225541673,0.1479051156907494,0.4534504804121283,0.4591042182441102,0.4313774227459992,0.75,39993
0,0,0.4866326999293595,-0.2896312917778125,0.0510803894426436,-0.8516609922317622,0.132484428370131,0.5715371617460968,0.0541864731373086,-0.1417806950288363,-0.4864685772839422,0.1846846336412927,-0.0009688720422725,0.4060468917952878,0.2341922650046989,0.5549974019961417,0.0140576463190273,0.3547591622186937,-0.4289470243255512,0.1273973104704045,0.0152293951960787,-0.4844704194330868,0.0027958011959606,0.1321402465769226,0.0524971529590221,0.998562894971431,0.1299663533732784,0.000840779142992,0.888698528424315,0.0002029185103068,0.0655687867978563,0.744738069547906,0.2297179975755858,0.3226759588743298,0.4795390312788146,0.3869585260674902,0.7122999315086683,0.3384193364242871,0.4399805827743853,0.572357103159748,0.5142012940582728,0.5506605763784594,0.1221470276265178,0.1282715225541673,0.1479051156907494,0.4534504804121283,0.4591042182441102,0.4313774227459992,0.75,40012
0,0,0.4866326999293595,-0.2896312917778125,0.0510803894426436,-0.8516609922317622,0.132484428370131,0.5715371617460968,0.0541864731373086,-0.1417806950288363,-0.4864685772839422,0.1846846336412927,-0.0009688720422725,0.4060468917952878,0.2341922650046989,0.5549974019961417,0.0140576463190273,0.3547591622186937,-0.4289470243255512,0.1273973104704045,0.0152293951960787,-0.4844704194330868,0.0027958011959606,0.1321402465769226,0.0524971529590221,0.998562894971431,0.1299663533732784,0.000840779142992,0.888698528424315,0.0002029185103068,0.0655687867978563,0.744738069547906,0.2297179975755858,0.3226759588743298,0.4795390312788146,0.3869585260674902,0.7122999315086683,0.3384193364242871,0.4399805827743853,0.572357103159748,0.5142012940582728,0.5506605763784594,0.1221470276265178,0.1282715225541673,0.1479051156907494,0.4534504804121283,0.4591042182441102,0.4313774227459992,0.75,40023
0,0,0.4866326999293595,-0.2896312917778125,0.0510803894426436,-0.8516609922317622,0.132484428370131,0.5715371617460968,0.0541864731373086,-0.1417806950288363,-0.4864685772839422,0.1846846336412927,-0.0009688720422725,0.4060468917952878,0.2341922650046989,0.5549974019961417,0.0140576463190273,0.3547591622186937,-0.4289470243255512,0.1273973104704045,0.0152293951960787,-0.4844704194330868,0.0027958011959606,0.1321402465769226,0.0524971529590221,0.998562894971431,0.1299663533732784,0.000840779142992,0.888698528424315,0.0002029185103068,0.0655687867978563,0.744738069547906,0.2297179975755858,0.3226759588743298,0.4795390312788146,0.3869585260674902,0.7122999315086683,0.3384193364242871,0.4399805827743853,0.572357103159748,0.5142012940582728,0.5506605763784594,0.1221470276265178,0.1282715225541673,0.1479051156907494,0.4534504804121283,0.4591042182441102,0.4313774227459992,0.75,40043
0,0,0.4866326999293595,-0.2896312917778125,0.0510803894426436,-0.8516609922317622,0.132484428370131,0.5715371617460968,0.0541864731373086,-0.1417806950288363,-0.4864685772839422,0.1846846336412927,-0.0009688720422725,0.4060468917952878,0.2341922650046989,0.5549974019961417,0.0140576463190273,0.3547591622186937,-0.4289470243255512,0.1273973104704045,0.0152293951960787,-0.4844704194330868,0.0027958011959606,0.1321402465769226,0.0524971529590221,0.998562894971431,0.1299663533732784,0.000840779142992,0.888698528424315,0.0002029185103068,0.0655687867978563,0.744738069547906,0.2297179975755858,0.3226759588743298,0.4795390312788146,0.3869585260674902,0.7122999315086683,0.3384193364242871,0.4399805827743853,0.572357103159748,0.5142012940582728,0.5506605763784594,0.1221470276265178,0.1282715225541673,0.1479051156907494,0.4534504804121283,0.4591042182441102,0.4313774227459992,0.75,40053
0,0,0.4866326999293595,-0.2896312917778125,0.0510803894426436,-0.8516609922317622,0.132484428370131,0.5715371617460968,0.0541864731373086,-0.1417806950288363,-0.4864685772839422,0.1846846336412927,-0.0009688720422725,0.4060468917952878,0.2341922650046989,0.5549974019961417,0.0140576463190273,0.3547591622186937,-0.4289470243255512,0.1273973104704045,0.0152293951960787,-0.4844704194330868,0.0027958011959606,0.1321402465769226,0.0524971529590221,0.998562894971431,0.1299663533732784,0.000840779142992,0.888698528424315,0.0002029185103068,0.0655687867978563,0.744738069547906,0.2297179975755858,0.3226759588743298,0.4795390312788146,0.3869585260674902,0.7122999315086683,0.3384193364242871,0.4399805827743853,0.572357103159748,0.5142012940582728,0.5506605763784594,0.1221470276265178,0.1282715225541673,0.1479051156907494,0.4534504804121283,0.4591042182441102,0.4313774227459992,0.75,40063
0,0,0.4866326999293595,-0.2896312917778125,0.0510803894426436,-0.8516609922317622,0.132484428370131,0.5715371617460968,0.0541864731373086,-0.1417806950288363,-0.4864685772839422,0.1846846336412927,-0.0009688720422725,0.4060468917952878,0.2341922650046989,0.5549974019961417,0.0140576463190273,0.3547591622186937,-0.4289470243255512,0.1273973104704045,0.0152293951960787,-0.4844704194330868,0.0027958011959606,0.1321402465769226,0.0524971529590221,0.998562894971431,0.1299663533732784,0.000840779142992,0.888698528424315,0.0002029185103068,0.0655687867978563,0.744738069547906,0.2297179975755858,0.3226759588743298,0.4795390312788146,0.3869585260674902,0.7122999315086683,0.3384193364242871,0.4399805827743853,0.572357103159748,0.5142012940582728,0.5506605763784594,0.1221470276265178,0.1282715225541673,0.1479051156907494,0.4534504804121283,0.4591042182441102,0.4313774227459992,0.75,40074
0,0,0.4866326999293595,-0.2896312917778125,0.0510803894426436,-0.8516609922317622,0.132484428370131,0.5715371617460968,0.0541864731373086,-0.1417806950288363,-0.4864685772839422,0.1846846336412927,-0.0009688720422725,0.4060468917952878,0.2341922650046989,0.5549974019961417,0.0140576463190273,0.3547591622186937,-0.4289470243255512,0.1273973104704045,0.0152293951960787,-0.4844704194330868,0.0027958011959606,0.1321402465769226,0.0524971529590221,0.998562894971431,0.1299663533732784,0.000840779142992,0.888698528424315,0.0002029185103068,0.0655687867978563,0.744738069547906,0.2297179975755858,0.3226759588743298,0.4795390312788146,0.3869585260674902,0.7122999315086683,0.3384193364242871,0.4399805827743853,0.572357103159748,0.5142012940582728,0.5506605763784594,0.1221470276265178,0.1282715225541673,0.1479051156907494,0.4534504804121283,0.4591042182441102,0.4313774227459992,0.75,40093
0,0,0.4866326999293595,-0.2896312917778125,0.0510803894426436,-0.8516609922317622,0.132484428370131,0.5715371617460968,0.0541864731373086,-0.1417806950288363,-0.4864685772839422,0.1846846336412927,-0.0009688720422725,0.4060468917952878,0.2341922650046989,0.5549974019961417,0.0140576463190273,0.3547591622186937,-0.4289470243255512,0.1273973104704045,0.0152293951960787,-0.4844704194330868,0.0027958011959606,0.1321402465769226,0.0524971529590221,0.998562894971431,0.1299663533732784,0.000840779142992,0.888698528424315,0.0002029185103068,0.0655687867978563,0.744738069547906,0.2297179975755858,0.3226759588743298,0.4795390312788146,0.3869585260674902,0.7122999315086683,0.3384193364242871,0.4399805827743853,0.572357103159748,0.5142012940582728,0.5506605763784594,0.1221470276265178,0.1282715225541673,0.1479051156907494,0.4534504804121283,0.4591042182441102,0.4313774227459992,0.75,40104
0,0,0.4866326999293595,-0.2896312917778125,0.0510803894426436,-0.8516609922317622,0.132484428370131,0.5715371617460968,0.0541864731373086,-0.1417806950288363,-0.4864685772839422,0.1846846336412927,-0.0009688720422725,0.4060468917952878,0.2341922650046989,0.5549974019961417,0.0140576463190273,0.3547591622186937,-0.4289470243255512,0.1273973104704045,0.0152293951960787,-0.4844704194330868,0.0027958011959606,0.1321402465769226,0.0524971529590221,0.998562894971431,0.1299663533732784,0.000840779142992,0.888698528424315,0.0002029185103068,0.0655687867978563,0.744738069547906,0.2297179975755858,0.3226759588743298,0.4795390312788146,0.3869585260674902,0.7122999315086683,0.3384193364242871,0.4399805827743853,0.572357103159748,0.5142012940582728,0.5506605763784594,0.1221470276265178,0.1282715225541673,0.1479051156907494,0.4534504804121283,0.4591042182441102,0.4313774227459992,0.75,40115
0,0,0.4866326999293595,-0.2896312917778125,0.0510803894426436,-0.8516609922317622,0.132484428370131,0.5715371617460968,0.0541864731373086,-0.1417806950288363,-0.4864685772839422,0.1846846336412927,-0.0009688720422725,0.4060468917952878,0.2341922650046989,0.5549974019961417,0.0140576463190273,0.3547591622186937,-0.4289470243255512,0.1273973104704045,0.0152293951960787,-0.4844704194330868,0.0027958011959606,0.1321402465769226,0.0524971529590221,0.998562894971431,0.1299663533732784,0.000840779142992,0.888698528424315,0.0002029185103068,0.0655687867978563,0.744738069547906,0.2297179975755858,0.3226759588743298,0.4795390312788146,0.3869585260674902,0.7122999315086683,0.3384193364242871,0.4399805827743853,0.572357103159748,0.5142012940582728,0.5506605763784594,0.1221470276265178,0.1282715225541673,0.1479051156907494,0.4534504804121283,0.4591042182441102,0.4313774227459992,0.75,40126
0,0,0.4866326999293595,-0.2896312917778125,0.0510803894426436,-0.8516609922317622,0.132484428370131,0.5715371617460968,0.0541864731373086,-0.1417806950288363,-0.4864685772839422,0.1846846336412927,-0.0009688720422725,0.4060468917952878,0.2341922650046989,0.5549974019961417,0.0140576463190273,0.3547591622186937,-0.4289470243255512,0.1273973104704045,0.0152293951960787,-0.4844704194330868,0.0027958011959606,0.1321402465769226,0.0524971529590221,0.998562894971431,0.1299663533732784,0.000840779142992,0.888698528424315,0.0002029185103068,0.0655687867978563,0.744738069547906,0.2297179975755858,0.3226759588743298,0.4795390312788146,0.3869585260674902,0.7122999315086683,0.3384193364242871,0.4399805827743853,0.572357103159748,0.5142012940582728,0.5506605763784594,0.1221470276265178,0.1282715225541673,0.1479051156907494,0.4534504804121283,0.4591042182441102,0.4313774227459992,0.75,40136
0,0,0.4866326999293595,-0.2896312917778125,0.0510803894426436,-0.8516609922317622,0.132484428370131,0.5715371617460968,0.0541864731373086,-0.1417806950288363,-0.4864685772839422,0.1846846336412927,-0.0009688720422725,0.4060468917952878,0.2341922650046989,0.5549974019961417,0.0140576463190273,0.3547591622186937,-0.4289470243255512,0.1273973104704045,0.0152293951960787,-0.4844704194330868,0.0027958011959606,0.1321402465769226,0.0524971529590221,0.998562894971431,0.1299663533732784,0.000840779142992,0.888698528424315,0.0002029185103068,0.0655687867978563,0.744738069547906,0.2297179975755858,0.3226759588743298,0.4795390312788146,0.3869585260674902,0.7122999315086683,0.3384193364242871,0.4399805827743853,0.572357103159748,0.5142012940582728,0.5506605763784594,0.1221470276265178,0.1282715225541673,0.1479051156907494,0.4534504804121283,0.4591042182441102,0.4313774227459992,0.75,40146
0,0,0.4866326999293595,-0.2896312917778125,0.0510803894426436,-0.8516609922317622,0.132484428370131,0.5715371617460968,0.0541864731373086,-0.1417806950288363,-0.4864685772839422,0.1846846336412927,-0.0009688720422725,0.4060468917952878,0.2341922650046989,0.5549974019961417,0.0140576463190273,0.3547591622186937,-0.4289470243255512,0.1273973104704045,0.0152293951960787,-0.4844704194330868,0.0027958011959606,0.1321402465769226,0.0524971529590221,0.998562894971431,0.1299663533732784,0.000840779142992,0.888698528424315,0.0002029185103068,0.0655687867978563,0.744738069547906,0.2297179975755858,0.3226759588743298,0.4795390312788146,0.3869585260674902,0.7122999315086683,0.3384193364242871,0.4399805827743853,0.572357103159748,0.5142012940582728,0.5506605763784594,0.1221470276265178,0.1282715225541673,0.1479051156907494,0.4534504804121283,0.4591042182441102,0.4313774227459992,0.75,40156
0,0,0.4866326999293595,-0.2896312917778125,0.0510803894426436,-0.8516609922317622,0.132484428370131,0.5715371617460968,0.0541864731373086,-0.1417806950288363,-0.4864685772839422,0.1846846336412927,-0.0009688720422725,0.4060468917952878,0.2341922650046989,0.5549974019961417,0.0140576463190273,0.3547591622186937,-0.4289470243255512,0.1273973104704045,0.0152293951960787,-0.4844704194330868,0.0027958011959606,0.1321402465769226,0.0524971529590221,0.998562894971431,0.1299663533732784,0.000840779142992,0.888698528424315,0.0002029185103068,0.0655687867978563,0.744738069547906,0.2297179975755858,0.3226759588743298,0.4795390312788146,0.3869585260674902,0.7122999315086683,0.3384193364242871,0.4399805827743853,0.572357103159748,0.5142012940582728,0.5506605763784594,0.1221470276265178,0.1282715225541673,0.1479051156907494,0.4534504804121283,0.4591042182441102,0.4313774227459992,0.75,40166
0,0,0.4866326999293595,-0.2896312917778125,0.0510803894426436,-0.8516609922317622,0.132484428370131,0.5715371617460968,0.0541864731373086,-0.1417806950288363,-0.4864685772839422,0.1846846336412927,-0.0009688720422725,0.4060468917952878,0.2341922650046989,0.5549974019961417,0.0140576463190273,0.3547591622186937,-0.4289470243255512,0.1273973104704045,0.0152293951960787,-0.4844704194330868,0.0027958011959606,0.1321402465769226,0.0524971529590221,0.998562894971431,0.1299663533732784,0.000840779142992,0.888698528424315,0.0002029185103068,0.0655687867978563,0.744738069547906,0.2297179975755858,0.3226759588743298,0.4795390312788146,0.3869585260674902,0.7122999315086683,0.3384193364242871,0.4399805827743853,0.572357103159748,0.5142012940582728,0.5506605763784594,0.1221470276265178,0.1282715225541673,0.1479051156907494,0.4534504804121283,0.4591042182441102,0.4313774227459992,0.75,40176
0,0,0.4866326999293595,-0.2896312917778125,0.0510803894426436,-0.8516609922317622,0.132484428370131,0.5715371617460968,0.0541864731373086,-0.1417806950288363,-0.4864685772839422,0.1846846336412927,-0.0009688720422725,0.4060468917952878,0.2341922650046989,0.5549974019961417,0.0140576463190273,0.3547591622186937,-0.4289470243255512,0.1273973104704045,0.0152293951960787,-0.4844704194330868,0.0027958011959606,0.1321402465769226,0.0524971529590221,0.998562894971431,0.1299663533732784,0.000840779142992,0.888698528424315,0.0002029185103068,0.0655687867978563,0.744738069547906,0.2297179975755858,0.3226759588743298,0.4795390312788146,0.3869585260674902,0.7122999315086683,0.3384193364242871,0.4399805827743853,0.572357103159748,0.5142012940582728,0.5506605763784594,0.1221470276265178,0.1282715225541673,0.1479051156907494,0.4534504804121283,0.4591042182441102,0.4313774227459992,0.75,40186
0,0,0.4866326999293595,-0.2896312917778125,0.0510803894426436,-0.8516609922317622,0.132484428370131,0.5715371617460968,0.0541864731373086,-0.1417806950288363,-0.4864685772839422,0.1846846336412927,-0.0009688720422725,0.4060468917952878,0.2341922650046989,0.5549974019961417,0.0140576463190273,0.3547591622186937,-0.4289470243255512,0.1273973104704045,0.0152293951960787,-0.4844704194330868,0.0027958011959606,0.1321402465769226,0.0524971529590221,0.998562894971431,0.1299663533732784,0.000840779142992,0.888698528424315,0.0002029185103068,0.0655687867978563,0.744738069547906,0.2297179975755858,0.3226759588743298,0.4795390312788146,0.3869585260674902,0.7122999315086683,0.3384193364242871,0.4399805827743853,0.572357103159748,0.5142012940582728,0.5506605763784594,0.1221470276265178,0.1282715225541673,0.1479051156907494,0.4534504804121283,0.4591042182441102,0.4313774227459992,0.75,40196
0,0,0.4866326999293595,-0.2896312917778125,0.0510803894426436,-0.8516609922317622,0.132484428370131,0.5715371617460968,0.0541864731373086,-0.1417806950288363,-0.4864685772839422,0.1846846336412927,-0.0009688720422725,0.4060468917952878,0.2341922650046989,0.5549974019961417,0.0140576463190273,0.3547591622186937,-0.4289470243255512,0.1273973104704045,0.0152293951960787,-0.4844704194330868,0.0027958011959606,0.1321402465769226,0.0524971529590221,0.998562894971431,0.1299663533732784,0.000840779142992,0.888698528424315,0.0002029185103068,0.0655687867978563,0.744738069547906,0.2297179975755858,0.3226759588743298,0.4795390312788146,0.3869585260674902,0.7122999315086683,0.3384193364242871,0.4399805827743853,0.572357103159748,0.5142012940582728,0.5506605763784594,0.1221470276265178,0.1282715225541673,0.1479051156907494,0.4534504804121283,0.4591042182441102,0.4313774227459992,0.75,40206
0,0,0.4866326999293595,-0.2896312917778125,0.0510803894426436,-0.8516609922317622,0.132484428370131,0.5715371617460968,0.0541864731373086,-0.1417806950288363,-0.4864685772839422,0.1846846336412927,-0.0009688720422725,0.4060468917952878,0.2341922650046989,0.5549974019961417,0.0140576463190273,0.3547591622186937,-0.4289470243255512,0.1273973104704045,0.0152293951960787,-0.4844704194330868,0.0027958011959606,0.1321402465769226,0.0524971529590221,0.998562894971431,0.1299663533732784,0.000840779142992,0.888698528424315,0.0002029185103068,0.0655687867978563,0.744738069547906,0.2297179975755858,0.3226759588743298,0.4795390312788146,0.3869585260674902,0.7122999315086683,0.3384193364242871,0.4399805827743853,0.572357103159748,0.5142012940582728,0.5506605763784594,0.1221470276265178,0.1282715225541673,0.1479051156907494,0.4534504804121283,0.4591042182441102,0.4313774227459992,0.75,40216
0,0,0.4866326999293595,-0.2896312917778125,0.0510803894426436,-0.8516609922317622,0.132484428370131,0.5715371617460968,0.0541864731373086,-0.1417806950288363,-0.4864685772839422,0.1846846336412927,-0.0009688720422725,0.4060468917952878,0.2341922650046989,0.5549974019961417,0.0140576463190273,0.3547591622186937,-0.4289470243255512,0.1273973104704045,0.0152293951960787,-0.4844704194330868,0.0027958011959606,0.1321402465769226,0.0524971529590221,0.998562894971431,0.1299663533732784,0.000840779142992,0.888698528424315,0.0002029185103068,0.0655687867978563,0.744738069547906,0.2297179975755858,0.3226759588743298,0.4795390312788146,0.3869585260674902,0.7122999315086683,0.3384193364242871,0.4399805827743853,0.572357103159748,0.5142012940582728,0.5506605763784594,0.1221470276265178,0.1282715225541673,0.1479051156907494,0.4534504804121283,0.4591042182441102,0.4313774227459992,0.75,40226
0,0,0.4866326999293595,-0.2896312917778125,0.0510803894426436,-0.8516609922317622,0.132484428370131,0.5715371617460968,0.0541864731373086,-0.1417806950288363,-0.4864685772839422,0.1846846336412927,-0.0009688720422725,0.4060468917952878,0.2341922650046989,0.5549974019961417,0.0140576463190273,0.3547591622186937,-0.4289470243255512,0.1273973104704045,0.0152293951960787,-0.4844704194330868,0.0027958011959606,0.1321402465769226,0.0524971529590221,0.998562894971431,0.1299663533732784,0.000840779142992,0.888698528424315,0.0002029185103068,0.0655687867978563,0.744738069547906,0.2297179975755858,0.3226759588743298,0.4795390312788146,0.3869585260674902,0.7122999315086683,0.3384193364242871,0.4399805827743853,0.572357103159748,0.5142012940582728,0.5506605763784594,0.1221470276265178,0.1282715225541673,0.1479051156907494,0.4534504804121283,0.4591042182441102,0.4313774227459992,0.75,40246
0,0,0.4866326999293595,-0.2896312917778125,0.0510803894426436,-0.8516609922317622,0.132484428370131,0.5715371617460968,0.0541864731373086,-0.1417806950288363,-0.4864685772839422,0.1846846336412927,-0.0009688720422725,0.4060468917952878,0.2341922650046989,0.5549974019961417,0.0140576463190273,0.3547591622186937,-0.4289470243255512,0.1273973104704045,0.0152293951960787,-0.4844704194330868,0.0027958011959606,0.1321402465769226,0.0524971529590221,0.998562894971431,0.1299663533732784,0.000840779142992,0.888698528424315,0.0002029185103068,0.0655687867978563,0.744738069547906,0.2297179975755858,0.3226759588743298,0.4795390312788146,0.3869585260674902,0.7122999315086683,0.3384193364242871,0.4399805827743853,0.572357103159748,0.5142012940582728,0.5506605763784594,0.1221470276265178,0.1282715225541673,0.1479051156907494,0.4534504804121283,0.4591042182441102,0.4313774227459992,0.75,40256
0,0,0.4866326999293595,-0.2896312917778125,0.0510803894426436,-0.8516609922317622,0.132484428370131,0.5715371617460968,0.0541864731373086,-0.1417806950288363,-0.4864685772839422,0.1846846336412927,-0.0009688720422725,0.4060468917952878,0.2341922650046989,0.5549974019961417,0.0140576463190273,0.3547591622186937,-0.4289470243255512,0.1273973104704045,0.0152293951960787,-0.4844704194330868,0.0027958011959606,0.1321402465769226,0.0524971529590221,0.998562894971431,0.1299663533732784,0.000840779142992,0.888698528424315,0.0002029185103068,0.0655687867978563,0.744738069547906,0.2297179975755858,0.3226759588743298,0.4795390312788146,0.3869585260674902,0.7122999315086683,0.3384193364242871,0.4399805827743853,0.572357103159748,0.5142012940582728,0.5506605763784594,0.1221470276265178,0.1282715225541673,0.1479051156907494,0.4534504804121283,0.4591042182441102,0.4313774227459992,0.75,40267
0,0,0.4866326999293595,-0.2896312917778125,0.0510803894426436,-0.8516609922317622,0.132484428370131,0.5715371617460968,0.0541864731373086,-0.1417806950288363,-0.4864685772839422,0.1846846336412927,-0.0009688720422725,0.4060468917952878,0.2341922650046989,0.5549974019961417,0.0140576463190273,0.3547591622186937,-0.4289470243255512,0.1273973104704045,0.0152293951960787,-0.4844704194330868,0.0027958011959606,0.1321402465769226,0.0524971529590221,0.998562894971431,0.1299663533732784,0.000840779142992,0.888698528424315,0.0002029185103068,0.0655687867978563,0.744738069547906,0.2297179975755858,0.3226759588743298,0.4795390312788146,0.3869585260674902,0.7122999315086683,0.3384193364242871,0.4399805827743853,0.572357103159748,0.5142012940582728,0.5506605763784594,0.1221470276265178,0.1282715225541673,0.1479051156907494,0.4534504804121283,0.4591042182441102,0.4313774227459992,0.75,40278
0,0,0.4866326999293595,-0.2896312917778125,0.0510803894426436,-0.8516609922317622,0.132484428370131,0.5715371617460968,0.0541864731373086,-0.1417806950288363,-0.4864685772839422,0.1846846336412927,-0.0009688720422725,0.4060468917952878,0.2341922650046989,0.5549974019961417,0.0140576463190273,0.3547591622186937,-0.4289470243255512,0.1273973104704045,0.0152293951960787,-0.4844704194330868,0.0027958011959606,0.1321402465769226,0.0524971529590221,0.998562894971431,0.1299663533732784,0.000840779142992,0.888698528424315,0.0002029185103068,0.0655687867978563,0.744738069547906,0.2297179975755858,0.3226759588743298,0.4795390312788146,0.3869585260674902,0.7122999315086683,0.3384193364242871,0.4399805827743853,0.572357103159748,0.5142012940582728,0.5506605763784594,0.1221470276265178,0.1282715225541673,0.1479051156907494,0.4534504804121283,0.4591042182441102,0.4313774227459992,0.75,40297
0,0,0.4866326999293595,-0.2896312917778125,0.0510803894426436,-0.8516609922317622,0.132484428370131,0.5715371617460968,0.0541864731373086,-0.1417806950288363,-0.4864685772839422,0.1846846336412927,-0.0009688720422725,0.4060468917952878,0.2341922650046989,0.5549974019961417,0.0140576463190273,0.3547591622186937,-0.4289470243255512,0.1273973104704045,0.0152293951960787,-0.4844704194330868,0.0027958011959606,0.1321402465769226,0.0524971529590221,0.998562894971431,0.1299663533732784,0.000840779142992,0.888698528424315,0.0002029185103068,0.0655687867978563,0.744738069547906,0.2297179975755858,0.3226759588743298,0.4795390312788146,0.3869585260674902,0.7122999315086683,0.3384193364242871,0.4399805827743853,0.572357103159748,0.5142012940582728,0.5506605763784594,0.1221470276265178,0.1282715225541673,0.1479051156907494,0.4534504804121283,0.4591042182441102,0.4313774227459992,0.75,40307
0,0,0.4866326999293595,-0.2896312917778125,0.0510803894426436,-0.8516609922317622,0.132484428370131,0.5715371617460968,0.0541864731373086,-0.1417806950288363,-0.4864685772839422,0.1846846336412927,-0.0009688720422725,0.4060468917952878,0.2341922650046989,0.5549974019961417,0.0140576463190273,0.3547591622186937,-0.4289470243255512,0.1273973104704045,0.0152293951960787,-0.4844704194330868,0.0027958011959606,0.1321402465769226,0.0524971529590221,0.998562894971431,0.1299663533732784,0.000840779142992,0.888698528424315,0.0002029185103068,0.0655687867978563,0.744738069547906,0.2297179975755858,0.3226759588743298,0.4795390312788146,0.3869585260674902,0.7122999315086683,0.3384193364242871,0.4399805827743853,0.572357103159748,0.5142012940582728,0.5506605763784594,0.1221470276265178,0.1282715225541673,0.1479051156907494,0.4534504804121283,0.4591042182441102,0.4313774227459992,0.75,40326
0,0,0.4866326999293595,-0.2896312917778125,0.0510803894426436,-0.8516609922317622,0.132484428370131,0.5715371617460968,0.0541864731373086,-0.1417806950288363,-0.4864685772839422,0.1846846336412927,-0.0009688720422725,0.4060468917952878,0.2341922650046989,0.5549974019961417,0.0140576463190273,0.3547591622186937,-0.4289470243255512,0.1273973104704045,0.0152293951960787,-0.4844704194330868,0.0027958011959606,0.1321402465769226,0.0524971529590221,0.998562894971431,0.1299663533732784,0.000840779142992,0.888698528424315,0.0002029185103068,0.0655687867978563,0.744738069547906,0.2297179975755858,0.3226759588743298,0.4795390312788146,0.3869585260674902,0.7122999315086683,0.3384193364242871,0.4399805827743853,0.572357103159748,0.5142012940582728,0.5506605763784594,0.1221470276265178,0.1282715225541673,0.1479051156907494,0.4534504804121283,0.4591042182441102,0.4313774227459992,0.75,40337
0,0,0.4866326999293595,-0.2896312917778125,0.0510803894426436,-0.8516609922317622,0.132484428370131,0.5715371617460968,0.0541864731373086,-0.1417806950288363,-0.4864685772839422,0.1846846336412927,-0.0009688720422725,0.4060468917952878,0.2341922650046989,0.5549974019961417,0.0140576463190273,0.3547591622186937,-0.4289470243255512,0.1273973104704045,0.0152293951960787,-0.4844704194330868,0.0027958011959606,0.1321402465769226,0.0524971529590221,0.998562894971431,0.1299663533732784,0.000840779142992,0.888698528424315,0.0002029185103068,0.0655687867978563,0.744738069547906,0.2297179975755858,0.3226759588743298,0.4795390312788146,0.3869585260674902,0.7122999315086683,0.3384193364242871,0.4399805827743853,0.572357103159748,0.5142012940582728,0.5506605763784594,0.1221470276265178,0.1282715225541673,0.1479051156907494,0.4534504804121283,0.4591042182441102,0.4313774227459992,0.75,40348
0,0,0.4866326999293595,-0.2896312917778125,0.0510803894426436,-0.8516609922317622,0.132484428370131,0.5715371617460968,0.0541864731373086,-0.1417806950288363,-0.4864685772839422,0.1846846336412927,-0.0009688720422725,0.4060468917952878,0.2341922650046989,0.5549974019961417,0.0140576463190273,0.3547591622186937,-0.4289470243255512,0.1273973104704045,0.0152293951960787,-0.4844704194330868,0.0027958011959606,0.1321402465769226,0.0524971529590221,0.998562894971431,0.1299663533732784,0.000840779142992,0.888698528424315,0.0002029185103068,0.0655687867978563,0.744738069547906,0.2297179975755858,0.3226759588743298,0.4795390312788146,0.3869585260674902,0.7122999315086683,0.3384193364242871,0.4399805827743853,0.572357103159748,0.5142012940582728,0.5506605763784594,0.1221470276265178,0.1282715225541673,0.1479051156907494,0.4534504804121283,0.4591042182441102,0.4313774227459992,0.75,40358
0,0,0.4866326999293595,-0.2896312917778125,0.0510803894426436,-0.8516609922317622,0.132484428370131,0.5715371617460968,0.0541864731373086,-0.1417806950288363,-0.4864685772839422,0.1846846336412927,-0.0009688720422725,0.4060468917952878,0.2341922650046989,0.5549974019961417,0.0140576463190273,0.3547591622186937,-0.4289470243255512,0.1273973104704045,0.0152293951960787,-0.4844704194330868,0.0027958011959606,0.1321402465769226,0.0524971529590221,0.998562894971431,0.1299663533732784,0.000840779142992,0.888698528424315,0.0002029185103068,0.0655687867978563,0.744738069547906,0.2297179975755858,0.3226759588743298,0.4795390312788146,0.3869585260674902,0.7122999315086683,0.3384193364242871,0.4399805827743853,0.572357103159748,0.5142012940582728,0.5506605763784594,0.1221470276265178,0.1282715225541673,0.1479051156907494,0.4534504804121283,0.4591042182441102,0.4313774227459992,0.75,40368
0,0,0.4866326999293595,-0.2896312917778125,0.0510803894426436,-0.8516609922317622,0.132484428370131,0.5715371617460968,0.0541864731373086,-0.1417806950288363,-0.4864685772839422,0.1846846336412927,-0.0009688720422725,0.4060468917952878,0.2341922650046989,0.5549974019961417,0.0140576463190273,0.3547591622186937,-0.4289470243255512,0.1273973104704045,0.0152293951960787,-0.4844704194330868,0.0027958011959606,0.1321402465769226,0.0524971529590221,0.998562894971431,0.1299663533732784,0.000840779142992,0.888698528424315,0.0002029185103068,0.0655687867978563,0.744738069547906,0.2297179975755858,0.3226759588743298,0.4795390312788146,0.3869585260674902,0.7122999315086683,0.3384193364242871,0.4399805827743853,0.572357103159748,0.5142012940582728,0.5506605763784594,0.1221470276265178,0.1282715225541673,0.1479051156907494,0.4534504804121283,0.4591042182441102,0.4313774227459992,0.75,40378
0,0,0.4866326999293595,-0.2896312917778125,0.0510803894426436,-0.8516609922317622,0.132484428370131,0.5715371617460968,0.0541864731373086,-0.1417806950288363,-0.4864685772839422,0.1846846336412927,-0.0009688720422725,0.4060468917952878,0.2341922650046989,0.5549974019961417,0.0140576463190273,0.3547591622186937,-0.4289470243255512,0.1273973104704045,0.0152293951960787,-0.4844704194330868,0.0027958011959606,0.1321402465769226,0.0524971529590221,0.998562894971431,0.1299663533732784,0.000840779142992,0.888698528424315,0.0002029185103068,0.0655687867978563,0.744738069547906,0.2297179975755858,0.3226759588743298,0.4795390312788146,0.3869585260674902,0.7122999315086683,0.3384193364242871,0.4399805827743853,0.572357103159748,0.5142012940582728,0.5506605763784594,0.1221470276265178,0.1282715225541673,0.1479051156907494,0.4534504804121283,0.4591042182441102,0.4313774227459992,0.75,40388
0,0,0.4866326999293595,-0.2896312917778125,0.0510803894426436,-0.8516609922317622,0.132484428370131,0.5715371617460968,0.0541864731373086,-0.1417806950288363,-0.4864685772839422,0.1846846336412927,-0.0009688720422725,0.4060468917952878,0.2341922650046989,0.5549974019961417,0.0140576463190273,0.3547591622186937,-0.4289470243255512,0.1273973104704045,0.0152293951960787,-0.4844704194330868,0.0027958011959606,0.1321402465769226,0.0524971529590221,0.998562894971431,0.1299663533732784,0.000840779142992,0.888698528424315,0.0002029185103068,0.0655687867978563,0.744738069547906,0.2297179975755858,0.3226759588743298,0.4795390312788146,0.3869585260674902,0.7122999315086683,0.3384193364242871,0.4399805827743853,0.572357103159748,0.5142012940582728,0.5506605763784594,0.1221470276265178,0.1282715225541673,0.1479051156907494,0.4534504804121283,0.4591042182441102,0.4313774227459992,0.75,40398
0,0,0.4866326999293595,-0.2896312917778125,0.0510803894426436,-0.8516609922317622,0.132484428370131,0.5715371617460968,0.0541864731373086,-0.1417806950288363,-0.4864685772839422,0.1846846336412927,-0.0009688720422725,0.4060468917952878,0.2341922650046989,0.5549974019961417,0.0140576463190273,0.3547591622186937,-0.4289470243255512,0.1273973104704045,0.0152293951960787,-0.4844704194330868,0.0027958011959606,0.1321402465769226,0.0524971529590221,0.998562894971431,0.1299663533732784,0.000840779142992,0.888698528424315,0.0002029185103068,0.0655687867978563,0.744738069547906,0.2297179975755858,0.3226759588743298,0.4795390312788146,0.3869585260674902,0.7122999315086683,0.3384193364242871,0.4399805827743853,0.572357103159748,0.5142012940582728,0.5506605763784594,0.1221470276265178,0.1282715225541673,0.1479051156907494,0.4534504804121283,0.4591042182441102,0.4313774227459992,0.75,40408
0,0,0.4866326999293595,-0.2896312917778125,0.0510803894426436,-0.8516609922317622,0.132484428370131,0.5715371617460968,0.0541864731373086,-0.1417806950288363,-0.4864685772839422,0.1846846336412927,-0.0009688720422725,0.4060468917952878,0.2341922650046989,0.5549974019961417,0.0140576463190273,0.3547591622186937,-0.4289470243255512,0.1273973104704045,0.0152293951960787,-0.4844704194330868,0.0027958011959606,0.1321402465769226,0.0524971529590221,0.998562894971431,0.1299663533732784,0.000840779142992,0.888698528424315,0.0002029185103068,0.0655687867978563,0.744738069547906,0.2297179975755858,0.3226759588743298,0.4795390312788146,0.3869585260674902,0.7122999315086683,0.3384193364242871,0.4399805827743853,0.572357103159748,0.5142012940582728,0.5506605763784594,0.1221470276265178,0.1282715225541673,0.1479051156907494,0.4534504804121283,0.4591042182441102,0.4313774227459992,0.75,40418
0,0,0.4866326999293595,-0.2896312917778125,0.0510803894426436,-0.8516609922317622,0.132484428370131,0.5715371617460968,0.0541864731373086,-0.1417806950288363,-0.4864685772839422,0.1846846336412927,-0.0009688720422725,0.4060468917952878,0.2341922650046989,0.5549974019961417,0.0140576463190273,0.3547591622186937,-0.4289470243255512,0.1273973104704045,0.0152293951960787,-0.4844704194330868,0.0027958011959606,0.1321402465769226,0.0524971529590221,0.998562894971431,0.1299663533732784,0.000840779142992,0.888698528424315,0.0002029185103068,0.0655687867978563,0.744738069547906,0.2297179975755858,0.3226759588743298,0.4795390312788146,0.3869585260674902,0.7122999315086683,0.3384193364242871,0.4399805827743853,0.572357103159748,0.5142012940582728,0.5506605763784594,0.1221470276265178,0.1282715225541673,0.1479051156907494,0.4534504804121283,0.4591042182441102,0.4313774227459992,0.75,40428
0,0,0.4866326999293595,-0.2896312917778125,0.0510803894426436,-0.8516609922317622,0.132484428370131,0.5715371617460968,0.0541864731373086,-0.1417806950288363,-0.4864685772839422,0.1846846336412927,-0.0009688720422725,0.4060468917952878,0.2341922650046989,0.5549974019961417,0.0140576463190273,0.3547591622186937,-0.4289470243255512,0.1273973104704045,0.0152293951960787,-0.4844704194330868,0.0027958011959606,0.1321402465769226,0.0524971529590221,0.998562894971431,0.1299663533732784,0.000840779142992,0.888698528424315,0.0002029185103068,0.0655687867978563,0.744738069547906,0.2297179975755858,0.3226759588743298,0.4795390312788146,0.3869585260674902,0.7122999315086683,0.3384193364242871,0.4399805827743853,0.572357103159748,0.5142012940582728,0.5506605763784594,0.1221470276265178,0.1282715225541673,0.1479051156907494,0.4534504804121283,0.4591042182441102,0.4313774227459992,0.75,40438
0,0,0.4866326999293595,-0.2896312917778125,0.0510803894426436,-0.8516609922317622,0.132484428370131,0.5715371617460968,0.0541864731373086,-0.1417806950288363,-0.4864685772839422,0.1846846336412927,-0.0009688720422725,0.4060468917952878,0.2341922650046989,0.5549974019961417,0.0140576463190273,0.3547591622186937,-0.4289470243255512,0.1273973104704045,0.0152293951960787,-0.4844704194330868,0.0027958011959606,0.1321402465769226,0.0524971529590221,0.998562894971431,0.1299663533732784,0.000840779142992,0.888698528424315,0.0002029185103068,0.0655687867978563,0.744738069547906,0.2297179975755858,0.3226759588743298,0.4795390312788146,0.3869585260674902,0.7122999315086683,0.3384193364242871,0.4399805827743853,0.572357103159748,0.5142012940582728,0.5506605763784594,0.1221470276265178,0.1282715225541673,0.1479051156907494,0.4534504804121283,0.4591042182441102,0.4313774227459992,0.75,40457
0,0,0.4866326999293595,-0.2896312917778125,0.0510803894426436,-0.8516609922317622,0.132484428370131,0.5715371617460968,0.0541864731373086,-0.1417806950288363,-0.4864685772839422,0.1846846336412927,-0.0009688720422725,0.4060468917952878,0.2341922650046989,0.5549974019961417,0.0140576463190273,0.3547591622186937,-0.4289470243255512,0.1273973104704045,0.0152293951960787,-0.4844704194330868,0.0027958011959606,0.1321402465769226,0.0524971529590221,0.998562894971431,0.1299663533732784,0.000840779142992,0.888698528424315,0.0002029185103068,0.0655687867978563,0.744738069547906,0.2297179975755858,0.3226759588743298,0.4795390312788146,0.3869585260674902,0.7122999315086683,0.3384193364242871,0.4399805827743853,0.572357103159748,0.5142012940582728,0.5506605763784594,0.1221470276265178,0.1282715225541673,0.1479051156907494,0.4534504804121283,0.4591042182441102,0.4313774227459992,0.75,40467
0,0,0.4866326999293595,-0.2896312917778125,0.0510803894426436,-0.8516609922317622,0.132484428370131,0.5715371617460968,0.0541864731373086,-0.1417806950288363,-0.4864685772839422,0.1846846336412927,-0.0009688720422725,0.4060468917952878,0.2341922650046989,0.5549974019961417,0.0140576463190273,0.3547591622186937,-0.4289470243255512,0.1273973104704045,0.0152293951960787,-0.4844704194330868,0.0027958011959606,0.1321402465769226,0.0524971529590221,0.998562894971431,0.1299663533732784,0.000840779142992,0.888698528424315,0.0002029185103068,0.0655687867978563,0.744738069547906,0.2297179975755858,0.3226759588743298,0.4795390312788146,0.3869585260674902,0.7122999315086683,0.3384193364242871,0.4399805827743853,0.572357103159748,0.5142012940582728,0.5506605763784594,0.1221470276265178,0.1282715225541673,0.1479051156907494,0.4534504804121283,0.4591042182441102,0.4313774227459992,0.75,40478
0,0,0.4866326999293595,-0.2896312917778125,0.0510803894426436,-0.8516609922317622,0.132484428370131,0.5715371617460968,0.0541864731373086,-0.1417806950288363,-0.4864685772839422,0.1846846336412927,-0.0009688720422725,0.4060468917952878,0.2341922650046989,0.5549974019961417,0.0140576463190273,0.3547591622186937,-0.4289470243255512,0.1273973104704045,0.0152293951960787,-0.4844704194330868,0.0027958011959606,0.1321402465769226,0.0524971529590221,0.998562894971431,0.1299663533732784,0.000840779142992,0.888698528424315,0.0002029185103068,0.0655687867978563,0.744738069547906,0.2297179975755858,0.3226759588743298,0.4795390312788146,0.3869585260674902,0.7122999315086683,0.3384193364242871,0.4399805827743853,0.572357103159748,0.5142012940582728,0.5506605763784594,0.1221470276265178,0.1282715225541673,0.1479051156907494,0.4534504804121283,0.4591042182441102,0.4313774227459992,0.75,40497
0,0,0.4866326999293595,-0.2896312917778125,0.0510803894426436,-0.8516609922317622,0.132484428370131,0.5715371617460968,0.0541864731373086,-0.1417806950288363,-0.4864685772839422,0.1846846336412927,-0.0009688720422725,0.4060468917952878,0.2341922650046989,0.5549974019961417,0.0140576463190273,0.3547591622186937,-0.4289470243255512,0.1273973104704045,0.0152293951960787,-0.4844704194330868,0.0027958011959606,0.1321402465769226,0.0524971529590221,0.998562894971431,0.1299663533732784,0.000840779142992,0.888698528424315,0.0002029185103068,0.0655687867978563,0.744738069547906,0.2297179975755858,0.3226759588743298,0.4795390312788146,0.3869585260674902,0.7122999315086683,0.3384193364242871,0.4399805827743853,0.572357103159748,0.5142012940582728,0.5506605763784594,0.1221470276265178,0.1282715225541673,0.1479051156907494,0.4534504804121283,0.4591042182441102,0.4313774227459992,0.75,40507
0,0,0.4866326999293595,-0.2896312917778125,0.0510803894426436,-0.8516609922317622,0.132484428370131,0.5715371617460968,0.0541864731373086,-0.1417806950288363,-0.4864685772839422,0.1846846336412927,-0.0009688720422725,0.4060468917952878,0.2341922650046989,0.5549974019961417,0.0140576463190273,0.3547591622186937,-0.4289470243255512,0.1273973104704045,0.0152293951960787,-0.4844704194330868,0.0027958011959606,0.1321402465769226,0.0524971529590221,0.998562894971431,0.1299663533732784,0.000840779142992,0.888698528424315,0.0002029185103068,0.0655687867978563,0.744738069547906,0.2297179975755858,0.3226759588743298,0.4795390312788146,0.3869585260674902,0.7122999315086683,0.3384193364242871,0.4399805827743853,0.572357103159748,0.5142012940582728,0.5506605763784594,0.1221470276265178,0.1282715225541673,0.1479051156907494,0.4534504804121283,0.4591042182441102,0.4313774227459992,0.75,40525
0,0,0.4866326999293595,-0.2896312917778125,0.0510803894426436,-0.8516609922317622,0.132484428370131,0.5715371617460968,0.0541864731373086,-0.1417806950288363,-0.4864685772839422,0.1846846336412927,-0.0009688720422725,0.4060468917952878,0.2341922650046989,0.5549974019961417,0.0140576463190273,0.3547591622186937,-0.4289470243255512,0.1273973104704045,0.0152293951960787,-0.4844704194330868,0.0027958011959606,0.1321402465769226,0.0524971529590221,0.998562894971431,0.1299663533732784,0.000840779142992,0.888698528424315,0.0002029185103068,0.0655687867978563,0.744738069547906,0.2297179975755858,0.3226759588743298,0.4795390312788146,0.3869585260674902,0.7122999315086683,0.3384193364242871,0.4399805827743853,0.572357103159748,0.5142012940582728,0.5506605763784594,0.1221470276265178,0.1282715225541673,0.1479051156907494,0.4534504804121283,0.4591042182441102,0.4313774227459992,0.75,40536
0,0,0.4866326999293595,-0.2896312917778125,0.0510803894426436,-0.8516609922317622,0.132484428370131,0.5715371617460968,0.0541864731373086,-0.1417806950288363,-0.4864685772839422,0.1846846336412927,-0.0009688720422725,0.4060468917952878,0.2341922650046989,0.5549974019961417,0.0140576463190273,0.3547591622186937,-0.4289470243255512,0.1273973104704045,0.0152293951960787,-0.4844704194330868,0.0027958011959606,0.1321402465769226,0.0524971529590221,0.998562894971431,0.1299663533732784,0.000840779142992,0.888698528424315,0.0002029185103068,0.0655687867978563,0.744738069547906,0.2297179975755858,0.3226759588743298,0.4795390312788146,0.3869585260674902,0.7122999315086683,0.3384193364242871,0.4399805827743853,0.572357103159748,0.5142012940582728,0.5506605763784594,0.1221470276265178,0.1282715225541673,0.1479051156907494,0.4534504804121283,0.4591042182441102,0.4313774227459992,0.75,40547
0,0,0.4866326999293595,-0.2896312917778125,0.0510803894426436,-0.8516609922317622,0.132484428370131,0.5715371617460968,0.0541864731373086,-0.1417806950288363,-0.4864685772839422,0.1846846336412927,-0.0009688720422725,0.4060468917952878,0.2341922650046989,0.5549974019961417,0.0140576463190273,0.3547591622186937,-0.4289470243255512,0.1273973104704045,0.0152293951960787,-0.4844704194330868,0.0027958011959606,0.1321402465769226,0.0524971529590221,0.998562894971431,0.1299663533732784,0.000840779142992,0.888698528424315,0.0002029185103068,0.0655687867978563,0.744738069547906,0.2297179975755858,0.3226759588743298,0.4795390312788146,0.3869585260674902,0.7122999315086683,0.3384193364242871,0.4399805827743853,0.572357103159748,0.5142012940582728,0.5506605763784594,0.1221470276265178,0.1282715225541673,0.1479051156907494,0.4534504804121283,0.4591042182441102,0.4313774227459992,0.75,40566
0,0,0.4866326999293595,-0.2896312917778125,0.0510803894426436,-0.8516609922317622,0.132484428370131,0.5715371617460968,0.0541864731373086,-0.1417806950288363,-0.4864685772839422,0.1846846336412927,-0.0009688720422725,0.4060468917952878,0.2341922650046989,0.5549974019961417,0.0140576463190273,0.3547591622186937,-0.4289470243255512,0.1273973104704045,0.0152293951960787,-0.4844704194330868,0.0027958011959606,0.1321402465769226,0.0524971529590221,0.998562894971431,0.1299663533732784,0.000840779142992,0.888698528424315,0.0002029185103068,0.0655687867978563,0.744738069547906,0.2297179975755858,0.3226759588743298,0.4795390312788146,0.3869585260674902,0.7122999315086683,0.3384193364242871,0.4399805827743853,0.572357103159748,0.5142012940582728,0.5506605763784594,0.1221470276265178,0.1282715225541673,0.1479051156907494,0.4534504804121283,0.4591042182441102,0.4313774227459992,0.75,40576
0,0,0.4866326999293595,-0.2896312917778125,0.0510803894426436,-0.8516609922317622,0.132484428370131,0.5715371617460968,0.0541864731373086,-0.1417806950288363,-0.4864685772839422,0.1846846336412927,-0.0009688720422725,0.4060468917952878,0.2341922650046989,0.5549974019961417,0.0140576463190273,0.3547591622186937,-0.4289470243255512,0.1273973104704045,0.0152293951960787,-0.4844704194330868,0.0027958011959606,0.1321402465769226,0.0524971529590221,0.998562894971431,0.1299663533732784,0.000840779142992,0.888698528424315,0.0002029185103068,0.0655687867978563,0.744738069547906,0.2297179975755858,0.3226759588743298,0.4795390312788146,0.3869585260674902,0.7122999315086683,0.3384193364242871,0.4399805827743853,0.572357103159748,0.5142012940582728,0.5506605763784594,0.1221470276265178,0.1282715225541673,0.1479051156907494,0.4534504804121283,0.4591042182441102,0.4313774227459992,0.75,40587
0,0,0.4866326999293595,-0.2896312917778125,0.0510803894426436,-0.8516609922317622,0.132484428370131,0.5715371617460968,0.0541864731373086,-0.1417806950288363,-0.4864685772839422,0.1846846336412927,-0.0009688720422725,0.4060468917952878,0.2341922650046989,0.5549974019961417,0.0140576463190273,0.3547591622186937,-0.4289470243255512,0.1273973104704045,0.0152293951960787,-0.4844704194330868,0.0027958011959606,0.1321402465769226,0.0524971529590221,0.998562894971431,0.1299663533732784,0.000840779142992,0.888698528424315,0.0002029185103068,0.0655687867978563,0.744738069547906,0.2297179975755858,0.3226759588743298,0.4795390312788146,0.3869585260674902,0.7122999315086683,0.3384193364242871,0.4399805827743853,0.572357103159748,0.5142012940582728,0.5506605763784594,0.1221470276265178,0.1282715225541673,0.1479051156907494,0.4534504804121283,0.4591042182441102,0.4313774227459992,0.75,40605
0,0,0.4866326999293595,-0.2896312917778125,0.0510803894426436,-0.8516609922317622,0.132484428370131,0.5715371617460968,0.0541864731373086,-0.1417806950288363,-0.4864685772839422,0.1846846336412927,-0.0009688720422725,0.4060468917952878,0.2341922650046989,0.5549974019961417,0.0140576463190273,0.3547591622186937,-0.4289470243255512,0.1273973104704045,0.0152293951960787,-0.4844704194330868,0.0027958011959606,0.1321402465769226,0.0524971529590221,0.998562894971431,0.1299663533732784,0.000840779142992,0.888698528424315,0.0002029185103068,0.0655687867978563,0.744738069547906,0.2297179975755858,0.3226759588743298,0.4795390312788146,0.3869585260674902,0.7122999315086683,0.3384193364242871,0.4399805827743853,0.572357103159748,0.5142012940582728,0.5506605763784594,0.1221470276265178,0.1282715225541673,0.1479051156907494,0.4534504804121283,0.4591042182441102,0.4313774227459992,0.75,40615
0,0,0.4866326999293595,-0.2896312917778125,0.0510803894426436,-0.8516609922317622,0.132484428370131,0.5715371617460968,0.0541864731373086,-0.1417806950288363,-0.4864685772839422,0.1846846336412927,-0.0009688720422725,0.4060468917952878,0.2341922650046989,0.5549974019961417,0.0140576463190273,0.3547591622186937,-0.4289470243255512,0.1273973104704045,0.0152293951960787,-0.4844704194330868,0.0027958011959606,0.1321402465769226,0.0524971529590221,0.998562894971431,0.1299663533732784,0.000840779142992,0.888698528424315,0.0002029185103068,0.0655687867978563,0.744738069547906,0.2297179975755858,0.3226759588743298,0.4795390312788146,0.3869585260674902,0.7122999315086683,0.3384193364242871,0.4399805827743853,0.572357103159748,0.5142012940582728,0.5506605763784594,0.1221470276265178,0.1282715225541673,0.1479051156907494,0.4534504804121283,0.4591042182441102,0.4313774227459992,0.75,40625
0,0,0.4866326999293595,-0.2896312917778125,0.0510803894426436,-0.8516609922317622,0.132484428370131,0.5715371617460968,0.0541864731373086,-0.1417806950288363,-0.4864685772839422,0.1846846336412927,-0.0009688720422725,0.4060468917952878,0.2341922650046989,0.5549974019961417,0.0140576463190273,0.3547591622186937,-0.4289470243255512,0.1273973104704045,0.0152293951960787,-0.4844704194330868,0.0027958011959606,0.1321402465769226,0.0524971529590221,0.998562894971431,0.1299663533732784,0.000840779142992,0.888698528424315,0.0002029185103068,0.0655687867978563,0.744738069547906,0.2297179975755858,0.3226759588743298,0.4795390312788146,0.3869585260674902,0.7122999315086683,0.3384193364242871,0.4399805827743853,0.572357103159748,0.5142012940582728,0.5506605763784594,0.1221470276265178,0.1282715225541673,0.1479051156907494,0.4534504804121283,0.4591042182441102,0.4313774227459992,0.75,40635
0,0,0.4866326999293595,-0.2896312917778125,0.0510803894426436,-0.8516609922317622,0.132484428370131,0.5715371617460968,0.0541864731373086,-0.1417806950288363,-0.4864685772839422,0.1846846336412927,-0.0009688720422725,0.4060468917952878,0.2341922650046989,0.5549974019961417,0.0140576463190273,0.3547591622186937,-0.4289470243255512,0.1273973104704045,0.0152293951960787,-0.4844704194330868,0.0027958011959606,0.1321402465769226,0.0524971529590221,0.998562894971431,0.1299663533732784,0.000840779142992,0.888698528424315,0.0002029185103068,0.0655687867978563,0.744738069547906,0.2297179975755858,0.3226759588743298,0.4795390312788146,0.3869585260674902,0.7122999315086683,0.3384193364242871,0.4399805827743853,0.572357103159748,0.5142012940582728,0.5506605763784594,0.1221470276265178,0.1282715225541673,0.1479051156907494,0.4534504804121283,0.4591042182441102,0.4313774227459992,0.75,40645
0,0,-0.0970333649581154,-0.3015415454028194,-0.0212629843422581,0.4923907807915977,0.7487124550011559,-0.0982191373772804,0.8394619919534962,-0.1532128529521657,-0.1842027175925801,0.3269337281369032,0.2249724880662698,0.7489702325250515,0.9044659259096892,0.6031595427886631,-0.7210340620421449,0.5568026470650423,-0.7264559445274577,-0.261861987928136,0.0742871837703514,-0.6128241737336443,0.0056133388056966,0.1319501103367172,0.0516836782153399,1.0,0.130237028990596,0.0010555755204704,0.8854094471357636,0.0001046848319164,0.0650822518983807,0.7423846804724974,0.1472288060906334,0.0828362318152565,0.5434435693994054,0.2026170975116892,0.7122095952930363,0.1926231905521128,0.7189573546231613,0.6146413536401998,0.5872282636313415,0.0001,0.1471215724605862,0.16774716944887,0.2912268194919787,0.4547898656577651,0.461381128467267,0.1525659068217991,0.83,4065
0,0,0.4866326999293595,-0.2896312917778125,0.0510803894426436,-0.8516609922317622,0.132484428370131,0.5715371617460968,0.0541864731373086,-0.1417806950288363,-0.4864685772839422,0.1846846336412927,-0.0009688720422725,0.4060468917952878,0.2341922650046989,0.5549974019961417,0.0140576463190273,0.3547591622186937,-0.4289470243255512,0.1273973104704045,0.0152293951960787,-0.4844704194330868,0.0027958011959606,0.1321402465769226,0.0524971529590221,0.998562894971431,0.1299663533732784,0.000840779142992,0.888698528424315,0.0002029185103068,0.0655687867978563,0.744738069547906,0.2297179975755858,0.3226759588743298,0.4795390312788146,0.3869585260674902,0.7122999315086683,0.3384193364242871,0.4399805827743853,0.572357103159748,0.5142012940582728,0.5506605763784594,0.1221470276265178,0.1282715225541673,0.1479051156907494,0.4534504804121283,0.4591042182441102,0.4313774227459992,0.75,40664
0,0,0.4866326999293595,-0.2896312917778125,0.0510803894426436,-0.8516609922317622,0.132484428370131,0.5715371617460968,0.0541864731373086,-0.1417806950288363,-0.4864685772839422,0.1846846336412927,-0.0009688720422725,0.4060468917952878,0.2341922650046989,0.5549974019961417,0.0140576463190273,0.3547591622186937,-0.4289470243255512,0.1273973104704045,0.0152293951960787,-0.4844704194330868,0.0027958011959606,0.1321402465769226,0.0524971529590221,0.998562894971431,0.1299663533732784,0.000840779142992,0.888698528424315,0.0002029185103068,0.0655687867978563,0.744738069547906,0.2297179975755858,0.3226759588743298,0.4795390312788146,0.3869585260674902,0.7122999315086683,0.3384193364242871,0.4399805827743853,0.572357103159748,0.5142012940582728,0.5506605763784594,0.1221470276265178,0.1282715225541673,0.1479051156907494,0.4534504804121283,0.4591042182441102,0.4313774227459992,0.75,40684
0,0,0.4866326999293595,-0.2896312917778125,0.0510803894426436,-0.8516609922317622,0.132484428370131,0.5715371617460968,0.0541864731373086,-0.1417806950288363,-0.4864685772839422,0.1846846336412927,-0.0009688720422725,0.4060468917952878,0.2341922650046989,0.5549974019961417,0.0140576463190273,0.3547591622186937,-0.4289470243255512,0.1273973104704045,0.0152293951960787,-0.4844704194330868,0.0027958011959606,0.1321402465769226,0.0524971529590221,0.998562894971431,0.1299663533732784,0.000840779142992,0.888698528424315,0.0002029185103068,0.0655687867978563,0.744738069547906,0.2297179975755858,0.3226759588743298,0.4795390312788146,0.3869585260674902,0.7122999315086683,0.3384193364242871,0.4399805827743853,0.572357103159748,0.5142012940582728,0.5506605763784594,0.1221470276265178,0.1282715225541673,0.1479051156907494,0.4534504804121283,0.4591042182441102,0.4313774227459992,0.75,40704
0,0,0.4866326999293595,-0.2896312917778125,0.0510803894426436,-0.8516609922317622,0.132484428370131,0.5715371617460968,0.0541864731373086,-0.1417806950288363,-0.4864685772839422,0.1846846336412927,-0.0009688720422725,0.4060468917952878,0.2341922650046989,0.5549974019961417,0.0140576463190273,0.3547591622186937,-0.4289470243255512,0.1273973104704045,0.0152293951960787,-0.4844704194330868,0.0027958011959606,0.1321402465769226,0.0524971529590221,0.998562894971431,0.1299663533732784,0.000840779142992,0.888698528424315,0.0002029185103068,0.0655687867978563,0.744738069547906,0.2297179975755858,0.3226759588743298,0.4795390312788146,0.3869585260674902,0.7122999315086683,0.3384193364242871,0.4399805827743853,0.572357103159748,0.5142012940582728,0.5506605763784594,0.1221470276265178,0.1282715225541673,0.1479051156907494,0.4534504804121283,0.4591042182441102,0.4313774227459992,0.75,40714
0,0,0.4866326999293595,-0.2896312917778125,0.0510803894426436,-0.8516609922317622,0.132484428370131,0.5715371617460968,0.0541864731373086,-0.1417806950288363,-0.4864685772839422,0.1846846336412927,-0.0009688720422725,0.4060468917952878,0.2341922650046989,0.5549974019961417,0.0140576463190273,0.3547591622186937,-0.4289470243255512,0.1273973104704045,0.0152293951960787,-0.4844704194330868,0.0027958011959606,0.1321402465769226,0.0524971529590221,0.998562894971431,0.1299663533732784,0.000840779142992,0.888698528424315,0.0002029185103068,0.0655687867978563,0.744738069547906,0.2297179975755858,0.3226759588743298,0.4795390312788146,0.3869585260674902,0.7122999315086683,0.3384193364242871,0.4399805827743853,0.572357103159748,0.5142012940582728,0.5506605763784594,0.1221470276265178,0.1282715225541673,0.1479051156907494,0.4534504804121283,0.4591042182441102,0.4313774227459992,0.75,40724
0,0,0.4866326999293595,-0.2896312917778125,0.0510803894426436,-0.8516609922317622,0.132484428370131,0.5715371617460968,0.0541864731373086,-0.1417806950288363,-0.4864685772839422,0.1846846336412927,-0.0009688720422725,0.4060468917952878,0.2341922650046989,0.5549974019961417,0.0140576463190273,0.3547591622186937,-0.4289470243255512,0.1273973104704045,0.0152293951960787,-0.4844704194330868,0.0027958011959606,0.1321402465769226,0.0524971529590221,0.998562894971431,0.1299663533732784,0.000840779142992,0.888698528424315,0.0002029185103068,0.0655687867978563,0.744738069547906,0.2297179975755858,0.3226759588743298,0.4795390312788146,0.3869585260674902,0.7122999315086683,0.3384193364242871,0.4399805827743853,0.572357103159748,0.5142012940582728,0.5506605763784594,0.1221470276265178,0.1282715225541673,0.1479051156907494,0.4534504804121283,0.4591042182441102,0.4313774227459992,0.75,40735
0,0,0.4866326999293595,-0.2896312917778125,0.0510803894426436,-0.8516609922317622,0.132484428370131,0.5715371617460968,0.0541864731373086,-0.1417806950288363,-0.4864685772839422,0.1846846336412927,-0.0009688720422725,0.4060468917952878,0.2341922650046989,0.5549974019961417,0.0140576463190273,0.3547591622186937,-0.4289470243255512,0.1273973104704045,0.0152293951960787,-0.4844704194330868,0.0027958011959606,0.1321402465769226,0.0524971529590221,0.998562894971431,0.1299663533732784,0.000840779142992,0.888698528424315,0.0002029185103068,0.0655687867978563,0.744738069547906,0.2297179975755858,0.3226759588743298,0.4795390312788146,0.3869585260674902,0.7122999315086683,0.3384193364242871,0.4399805827743853,0.572357103159748,0.5142012940582728,0.5506605763784594,0.1221470276265178,0.1282715225541673,0.1479051156907494,0.4534504804121283,0.4591042182441102,0.4313774227459992,0.75,40746
0,0,0.4866326999293595,-0.2896312917778125,0.0510803894426436,-0.8516609922317622,0.132484428370131,0.5715371617460968,0.0541864731373086,-0.1417806950288363,-0.4864685772839422,0.1846846336412927,-0.0009688720422725,0.4060468917952878,0.2341922650046989,0.5549974019961417,0.0140576463190273,0.3547591622186937,-0.4289470243255512,0.1273973104704045,0.0152293951960787,-0.4844704194330868,0.0027958011959606,0.1321402465769226,0.0524971529590221,0.998562894971431,0.1299663533732784,0.000840779142992,0.888698528424315,0.0002029185103068,0.0655687867978563,0.744738069547906,0.2297179975755858,0.3226759588743298,0.4795390312788146,0.3869585260674902,0.7122999315086683,0.3384193364242871,0.4399805827743853,0.572357103159748,0.5142012940582728,0.5506605763784594,0.1221470276265178,0.1282715225541673,0.1479051156907494,0.4534504804121283,0.4591042182441102,0.4313774227459992,0.75,40756
0,0,0.4866326999293595,-0.2896312917778125,0.0510803894426436,-0.8516609922317622,0.132484428370131,0.5715371617460968,0.0541864731373086,-0.1417806950288363,-0.4864685772839422,0.1846846336412927,-0.0009688720422725,0.4060468917952878,0.2341922650046989,0.5549974019961417,0.0140576463190273,0.3547591622186937,-0.4289470243255512,0.1273973104704045,0.0152293951960787,-0.4844704194330868,0.0027958011959606,0.1321402465769226,0.0524971529590221,0.998562894971431,0.1299663533732784,0.000840779142992,0.888698528424315,0.0002029185103068,0.0655687867978563,0.744738069547906,0.2297179975755858,0.3226759588743298,0.4795390312788146,0.3869585260674902,0.7122999315086683,0.3384193364242871,0.4399805827743853,0.572357103159748,0.5142012940582728,0.5506605763784594,0.1221470276265178,0.1282715225541673,0.1479051156907494,0.4534504804121283,0.4591042182441102,0.4313774227459992,0.75,40775
0,0,0.4866326999293595,-0.2896312917778125,0.0510803894426436,-0.8516609922317622,0.132484428370131,0.5715371617460968,0.0541864731373086,-0.1417806950288363,-0.4864685772839422,0.1846846336412927,-0.0009688720422725,0.4060468917952878,0.2341922650046989,0.5549974019961417,0.0140576463190273,0.3547591622186937,-0.4289470243255512,0.1273973104704045,0.0152293951960787,-0.4844704194330868,0.0027958011959606,0.1321402465769226,0.0524971529590221,0.998562894971431,0.1299663533732784,0.000840779142992,0.888698528424315,0.0002029185103068,0.0655687867978563,0.744738069547906,0.2297179975755858,0.3226759588743298,0.4795390312788146,0.3869585260674902,0.7122999315086683,0.3384193364242871,0.4399805827743853,0.572357103159748,0.5142012940582728,0.5506605763784594,0.1221470276265178,0.1282715225541673,0.1479051156907494,0.4534504804121283,0.4591042182441102,0.4313774227459992,0.75,40785
0,0,0.4866326999293595,-0.2896312917778125,0.0510803894426436,-0.8516609922317622,0.132484428370131,0.5715371617460968,0.0541864731373086,-0.1417806950288363,-0.4864685772839422,0.1846846336412927,-0.0009688720422725,0.4060468917952878,0.2341922650046989,0.5549974019961417,0.0140576463190273,0.3547591622186937,-0.4289470243255512,0.1273973104704045,0.0152293951960787,-0.4844704194330868,0.0027958011959606,0.1321402465769226,0.0524971529590221,0.998562894971431,0.1299663533732784,0.000840779142992,0.888698528424315,0.0002029185103068,0.0655687867978563,0.744738069547906,0.2297179975755858,0.3226759588743298,0.4795390312788146,0.3869585260674902,0.7122999315086683,0.3384193364242871,0.4399805827743853,0.572357103159748,0.5142012940582728,0.5506605763784594,0.1221470276265178,0.1282715225541673,0.1479051156907494,0.4534504804121283,0.4591042182441102,0.4313774227459992,0.75,40795
0,0,0.4866326999293595,-0.2896312917778125,0.0510803894426436,-0.8516609922317622,0.132484428370131,0.5715371617460968,0.0541864731373086,-0.1417806950288363,-0.4864685772839422,0.1846846336412927,-0.0009688720422725,0.4060468917952878,0.2341922650046989,0.5549974019961417,0.0140576463190273,0.3547591622186937,-0.4289470243255512,0.1273973104704045,0.0152293951960787,-0.4844704194330868,0.0027958011959606,0.1321402465769226,0.0524971529590221,0.998562894971431,0.1299663533732784,0.000840779142992,0.888698528424315,0.0002029185103068,0.0655687867978563,0.744738069547906,0.2297179975755858,0.3226759588743298,0.4795390312788146,0.3869585260674902,0.7122999315086683,0.3384193364242871,0.4399805827743853,0.572357103159748,0.5142012940582728,0.5506605763784594,0.1221470276265178,0.1282715225541673,0.1479051156907494,0.4534504804121283,0.4591042182441102,0.4313774227459992,0.75,40805
0,0,0.4866326999293595,-0.2896312917778125,0.0510803894426436,-0.8516609922317622,0.132484428370131,0.5715371617460968,0.0541864731373086,-0.1417806950288363,-0.4864685772839422,0.1846846336412927,-0.0009688720422725,0.4060468917952878,0.2341922650046989,0.5549974019961417,0.0140576463190273,0.3547591622186937,-0.4289470243255512,0.1273973104704045,0.0152293951960787,-0.4844704194330868,0.0027958011959606,0.1321402465769226,0.0524971529590221,0.998562894971431,0.1299663533732784,0.000840779142992,0.888698528424315,0.0002029185103068,0.0655687867978563,0.744738069547906,0.2297179975755858,0.3226759588743298,0.4795390312788146,0.3869585260674902,0.7122999315086683,0.3384193364242871,0.4399805827743853,0.572357103159748,0.5142012940582728,0.5506605763784594,0.1221470276265178,0.1282715225541673,0.1479051156907494,0.4534504804121283,0.4591042182441102,0.4313774227459992,0.75,40816
0,0,0.4866326999293595,-0.2896312917778125,0.0510803894426436,-0.8516609922317622,0.132484428370131,0.5715371617460968,0.0541864731373086,-0.1417806950288363,-0.4864685772839422,0.1846846336412927,-0.0009688720422725,0.4060468917952878,0.2341922650046989,0.5549974019961417,0.0140576463190273,0.3547591622186937,-0.4289470243255512,0.1273973104704045,0.0152293951960787,-0.4844704194330868,0.0027958011959606,0.1321402465769226,0.0524971529590221,0.998562894971431,0.1299663533732784,0.000840779142992,0.888698528424315,0.0002029185103068,0.0655687867978563,0.744738069547906,0.2297179975755858,0.3226759588743298,0.4795390312788146,0.3869585260674902,0.7122999315086683,0.3384193364242871,0.4399805827743853,0.572357103159748,0.5142012940582728,0.5506605763784594,0.1221470276265178,0.1282715225541673,0.1479051156907494,0.4534504804121283,0.4591042182441102,0.4313774227459992,0.75,40826
0,0,0.4866326999293595,-0.2896312917778125,0.0510803894426436,-0.8516609922317622,0.132484428370131,0.5715371617460968,0.0541864731373086,-0.1417806950288363,-0.4864685772839422,0.1846846336412927,-0.0009688720422725,0.4060468917952878,0.2341922650046989,0.5549974019961417,0.0140576463190273,0.3547591622186937,-0.4289470243255512,0.1273973104704045,0.0152293951960787,-0.4844704194330868,0.0027958011959606,0.1321402465769226,0.0524971529590221,0.998562894971431,0.1299663533732784,0.000840779142992,0.888698528424315,0.0002029185103068,0.0655687867978563,0.744738069547906,0.2297179975755858,0.3226759588743298,0.4795390312788146,0.3869585260674902,0.7122999315086683,0.3384193364242871,0.4399805827743853,0.572357103159748,0.5142012940582728,0.5506605763784594,0.1221470276265178,0.1282715225541673,0.1479051156907494,0.4534504804121283,0.4591042182441102,0.4313774227459992,0.75,40837
0,0,0.4866326999293595,-0.2896312917778125,0.0510803894426436,-0.8516609922317622,0.132484428370131,0.5715371617460968,0.0541864731373086,-0.1417806950288363,-0.4864685772839422,0.1846846336412927,-0.0009688720422725,0.4060468917952878,0.2341922650046989,0.5549974019961417,0.0140576463190273,0.3547591622186937,-0.4289470243255512,0.1273973104704045,0.0152293951960787,-0.4844704194330868,0.0027958011959606,0.1321402465769226,0.0524971529590221,0.998562894971431,0.1299663533732784,0.000840779142992,0.888698528424315,0.0002029185103068,0.0655687867978563,0.744738069547906,0.2297179975755858,0.3226759588743298,0.4795390312788146,0.3869585260674902,0.7122999315086683,0.3384193364242871,0.4399805827743853,0.572357103159748,0.5142012940582728,0.5506605763784594,0.1221470276265178,0.1282715225541673,0.1479051156907494,0.4534504804121283,0.4591042182441102,0.4313774227459992,0.75,40848
0,0,0.4866326999293595,-0.2896312917778125,0.0510803894426436,-0.8516609922317622,0.132484428370131,0.5715371617460968,0.0541864731373086,-0.1417806950288363,-0.4864685772839422,0.1846846336412927,-0.0009688720422725,0.4060468917952878,0.2341922650046989,0.5549974019961417,0.0140576463190273,0.3547591622186937,-0.4289470243255512,0.1273973104704045,0.0152293951960787,-0.4844704194330868,0.0027958011959606,0.1321402465769226,0.0524971529590221,0.998562894971431,0.1299663533732784,0.000840779142992,0.888698528424315,0.0002029185103068,0.0655687867978563,0.744738069547906,0.2297179975755858,0.3226759588743298,0.4795390312788146,0.3869585260674902,0.7122999315086683,0.3384193364242871,0.4399805827743853,0.572357103159748,0.5142012940582728,0.5506605763784594,0.1221470276265178,0.1282715225541673,0.1479051156907494,0.4534504804121283,0.4591042182441102,0.4313774227459992,0.75,40868
0,0,0.4866326999293595,-0.2896312917778125,0.0510803894426436,-0.8516609922317622,0.132484428370131,0.5715371617460968,0.0541864731373086,-0.1417806950288363,-0.4864685772839422,0.1846846336412927,-0.0009688720422725,0.4060468917952878,0.2341922650046989,0.5549974019961417,0.0140576463190273,0.3547591622186937,-0.4289470243255512,0.1273973104704045,0.0152293951960787,-0.4844704194330868,0.0027958011959606,0.1321402465769226,0.0524971529590221,0.998562894971431,0.1299663533732784,0.000840779142992,0.888698528424315,0.0002029185103068,0.0655687867978563,0.744738069547906,0.2297179975755858,0.3226759588743298,0.4795390312788146,0.3869585260674902,0.7122999315086683,0.3384193364242871,0.4399805827743853,0.572357103159748,0.5142012940582728,0.5506605763784594,0.1221470276265178,0.1282715225541673,0.1479051156907494,0.4534504804121283,0.4591042182441102,0.4313774227459992,0.75,40879
0,0,0.4866326999293595,-0.2896312917778125,0.0510803894426436,-0.8516609922317622,0.132484428370131,0.5715371617460968,0.0541864731373086,-0.1417806950288363,-0.4864685772839422,0.1846846336412927,-0.0009688720422725,0.4060468917952878,0.2341922650046989,0.5549974019961417,0.0140576463190273,0.3547591622186937,-0.4289470243255512,0.1273973104704045,0.0152293951960787,-0.4844704194330868,0.0027958011959606,0.1321402465769226,0.0524971529590221,0.998562894971431,0.1299663533732784,0.000840779142992,0.888698528424315,0.0002029185103068,0.0655687867978563,0.744738069547906,0.2297179975755858,0.3226759588743298,0.4795390312788146,0.3869585260674902,0.7122999315086683,0.3384193364242871,0.4399805827743853,0.572357103159748,0.5142012940582728,0.5506605763784594,0.1221470276265178,0.1282715225541673,0.1479051156907494,0.4534504804121283,0.4591042182441102,0.4313774227459992,0.75,40898
0,0,0.4866326999293595,-0.2896312917778125,0.0510803894426436,-0.8516609922317622,0.132484428370131,0.5715371617460968,0.0541864731373086,-0.1417806950288363,-0.4864685772839422,0.1846846336412927,-0.0009688720422725,0.4060468917952878,0.2341922650046989,0.5549974019961417,0.0140576463190273,0.3547591622186937,-0.4289470243255512,0.1273973104704045,0.0152293951960787,-0.4844704194330868,0.0027958011959606,0.1321402465769226,0.0524971529590221,0.998562894971431,0.1299663533732784,0.000840779142992,0.888698528424315,0.0002029185103068,0.0655687867978563,0.744738069547906,0.2297179975755858,0.3226759588743298,0.4795390312788146,0.3869585260674902,0.7122999315086683,0.3384193364242871,0.4399805827743853,0.572357103159748,0.5142012940582728,0.5506605763784594,0.1221470276265178,0.1282715225541673,0.1479051156907494,0.4534504804121283,0.4591042182441102,0.4313774227459992,0.75,40908
0,0,0.4866326999293595,-0.2896312917778125,0.0510803894426436,-0.8516609922317622,0.132484428370131,0.5715371617460968,0.0541864731373086,-0.1417806950288363,-0.4864685772839422,0.1846846336412927,-0.0009688720422725,0.4060468917952878,0.2341922650046989,0.5549974019961417,0.0140576463190273,0.3547591622186937,-0.4289470243255512,0.1273973104704045,0.0152293951960787,-0.4844704194330868,0.0027958011959606,0.1321402465769226,0.0524971529590221,0.998562894971431,0.1299663533732784,0.000840779142992,0.888698528424315,0.0002029185103068,0.0655687867978563,0.744738069547906,0.2297179975755858,0.3226759588743298,0.4795390312788146,0.3869585260674902,0.7122999315086683,0.3384193364242871,0.4399805827743853,0.572357103159748,0.5142012940582728,0.5506605763784594,0.1221470276265178,0.1282715225541673,0.1479051156907494,0.4534504804121283,0.4591042182441102,0.4313774227459992,0.75,40919
0,0,0.4866326999293595,-0.2896312917778125,0.0510803894426436,-0.8516609922317622,0.132484428370131,0.5715371617460968,0.0541864731373086,-0.1417806950288363,-0.4864685772839422,0.1846846336412927,-0.0009688720422725,0.4060468917952878,0.2341922650046989,0.5549974019961417,0.0140576463190273,0.3547591622186937,-0.4289470243255512,0.1273973104704045,0.0152293951960787,-0.4844704194330868,0.0027958011959606,0.1321402465769226,0.0524971529590221,0.998562894971431,0.1299663533732784,0.000840779142992,0.888698528424315,0.0002029185103068,0.0655687867978563,0.744738069547906,0.2297179975755858,0.3226759588743298,0.4795390312788146,0.3869585260674902,0.7122999315086683,0.3384193364242871,0.4399805827743853,0.572357103159748,0.5142012940582728,0.5506605763784594,0.1221470276265178,0.1282715225541673,0.1479051156907494,0.4534504804121283,0.4591042182441102,0.4313774227459992,0.75,40930
0,0,0.4866326999293595,-0.2896312917778125,0.0510803894426436,-0.8516609922317622,0.132484428370131,0.5715371617460968,0.0541864731373086,-0.1417806950288363,-0.4864685772839422,0.1846846336412927,-0.0009688720422725,0.4060468917952878,0.2341922650046989,0.5549974019961417,0.0140576463190273,0.3547591622186937,-0.4289470243255512,0.1273973104704045,0.0152293951960787,-0.4844704194330868,0.0027958011959606,0.1321402465769226,0.0524971529590221,0.998562894971431,0.1299663533732784,0.000840779142992,0.888698528424315,0.0002029185103068,0.0655687867978563,0.744738069547906,0.2297179975755858,0.3226759588743298,0.4795390312788146,0.3869585260674902,0.7122999315086683,0.3384193364242871,0.4399805827743853,0.572357103159748,0.5142012940582728,0.5506605763784594,0.1221470276265178,0.1282715225541673,0.1479051156907494,0.4534504804121283,0.4591042182441102,0.4313774227459992,0.75,40940
0,0,0.4866326999293595,-0.2896312917778125,0.0510803894426436,-0.8516609922317622,0.132484428370131,0.5715371617460968,0.0541864731373086,-0.1417806950288363,-0.4864685772839422,0.1846846336412927,-0.0009688720422725,0.4060468917952878,0.2341922650046989,0.5549974019961417,0.0140576463190273,0.3547591622186937,-0.4289470243255512,0.1273973104704045,0.0152293951960787,-0.4844704194330868,0.0027958011959606,0.1321402465769226,0.0524971529590221,0.998562894971431,0.1299663533732784,0.000840779142992,0.888698528424315,0.0002029185103068,0.0655687867978563,0.744738069547906,0.2297179975755858,0.3226759588743298,0.4795390312788146,0.3869585260674902,0.7122999315086683,0.3384193364242871,0.4399805827743853,0.572357103159748,0.5142012940582728,0.5506605763784594,0.1221470276265178,0.1282715225541673,0.1479051156907494,0.4534504804121283,0.4591042182441102,0.4313774227459992,0.75,40959
0,0,0.4866326999293595,-0.2896312917778125,0.0510803894426436,-0.8516609922317622,0.132484428370131,0.5715371617460968,0.0541864731373086,-0.1417806950288363,-0.4864685772839422,0.1846846336412927,-0.0009688720422725,0.4060468917952878,0.2341922650046989,0.5549974019961417,0.0140576463190273,0.3547591622186937,-0.4289470243255512,0.1273973104704045,0.0152293951960787,-0.4844704194330868,0.0027958011959606,0.1321402465769226,0.0524971529590221,0.998562894971431,0.1299663533732784,0.000840779142992,0.888698528424315,0.0002029185103068,0.0655687867978563,0.744738069547906,0.2297179975755858,0.3226759588743298,0.4795390312788146,0.3869585260674902,0.7122999315086683,0.3384193364242871,0.4399805827743853,0.572357103159748,0.5142012940582728,0.5506605763784594,0.1221470276265178,0.1282715225541673,0.1479051156907494,0.4534504804121283,0.4591042182441102,0.4313774227459992,0.75,40969
0,0,0.4866326999293595,-0.2896312917778125,0.0510803894426436,-0.8516609922317622,0.132484428370131,0.5715371617460968,0.0541864731373086,-0.1417806950288363,-0.4864685772839422,0.1846846336412927,-0.0009688720422725,0.4060468917952878,0.2341922650046989,0.5549974019961417,0.0140576463190273,0.3547591622186937,-0.4289470243255512,0.1273973104704045,0.0152293951960787,-0.4844704194330868,0.0027958011959606,0.1321402465769226,0.0524971529590221,0.998562894971431,0.1299663533732784,0.000840779142992,0.888698528424315,0.0002029185103068,0.0655687867978563,0.744738069547906,0.2297179975755858,0.3226759588743298,0.4795390312788146,0.3869585260674902,0.7122999315086683,0.3384193364242871,0.4399805827743853,0.572357103159748,0.5142012940582728,0.5506605763784594,0.1221470276265178,0.1282715225541673,0.1479051156907494,0.4534504804121283,0.4591042182441102,0.4313774227459992,0.75,40980
0,0,0.4866326999293595,-0.2896312917778125,0.0510803894426436,-0.8516609922317622,0.132484428370131,0.5715371617460968,0.0541864731373086,-0.1417806950288363,-0.4864685772839422,0.1846846336412927,-0.0009688720422725,0.4060468917952878,0.2341922650046989,0.5549974019961417,0.0140576463190273,0.3547591622186937,-0.4289470243255512,0.1273973104704045,0.0152293951960787,-0.4844704194330868,0.0027958011959606,0.1321402465769226,0.0524971529590221,0.998562894971431,0.1299663533732784,0.000840779142992,0.888698528424315,0.0002029185103068,0.0655687867978563,0.744738069547906,0.2297179975755858,0.3226759588743298,0.4795390312788146,0.3869585260674902,0.7122999315086683,0.3384193364242871,0.4399805827743853,0.572357103159748,0.5142012940582728,0.5506605763784594,0.1221470276265178,0.1282715225541673,0.1479051156907494,0.4534504804121283,0.4591042182441102,0.4313774227459992,0.75,40990
0,0,0.4866326999293595,-0.2896312917778125,0.0510803894426436,-0.8516609922317622,0.132484428370131,0.5715371617460968,0.0541864731373086,-0.1417806950288363,-0.4864685772839422,0.1846846336412927,-0.0009688720422725,0.4060468917952878,0.2341922650046989,0.5549974019961417,0.0140576463190273,0.3547591622186937,-0.4289470243255512,0.1273973104704045,0.0152293951960787,-0.4844704194330868,0.0027958011959606,0.1321402465769226,0.0524971529590221,0.998562894971431,0.1299663533732784,0.000840779142992,0.888698528424315,0.0002029185103068,0.0655687867978563,0.744738069547906,0.2297179975755858,0.3226759588743298,0.4795390312788146,0.3869585260674902,0.7122999315086683,0.3384193364242871,0.4399805827743853,0.572357103159748,0.5142012940582728,0.5506605763784594,0.1221470276265178,0.1282715225541673,0.1479051156907494,0.4534504804121283,0.4591042182441102,0.4313774227459992,0.75,41001
0,0,0.4866326999293595,-0.2896312917778125,0.0510803894426436,-0.8516609922317622,0.132484428370131,0.5715371617460968,0.0541864731373086,-0.1417806950288363,-0.4864685772839422,0.1846846336412927,-0.0009688720422725,0.4060468917952878,0.2341922650046989,0.5549974019961417,0.0140576463190273,0.3547591622186937,-0.4289470243255512,0.1273973104704045,0.0152293951960787,-0.4844704194330868,0.0027958011959606,0.1321402465769226,0.0524971529590221,0.998562894971431,0.1299663533732784,0.000840779142992,0.888698528424315,0.0002029185103068,0.0655687867978563,0.744738069547906,0.2297179975755858,0.3226759588743298,0.4795390312788146,0.3869585260674902,0.7122999315086683,0.3384193364242871,0.4399805827743853,0.572357103159748,0.5142012940582728,0.5506605763784594,0.1221470276265178,0.1282715225541673,0.1479051156907494,0.4534504804121283,0.4591042182441102,0.4313774227459992,0.75,41011
0,0,0.4866326999293595,-0.2896312917778125,0.0510803894426436,-0.8516609922317622,0.132484428370131,0.5715371617460968,0.0541864731373086,-0.1417806950288363,-0.4864685772839422,0.1846846336412927,-0.0009688720422725,0.4060468917952878,0.2341922650046989,0.5549974019961417,0.0140576463190273,0.3547591622186937,-0.4289470243255512,0.1273973104704045,0.0152293951960787,-0.4844704194330868,0.0027958011959606,0.1321402465769226,0.0524971529590221,0.998562894971431,0.1299663533732784,0.000840779142992,0.888698528424315,0.0002029185103068,0.0655687867978563,0.744738069547906,0.2297179975755858,0.3226759588743298,0.4795390312788146,0.3869585260674902,0.7122999315086683,0.3384193364242871,0.4399805827743853,0.572357103159748,0.5142012940582728,0.5506605763784594,0.1221470276265178,0.1282715225541673,0.1479051156907494,0.4534504804121283,0.4591042182441102,0.4313774227459992,0.75,41031
0,0,0.4866326999293595,-0.2896312917778125,0.0510803894426436,-0.8516609922317622,0.132484428370131,0.5715371617460968,0.0541864731373086,-0.1417806950288363,-0.4864685772839422,0.1846846336412927,-0.0009688720422725,0.4060468917952878,0.2341922650046989,0.5549974019961417,0.0140576463190273,0.3547591622186937,-0.4289470243255512,0.1273973104704045,0.0152293951960787,-0.4844704194330868,0.0027958011959606,0.1321402465769226,0.0524971529590221,0.998562894971431,0.1299663533732784,0.000840779142992,0.888698528424315,0.0002029185103068,0.0655687867978563,0.744738069547906,0.2297179975755858,0.3226759588743298,0.4795390312788146,0.3869585260674902,0.7122999315086683,0.3384193364242871,0.4399805827743853,0.572357103159748,0.5142012940582728,0.5506605763784594,0.1221470276265178,0.1282715225541673,0.1479051156907494,0.4534504804121283,0.4591042182441102,0.4313774227459992,0.75,41049
0,0,0.4866326999293595,-0.2896312917778125,0.0510803894426436,-0.8516609922317622,0.132484428370131,0.5715371617460968,0.0541864731373086,-0.1417806950288363,-0.4864685772839422,0.1846846336412927,-0.0009688720422725,0.4060468917952878,0.2341922650046989,0.5549974019961417,0.0140576463190273,0.3547591622186937,-0.4289470243255512,0.1273973104704045,0.0152293951960787,-0.4844704194330868,0.0027958011959606,0.1321402465769226,0.0524971529590221,0.998562894971431,0.1299663533732784,0.000840779142992,0.888698528424315,0.0002029185103068,0.0655687867978563,0.744738069547906,0.2297179975755858,0.3226759588743298,0.4795390312788146,0.3869585260674902,0.7122999315086683,0.3384193364242871,0.4399805827743853,0.572357103159748,0.5142012940582728,0.5506605763784594,0.1221470276265178,0.1282715225541673,0.1479051156907494,0.4534504804121283,0.4591042182441102,0.4313774227459992,0.75,41060
0,0,0.4866326999293595,-0.2896312917778125,0.0510803894426436,-0.8516609922317622,0.132484428370131,0.5715371617460968,0.0541864731373086,-0.1417806950288363,-0.4864685772839422,0.1846846336412927,-0.0009688720422725,0.4060468917952878,0.2341922650046989,0.5549974019961417,0.0140576463190273,0.3547591622186937,-0.4289470243255512,0.1273973104704045,0.0152293951960787,-0.4844704194330868,0.0027958011959606,0.1321402465769226,0.0524971529590221,0.998562894971431,0.1299663533732784,0.000840779142992,0.888698528424315,0.0002029185103068,0.0655687867978563,0.744738069547906,0.2297179975755858,0.3226759588743298,0.4795390312788146,0.3869585260674902,0.7122999315086683,0.3384193364242871,0.4399805827743853,0.572357103159748,0.5142012940582728,0.5506605763784594,0.1221470276265178,0.1282715225541673,0.1479051156907494,0.4534504804121283,0.4591042182441102,0.4313774227459992,0.75,41070
0,0,0.4866326999293595,-0.2896312917778125,0.0510803894426436,-0.8516609922317622,0.132484428370131,0.5715371617460968,0.0541864731373086,-0.1417806950288363,-0.4864685772839422,0.1846846336412927,-0.0009688720422725,0.4060468917952878,0.2341922650046989,0.5549974019961417,0.0140576463190273,0.3547591622186937,-0.4289470243255512,0.1273973104704045,0.0152293951960787,-0.4844704194330868,0.0027958011959606,0.1321402465769226,0.0524971529590221,0.998562894971431,0.1299663533732784,0.000840779142992,0.888698528424315,0.0002029185103068,0.0655687867978563,0.744738069547906,0.2297179975755858,0.3226759588743298,0.4795390312788146,0.3869585260674902,0.7122999315086683,0.3384193364242871,0.4399805827743853,0.572357103159748,0.5142012940582728,0.5506605763784594,0.1221470276265178,0.1282715225541673,0.1479051156907494,0.4534504804121283,0.4591042182441102,0.4313774227459992,0.75,41080
0,0,0.4866326999293595,-0.2896312917778125,0.0510803894426436,-0.8516609922317622,0.132484428370131,0.5715371617460968,0.0541864731373086,-0.1417806950288363,-0.4864685772839422,0.1846846336412927,-0.0009688720422725,0.4060468917952878,0.2341922650046989,0.5549974019961417,0.0140576463190273,0.3547591622186937,-0.4289470243255512,0.1273973104704045,0.0152293951960787,-0.4844704194330868,0.0027958011959606,0.1321402465769226,0.0524971529590221,0.998562894971431,0.1299663533732784,0.000840779142992,0.888698528424315,0.0002029185103068,0.0655687867978563,0.744738069547906,0.2297179975755858,0.3226759588743298,0.4795390312788146,0.3869585260674902,0.7122999315086683,0.3384193364242871,0.4399805827743853,0.572357103159748,0.5142012940582728,0.5506605763784594,0.1221470276265178,0.1282715225541673,0.1479051156907494,0.4534504804121283,0.4591042182441102,0.4313774227459992,0.75,41091
0,0,0.4866326999293595,-0.2896312917778125,0.0510803894426436,-0.8516609922317622,0.132484428370131,0.5715371617460968,0.0541864731373086,-0.1417806950288363,-0.4864685772839422,0.1846846336412927,-0.0009688720422725,0.4060468917952878,0.2341922650046989,0.5549974019961417,0.0140576463190273,0.3547591622186937,-0.4289470243255512,0.1273973104704045,0.0152293951960787,-0.4844704194330868,0.0027958011959606,0.1321402465769226,0.0524971529590221,0.998562894971431,0.1299663533732784,0.000840779142992,0.888698528424315,0.0002029185103068,0.0655687867978563,0.744738069547906,0.2297179975755858,0.3226759588743298,0.4795390312788146,0.3869585260674902,0.7122999315086683,0.3384193364242871,0.4399805827743853,0.572357103159748,0.5142012940582728,0.5506605763784594,0.1221470276265178,0.1282715225541673,0.1479051156907494,0.4534504804121283,0.4591042182441102,0.4313774227459992,0.75,41101
0,0,0.4866326999293595,-0.2896312917778125,0.0510803894426436,-0.8516609922317622,0.132484428370131,0.5715371617460968,0.0541864731373086,-0.1417806950288363,-0.4864685772839422,0.1846846336412927,-0.0009688720422725,0.4060468917952878,0.2341922650046989,0.5549974019961417,0.0140576463190273,0.3547591622186937,-0.4289470243255512,0.1273973104704045,0.0152293951960787,-0.4844704194330868,0.0027958011959606,0.1321402465769226,0.0524971529590221,0.998562894971431,0.1299663533732784,0.000840779142992,0.888698528424315,0.0002029185103068,0.0655687867978563,0.744738069547906,0.2297179975755858,0.3226759588743298,0.4795390312788146,0.3869585260674902,0.7122999315086683,0.3384193364242871,0.4399805827743853,0.572357103159748,0.5142012940582728,0.5506605763784594,0.1221470276265178,0.1282715225541673,0.1479051156907494,0.4534504804121283,0.4591042182441102,0.4313774227459992,0.75,41111
0,0,0.4866326999293595,-0.2896312917778125,0.0510803894426436,-0.8516609922317622,0.132484428370131,0.5715371617460968,0.0541864731373086,-0.1417806950288363,-0.4864685772839422,0.1846846336412927,-0.0009688720422725,0.4060468917952878,0.2341922650046989,0.5549974019961417,0.0140576463190273,0.3547591622186937,-0.4289470243255512,0.1273973104704045,0.0152293951960787,-0.4844704194330868,0.0027958011959606,0.1321402465769226,0.0524971529590221,0.998562894971431,0.1299663533732784,0.000840779142992,0.888698528424315,0.0002029185103068,0.0655687867978563,0.744738069547906,0.2297179975755858,0.3226759588743298,0.4795390312788146,0.3869585260674902,0.7122999315086683,0.3384193364242871,0.4399805827743853,0.572357103159748,0.5142012940582728,0.5506605763784594,0.1221470276265178,0.1282715225541673,0.1479051156907494,0.4534504804121283,0.4591042182441102,0.4313774227459992,0.75,41121
0,0,0.4866326999293595,-0.2896312917778125,0.0510803894426436,-0.8516609922317622,0.132484428370131,0.5715371617460968,0.0541864731373086,-0.1417806950288363,-0.4864685772839422,0.1846846336412927,-0.0009688720422725,0.4060468917952878,0.2341922650046989,0.5549974019961417,0.0140576463190273,0.3547591622186937,-0.4289470243255512,0.1273973104704045,0.0152293951960787,-0.4844704194330868,0.0027958011959606,0.1321402465769226,0.0524971529590221,0.998562894971431,0.1299663533732784,0.000840779142992,0.888698528424315,0.0002029185103068,0.0655687867978563,0.744738069547906,0.2297179975755858,0.3226759588743298,0.4795390312788146,0.3869585260674902,0.7122999315086683,0.3384193364242871,0.4399805827743853,0.572357103159748,0.5142012940582728,0.5506605763784594,0.1221470276265178,0.1282715225541673,0.1479051156907494,0.4534504804121283,0.4591042182441102,0.4313774227459992,0.75,41132
0,0,0.4866326999293595,-0.2896312917778125,0.0510803894426436,-0.8516609922317622,0.132484428370131,0.5715371617460968,0.0541864731373086,-0.1417806950288363,-0.4864685772839422,0.1846846336412927,-0.0009688720422725,0.4060468917952878,0.2341922650046989,0.5549974019961417,0.0140576463190273,0.3547591622186937,-0.4289470243255512,0.1273973104704045,0.0152293951960787,-0.4844704194330868,0.0027958011959606,0.1321402465769226,0.0524971529590221,0.998562894971431,0.1299663533732784,0.000840779142992,0.888698528424315,0.0002029185103068,0.0655687867978563,0.744738069547906,0.2297179975755858,0.3226759588743298,0.4795390312788146,0.3869585260674902,0.7122999315086683,0.3384193364242871,0.4399805827743853,0.572357103159748,0.5142012940582728,0.5506605763784594,0.1221470276265178,0.1282715225541673,0.1479051156907494,0.4534504804121283,0.4591042182441102,0.4313774227459992,0.75,41142
0,0,0.4866326999293595,-0.2896312917778125,0.0510803894426436,-0.8516609922317622,0.132484428370131,0.5715371617460968,0.0541864731373086,-0.1417806950288363,-0.4864685772839422,0.1846846336412927,-0.0009688720422725,0.4060468917952878,0.2341922650046989,0.5549974019961417,0.0140576463190273,0.3547591622186937,-0.4289470243255512,0.1273973104704045,0.0152293951960787,-0.4844704194330868,0.0027958011959606,0.1321402465769226,0.0524971529590221,0.998562894971431,0.1299663533732784,0.000840779142992,0.888698528424315,0.0002029185103068,0.0655687867978563,0.744738069547906,0.2297179975755858,0.3226759588743298,0.4795390312788146,0.3869585260674902,0.7122999315086683,0.3384193364242871,0.4399805827743853,0.572357103159748,0.5142012940582728,0.5506605763784594,0.1221470276265178,0.1282715225541673,0.1479051156907494,0.4534504804121283,0.4591042182441102,0.4313774227459992,0.75,41153
0,0,0.4866326999293595,-0.2896312917778125,0.0510803894426436,-0.8516609922317622,0.132484428370131,0.5715371617460968,0.0541864731373086,-0.1417806950288363,-0.4864685772839422,0.1846846336412927,-0.0009688720422725,0.4060468917952878,0.2341922650046989,0.5549974019961417,0.0140576463190273,0.3547591622186937,-0.4289470243255512,0.1273973104704045,0.0152293951960787,-0.4844704194330868,0.0027958011959606,0.1321402465769226,0.0524971529590221,0.998562894971431,0.1299663533732784,0.000840779142992,0.888698528424315,0.0002029185103068,0.0655687867978563,0.744738069547906,0.2297179975755858,0.3226759588743298,0.4795390312788146,0.3869585260674902,0.7122999315086683,0.3384193364242871,0.4399805827743853,0.572357103159748,0.5142012940582728,0.5506605763784594,0.1221470276265178,0.1282715225541673,0.1479051156907494,0.4534504804121283,0.4591042182441102,0.4313774227459992,0.75,41164
0,0,0.4866326999293595,-0.2896312917778125,0.0510803894426436,-0.8516609922317622,0.132484428370131,0.5715371617460968,0.0541864731373086,-0.1417806950288363,-0.4864685772839422,0.1846846336412927,-0.0009688720422725,0.4060468917952878,0.2341922650046989,0.5549974019961417,0.0140576463190273,0.3547591622186937,-0.4289470243255512,0.1273973104704045,0.0152293951960787,-0.4844704194330868,0.0027958011959606,0.1321402465769226,0.0524971529590221,0.998562894971431,0.1299663533732784,0.000840779142992,0.888698528424315,0.0002029185103068,0.0655687867978563,0.744738069547906,0.2297179975755858,0.3226759588743298,0.4795390312788146,0.3869585260674902,0.7122999315086683,0.3384193364242871,0.4399805827743853,0.572357103159748,0.5142012940582728,0.5506605763784594,0.1221470276265178,0.1282715225541673,0.1479051156907494,0.4534504804121283,0.4591042182441102,0.4313774227459992,0.75,41174
0,0,0.4866326999293595,-0.2896312917778125,0.0510803894426436,-0.8516609922317622,0.132484428370131,0.5715371617460968,0.0541864731373086,-0.1417806950288363,-0.4864685772839422,0.1846846336412927,-0.0009688720422725,0.4060468917952878,0.2341922650046989,0.5549974019961417,0.0140576463190273,0.3547591622186937,-0.4289470243255512,0.1273973104704045,0.0152293951960787,-0.4844704194330868,0.0027958011959606,0.1321402465769226,0.0524971529590221,0.998562894971431,0.1299663533732784,0.000840779142992,0.888698528424315,0.0002029185103068,0.0655687867978563,0.744738069547906,0.2297179975755858,0.3226759588743298,0.4795390312788146,0.3869585260674902,0.7122999315086683,0.3384193364242871,0.4399805827743853,0.572357103159748,0.5142012940582728,0.5506605763784594,0.1221470276265178,0.1282715225541673,0.1479051156907494,0.4534504804121283,0.4591042182441102,0.4313774227459992,0.75,41185
0,0,0.4866326999293595,-0.2896312917778125,0.0510803894426436,-0.8516609922317622,0.132484428370131,0.5715371617460968,0.0541864731373086,-0.1417806950288363,-0.4864685772839422,0.1846846336412927,-0.0009688720422725,0.4060468917952878,0.2341922650046989,0.5549974019961417,0.0140576463190273,0.3547591622186937,-0.4289470243255512,0.1273973104704045,0.0152293951960787,-0.4844704194330868,0.0027958011959606,0.1321402465769226,0.0524971529590221,0.998562894971431,0.1299663533732784,0.000840779142992,0.888698528424315,0.0002029185103068,0.0655687867978563,0.744738069547906,0.2297179975755858,0.3226759588743298,0.4795390312788146,0.3869585260674902,0.7122999315086683,0.3384193364242871,0.4399805827743853,0.572357103159748,0.5142012940582728,0.5506605763784594,0.1221470276265178,0.1282715225541673,0.1479051156907494,0.4534504804121283,0.4591042182441102,0.4313774227459992,0.75,41195
0,0,0.4866326999293595,-0.2896312917778125,0.0510803894426436,-0.8516609922317622,0.132484428370131,0.5715371617460968,0.0541864731373086,-0.1417806950288363,-0.4864685772839422,0.1846846336412927,-0.0009688720422725,0.4060468917952878,0.2341922650046989,0.5549974019961417,0.0140576463190273,0.3547591622186937,-0.4289470243255512,0.1273973104704045,0.0152293951960787,-0.4844704194330868,0.0027958011959606,0.1321402465769226,0.0524971529590221,0.998562894971431,0.1299663533732784,0.000840779142992,0.888698528424315,0.0002029185103068,0.0655687867978563,0.744738069547906,0.2297179975755858,0.3226759588743298,0.4795390312788146,0.3869585260674902,0.7122999315086683,0.3384193364242871,0.4399805827743853,0.572357103159748,0.5142012940582728,0.5506605763784594,0.1221470276265178,0.1282715225541673,0.1479051156907494,0.4534504804121283,0.4591042182441102,0.4313774227459992,0.75,41205
0,0,0.4866326999293595,-0.2896312917778125,0.0510803894426436,-0.8516609922317622,0.132484428370131,0.5715371617460968,0.0541864731373086,-0.1417806950288363,-0.4864685772839422,0.1846846336412927,-0.0009688720422725,0.4060468917952878,0.2341922650046989,0.5549974019961417,0.0140576463190273,0.3547591622186937,-0.4289470243255512,0.1273973104704045,0.0152293951960787,-0.4844704194330868,0.0027958011959606,0.1321402465769226,0.0524971529590221,0.998562894971431,0.1299663533732784,0.000840779142992,0.888698528424315,0.0002029185103068,0.0655687867978563,0.744738069547906,0.2297179975755858,0.3226759588743298,0.4795390312788146,0.3869585260674902,0.7122999315086683,0.3384193364242871,0.4399805827743853,0.572357103159748,0.5142012940582728,0.5506605763784594,0.1221470276265178,0.1282715225541673,0.1479051156907494,0.4534504804121283,0.4591042182441102,0.4313774227459992,0.75,41215
0,0,0.4866326999293595,-0.2896312917778125,0.0510803894426436,-0.8516609922317622,0.132484428370131,0.5715371617460968,0.0541864731373086,-0.1417806950288363,-0.4864685772839422,0.1846846336412927,-0.0009688720422725,0.4060468917952878,0.2341922650046989,0.5549974019961417,0.0140576463190273,0.3547591622186937,-0.4289470243255512,0.1273973104704045,0.0152293951960787,-0.4844704194330868,0.0027958011959606,0.1321402465769226,0.0524971529590221,0.998562894971431,0.1299663533732784,0.000840779142992,0.888698528424315,0.0002029185103068,0.0655687867978563,0.744738069547906,0.2297179975755858,0.3226759588743298,0.4795390312788146,0.3869585260674902,0.7122999315086683,0.3384193364242871,0.4399805827743853,0.572357103159748,0.5142012940582728,0.5506605763784594,0.1221470276265178,0.1282715225541673,0.1479051156907494,0.4534504804121283,0.4591042182441102,0.4313774227459992,0.75,41233
0,0,0.4866326999293595,-0.2896312917778125,0.0510803894426436,-0.8516609922317622,0.132484428370131,0.5715371617460968,0.0541864731373086,-0.1417806950288363,-0.4864685772839422,0.1846846336412927,-0.0009688720422725,0.4060468917952878,0.2341922650046989,0.5549974019961417,0.0140576463190273,0.3547591622186937,-0.4289470243255512,0.1273973104704045,0.0152293951960787,-0.4844704194330868,0.0027958011959606,0.1321402465769226,0.0524971529590221,0.998562894971431,0.1299663533732784,0.000840779142992,0.888698528424315,0.0002029185103068,0.0655687867978563,0.744738069547906,0.2297179975755858,0.3226759588743298,0.4795390312788146,0.3869585260674902,0.7122999315086683,0.3384193364242871,0.4399805827743853,0.572357103159748,0.5142012940582728,0.5506605763784594,0.1221470276265178,0.1282715225541673,0.1479051156907494,0.4534504804121283,0.4591042182441102,0.4313774227459992,0.75,41253
0,0,0.4866326999293595,-0.2896312917778125,0.0510803894426436,-0.8516609922317622,0.132484428370131,0.5715371617460968,0.0541864731373086,-0.1417806950288363,-0.4864685772839422,0.1846846336412927,-0.0009688720422725,0.4060468917952878,0.2341922650046989,0.5549974019961417,0.0140576463190273,0.3547591622186937,-0.4289470243255512,0.1273973104704045,0.0152293951960787,-0.4844704194330868,0.0027958011959606,0.1321402465769226,0.0524971529590221,0.998562894971431,0.1299663533732784,0.000840779142992,0.888698528424315,0.0002029185103068,0.0655687867978563,0.744738069547906,0.2297179975755858,0.3226759588743298,0.4795390312788146,0.3869585260674902,0.7122999315086683,0.3384193364242871,0.4399805827743853,0.572357103159748,0.5142012940582728,0.5506605763784594,0.1221470276265178,0.1282715225541673,0.1479051156907494,0.4534504804121283,0.4591042182441102,0.4313774227459992,0.75,41264
0,0,0.4866326999293595,-0.2896312917778125,0.0510803894426436,-0.8516609922317622,0.132484428370131,0.5715371617460968,0.0541864731373086,-0.1417806950288363,-0.4864685772839422,0.1846846336412927,-0.0009688720422725,0.4060468917952878,0.2341922650046989,0.5549974019961417,0.0140576463190273,0.3547591622186937,-0.4289470243255512,0.1273973104704045,0.0152293951960787,-0.4844704194330868,0.0027958011959606,0.1321402465769226,0.0524971529590221,0.998562894971431,0.1299663533732784,0.000840779142992,0.888698528424315,0.0002029185103068,0.0655687867978563,0.744738069547906,0.2297179975755858,0.3226759588743298,0.4795390312788146,0.3869585260674902,0.7122999315086683,0.3384193364242871,0.4399805827743853,0.572357103159748,0.5142012940582728,0.5506605763784594,0.1221470276265178,0.1282715225541673,0.1479051156907494,0.4534504804121283,0.4591042182441102,0.4313774227459992,0.75,41274
0,0,0.4866326999293595,-0.2896312917778125,0.0510803894426436,-0.8516609922317622,0.132484428370131,0.5715371617460968,0.0541864731373086,-0.1417806950288363,-0.4864685772839422,0.1846846336412927,-0.0009688720422725,0.4060468917952878,0.2341922650046989,0.5549974019961417,0.0140576463190273,0.3547591622186937,-0.4289470243255512,0.1273973104704045,0.0152293951960787,-0.4844704194330868,0.0027958011959606,0.1321402465769226,0.0524971529590221,0.998562894971431,0.1299663533732784,0.000840779142992,0.888698528424315,0.0002029185103068,0.0655687867978563,0.744738069547906,0.2297179975755858,0.3226759588743298,0.4795390312788146,0.3869585260674902,0.7122999315086683,0.3384193364242871,0.4399805827743853,0.572357103159748,0.5142012940582728,0.5506605763784594,0.1221470276265178,0.1282715225541673,0.1479051156907494,0.4534504804121283,0.4591042182441102,0.4313774227459992,0.75,41285
0,0,0.4866326999293595,-0.2896312917778125,0.0510803894426436,-0.8516609922317622,0.132484428370131,0.5715371617460968,0.0541864731373086,-0.1417806950288363,-0.4864685772839422,0.1846846336412927,-0.0009688720422725,0.4060468917952878,0.2341922650046989,0.5549974019961417,0.0140576463190273,0.3547591622186937,-0.4289470243255512,0.1273973104704045,0.0152293951960787,-0.4844704194330868,0.0027958011959606,0.1321402465769226,0.0524971529590221,0.998562894971431,0.1299663533732784,0.000840779142992,0.888698528424315,0.0002029185103068,0.0655687867978563,0.744738069547906,0.2297179975755858,0.3226759588743298,0.4795390312788146,0.3869585260674902,0.7122999315086683,0.3384193364242871,0.4399805827743853,0.572357103159748,0.5142012940582728,0.5506605763784594,0.1221470276265178,0.1282715225541673,0.1479051156907494,0.4534504804121283,0.4591042182441102,0.4313774227459992,0.75,41295
0,0,0.4866326999293595,-0.2896312917778125,0.0510803894426436,-0.8516609922317622,0.132484428370131,0.5715371617460968,0.0541864731373086,-0.1417806950288363,-0.4864685772839422,0.1846846336412927,-0.0009688720422725,0.4060468917952878,0.2341922650046989,0.5549974019961417,0.0140576463190273,0.3547591622186937,-0.4289470243255512,0.1273973104704045,0.0152293951960787,-0.4844704194330868,0.0027958011959606,0.1321402465769226,0.0524971529590221,0.998562894971431,0.1299663533732784,0.000840779142992,0.888698528424315,0.0002029185103068,0.0655687867978563,0.744738069547906,0.2297179975755858,0.3226759588743298,0.4795390312788146,0.3869585260674902,0.7122999315086683,0.3384193364242871,0.4399805827743853,0.572357103159748,0.5142012940582728,0.5506605763784594,0.1221470276265178,0.1282715225541673,0.1479051156907494,0.4534504804121283,0.4591042182441102,0.4313774227459992,0.75,41306
0,0,0.4866326999293595,-0.2896312917778125,0.0510803894426436,-0.8516609922317622,0.132484428370131,0.5715371617460968,0.0541864731373086,-0.1417806950288363,-0.4864685772839422,0.1846846336412927,-0.0009688720422725,0.4060468917952878,0.2341922650046989,0.5549974019961417,0.0140576463190273,0.3547591622186937,-0.4289470243255512,0.1273973104704045,0.0152293951960787,-0.4844704194330868,0.0027958011959606,0.1321402465769226,0.0524971529590221,0.998562894971431,0.1299663533732784,0.000840779142992,0.888698528424315,0.0002029185103068,0.0655687867978563,0.744738069547906,0.2297179975755858,0.3226759588743298,0.4795390312788146,0.3869585260674902,0.7122999315086683,0.3384193364242871,0.4399805827743853,0.572357103159748,0.5142012940582728,0.5506605763784594,0.1221470276265178,0.1282715225541673,0.1479051156907494,0.4534504804121283,0.4591042182441102,0.4313774227459992,0.75,41316
0,0,0.4866326999293595,-0.2896312917778125,0.0510803894426436,-0.8516609922317622,0.132484428370131,0.5715371617460968,0.0541864731373086,-0.1417806950288363,-0.4864685772839422,0.1846846336412927,-0.0009688720422725,0.4060468917952878,0.2341922650046989,0.5549974019961417,0.0140576463190273,0.3547591622186937,-0.4289470243255512,0.1273973104704045,0.0152293951960787,-0.4844704194330868,0.0027958011959606,0.1321402465769226,0.0524971529590221,0.998562894971431,0.1299663533732784,0.000840779142992,0.888698528424315,0.0002029185103068,0.0655687867978563,0.744738069547906,0.2297179975755858,0.3226759588743298,0.4795390312788146,0.3869585260674902,0.7122999315086683,0.3384193364242871,0.4399805827743853,0.572357103159748,0.5142012940582728,0.5506605763784594,0.1221470276265178,0.1282715225541673,0.1479051156907494,0.4534504804121283,0.4591042182441102,0.4313774227459992,0.75,41326
0,0,0.4866326999293595,-0.2896312917778125,0.0510803894426436,-0.8516609922317622,0.132484428370131,0.5715371617460968,0.0541864731373086,-0.1417806950288363,-0.4864685772839422,0.1846846336412927,-0.0009688720422725,0.4060468917952878,0.2341922650046989,0.5549974019961417,0.0140576463190273,0.3547591622186937,-0.4289470243255512,0.1273973104704045,0.0152293951960787,-0.4844704194330868,0.0027958011959606,0.1321402465769226,0.0524971529590221,0.998562894971431,0.1299663533732784,0.000840779142992,0.888698528424315,0.0002029185103068,0.0655687867978563,0.744738069547906,0.2297179975755858,0.3226759588743298,0.4795390312788146,0.3869585260674902,0.7122999315086683,0.3384193364242871,0.4399805827743853,0.572357103159748,0.5142012940582728,0.5506605763784594,0.1221470276265178,0.1282715225541673,0.1479051156907494,0.4534504804121283,0.4591042182441102,0.4313774227459992,0.75,41336
0,0,0.4866326999293595,-0.2896312917778125,0.0510803894426436,-0.8516609922317622,0.132484428370131,0.5715371617460968,0.0541864731373086,-0.1417806950288363,-0.4864685772839422,0.1846846336412927,-0.0009688720422725,0.4060468917952878,0.2341922650046989,0.5549974019961417,0.0140576463190273,0.3547591622186937,-0.4289470243255512,0.1273973104704045,0.0152293951960787,-0.4844704194330868,0.0027958011959606,0.1321402465769226,0.0524971529590221,0.998562894971431,0.1299663533732784,0.000840779142992,0.888698528424315,0.0002029185103068,0.0655687867978563,0.744738069547906,0.2297179975755858,0.3226759588743298,0.4795390312788146,0.3869585260674902,0.7122999315086683,0.3384193364242871,0.4399805827743853,0.572357103159748,0.5142012940582728,0.5506605763784594,0.1221470276265178,0.1282715225541673,0.1479051156907494,0.4534504804121283,0.4591042182441102,0.4313774227459992,0.75,41347
0,0,0.4866326999293595,-0.2896312917778125,0.0510803894426436,-0.8516609922317622,0.132484428370131,0.5715371617460968,0.0541864731373086,-0.1417806950288363,-0.4864685772839422,0.1846846336412927,-0.0009688720422725,0.4060468917952878,0.2341922650046989,0.5549974019961417,0.0140576463190273,0.3547591622186937,-0.4289470243255512,0.1273973104704045,0.0152293951960787,-0.4844704194330868,0.0027958011959606,0.1321402465769226,0.0524971529590221,0.998562894971431,0.1299663533732784,0.000840779142992,0.888698528424315,0.0002029185103068,0.0655687867978563,0.744738069547906,0.2297179975755858,0.3226759588743298,0.4795390312788146,0.3869585260674902,0.7122999315086683,0.3384193364242871,0.4399805827743853,0.572357103159748,0.5142012940582728,0.5506605763784594,0.1221470276265178,0.1282715225541673,0.1479051156907494,0.4534504804121283,0.4591042182441102,0.4313774227459992,0.75,41357
0,0,0.4866326999293595,-0.2896312917778125,0.0510803894426436,-0.8516609922317622,0.132484428370131,0.5715371617460968,0.0541864731373086,-0.1417806950288363,-0.4864685772839422,0.1846846336412927,-0.0009688720422725,0.4060468917952878,0.2341922650046989,0.5549974019961417,0.0140576463190273,0.3547591622186937,-0.4289470243255512,0.1273973104704045,0.0152293951960787,-0.4844704194330868,0.0027958011959606,0.1321402465769226,0.0524971529590221,0.998562894971431,0.1299663533732784,0.000840779142992,0.888698528424315,0.0002029185103068,0.0655687867978563,0.744738069547906,0.2297179975755858,0.3226759588743298,0.4795390312788146,0.3869585260674902,0.7122999315086683,0.3384193364242871,0.4399805827743853,0.572357103159748,0.5142012940582728,0.5506605763784594,0.1221470276265178,0.1282715225541673,0.1479051156907494,0.4534504804121283,0.4591042182441102,0.4313774227459992,0.75,41367
0,0,0.4866326999293595,-0.2896312917778125,0.0510803894426436,-0.8516609922317622,0.132484428370131,0.5715371617460968,0.0541864731373086,-0.1417806950288363,-0.4864685772839422,0.1846846336412927,-0.0009688720422725,0.4060468917952878,0.2341922650046989,0.5549974019961417,0.0140576463190273,0.3547591622186937,-0.4289470243255512,0.1273973104704045,0.0152293951960787,-0.4844704194330868,0.0027958011959606,0.1321402465769226,0.0524971529590221,0.998562894971431,0.1299663533732784,0.000840779142992,0.888698528424315,0.0002029185103068,0.0655687867978563,0.744738069547906,0.2297179975755858,0.3226759588743298,0.4795390312788146,0.3869585260674902,0.7122999315086683,0.3384193364242871,0.4399805827743853,0.572357103159748,0.5142012940582728,0.5506605763784594,0.1221470276265178,0.1282715225541673,0.1479051156907494,0.4534504804121283,0.4591042182441102,0.4313774227459992,0.75,41377
0,0,0.4866326999293595,-0.2896312917778125,0.0510803894426436,-0.8516609922317622,0.132484428370131,0.5715371617460968,0.0541864731373086,-0.1417806950288363,-0.4864685772839422,0.1846846336412927,-0.0009688720422725,0.4060468917952878,0.2341922650046989,0.5549974019961417,0.0140576463190273,0.3547591622186937,-0.4289470243255512,0.1273973104704045,0.0152293951960787,-0.4844704194330868,0.0027958011959606,0.1321402465769226,0.0524971529590221,0.998562894971431,0.1299663533732784,0.000840779142992,0.888698528424315,0.0002029185103068,0.0655687867978563,0.744738069547906,0.2297179975755858,0.3226759588743298,0.4795390312788146,0.3869585260674902,0.7122999315086683,0.3384193364242871,0.4399805827743853,0.572357103159748,0.5142012940582728,0.5506605763784594,0.1221470276265178,0.1282715225541673,0.1479051156907494,0.4534504804121283,0.4591042182441102,0.4313774227459992,0.75,41388
0,0,0.4866326999293595,-0.2896312917778125,0.0510803894426436,-0.8516609922317622,0.132484428370131,0.5715371617460968,0.0541864731373086,-0.1417806950288363,-0.4864685772839422,0.1846846336412927,-0.0009688720422725,0.4060468917952878,0.2341922650046989,0.5549974019961417,0.0140576463190273,0.3547591622186937,-0.4289470243255512,0.1273973104704045,0.0152293951960787,-0.4844704194330868,0.0027958011959606,0.1321402465769226,0.0524971529590221,0.998562894971431,0.1299663533732784,0.000840779142992,0.888698528424315,0.0002029185103068,0.0655687867978563,0.744738069547906,0.2297179975755858,0.3226759588743298,0.4795390312788146,0.3869585260674902,0.7122999315086683,0.3384193364242871,0.4399805827743853,0.572357103159748,0.5142012940582728,0.5506605763784594,0.1221470276265178,0.1282715225541673,0.1479051156907494,0.4534504804121283,0.4591042182441102,0.4313774227459992,0.75,41399
0,0,0.4866326999293595,-0.2896312917778125,0.0510803894426436,-0.8516609922317622,0.132484428370131,0.5715371617460968,0.0541864731373086,-0.1417806950288363,-0.4864685772839422,0.1846846336412927,-0.0009688720422725,0.4060468917952878,0.2341922650046989,0.5549974019961417,0.0140576463190273,0.3547591622186937,-0.4289470243255512,0.1273973104704045,0.0152293951960787,-0.4844704194330868,0.0027958011959606,0.1321402465769226,0.0524971529590221,0.998562894971431,0.1299663533732784,0.000840779142992,0.888698528424315,0.0002029185103068,0.0655687867978563,0.744738069547906,0.2297179975755858,0.3226759588743298,0.4795390312788146,0.3869585260674902,0.7122999315086683,0.3384193364242871,0.4399805827743853,0.572357103159748,0.5142012940582728,0.5506605763784594,0.1221470276265178,0.1282715225541673,0.1479051156907494,0.4534504804121283,0.4591042182441102,0.4313774227459992,0.75,41409
0,0,0.4866326999293595,-0.2896312917778125,0.0510803894426436,-0.8516609922317622,0.132484428370131,0.5715371617460968,0.0541864731373086,-0.1417806950288363,-0.4864685772839422,0.1846846336412927,-0.0009688720422725,0.4060468917952878,0.2341922650046989,0.5549974019961417,0.0140576463190273,0.3547591622186937,-0.4289470243255512,0.1273973104704045,0.0152293951960787,-0.4844704194330868,0.0027958011959606,0.1321402465769226,0.0524971529590221,0.998562894971431,0.1299663533732784,0.000840779142992,0.888698528424315,0.0002029185103068,0.0655687867978563,0.744738069547906,0.2297179975755858,0.3226759588743298,0.4795390312788146,0.3869585260674902,0.7122999315086683,0.3384193364242871,0.4399805827743853,0.572357103159748,0.5142012940582728,0.5506605763784594,0.1221470276265178,0.1282715225541673,0.1479051156907494,0.4534504804121283,0.4591042182441102,0.4313774227459992,0.75,41419
0,0,0.4866326999293595,-0.2896312917778125,0.0510803894426436,-0.8516609922317622,0.132484428370131,0.5715371617460968,0.0541864731373086,-0.1417806950288363,-0.4864685772839422,0.1846846336412927,-0.0009688720422725,0.4060468917952878,0.2341922650046989,0.5549974019961417,0.0140576463190273,0.3547591622186937,-0.4289470243255512,0.1273973104704045,0.0152293951960787,-0.4844704194330868,0.0027958011959606,0.1321402465769226,0.0524971529590221,0.998562894971431,0.1299663533732784,0.000840779142992,0.888698528424315,0.0002029185103068,0.0655687867978563,0.744738069547906,0.2297179975755858,0.3226759588743298,0.4795390312788146,0.3869585260674902,0.7122999315086683,0.3384193364242871,0.4399805827743853,0.572357103159748,0.5142012940582728,0.5506605763784594,0.1221470276265178,0.1282715225541673,0.1479051156907494,0.4534504804121283,0.4591042182441102,0.4313774227459992,0.75,41429
0,0,0.4866326999293595,-0.2896312917778125,0.0510803894426436,-0.8516609922317622,0.132484428370131,0.5715371617460968,0.0541864731373086,-0.1417806950288363,-0.4864685772839422,0.1846846336412927,-0.0009688720422725,0.4060468917952878,0.2341922650046989,0.5549974019961417,0.0140576463190273,0.3547591622186937,-0.4289470243255512,0.1273973104704045,0.0152293951960787,-0.4844704194330868,0.0027958011959606,0.1321402465769226,0.0524971529590221,0.998562894971431,0.1299663533732784,0.000840779142992,0.888698528424315,0.0002029185103068,0.0655687867978563,0.744738069547906,0.2297179975755858,0.3226759588743298,0.4795390312788146,0.3869585260674902,0.7122999315086683,0.3384193364242871,0.4399805827743853,0.572357103159748,0.5142012940582728,0.5506605763784594,0.1221470276265178,0.1282715225541673,0.1479051156907494,0.4534504804121283,0.4591042182441102,0.4313774227459992,0.75,41439
0,0,0.4866326999293595,-0.2896312917778125,0.0510803894426436,-0.8516609922317622,0.132484428370131,0.5715371617460968,0.0541864731373086,-0.1417806950288363,-0.4864685772839422,0.1846846336412927,-0.0009688720422725,0.4060468917952878,0.2341922650046989,0.5549974019961417,0.0140576463190273,0.3547591622186937,-0.4289470243255512,0.1273973104704045,0.0152293951960787,-0.4844704194330868,0.0027958011959606,0.1321402465769226,0.0524971529590221,0.998562894971431,0.1299663533732784,0.000840779142992,0.888698528424315,0.0002029185103068,0.0655687867978563,0.744738069547906,0.2297179975755858,0.3226759588743298,0.4795390312788146,0.3869585260674902,0.7122999315086683,0.3384193364242871,0.4399805827743853,0.572357103159748,0.5142012940582728,0.5506605763784594,0.1221470276265178,0.1282715225541673,0.1479051156907494,0.4534504804121283,0.4591042182441102,0.4313774227459992,0.75,41449
0,0,0.4866326999293595,-0.2896312917778125,0.0510803894426436,-0.8516609922317622,0.132484428370131,0.5715371617460968,0.0541864731373086,-0.1417806950288363,-0.4864685772839422,0.1846846336412927,-0.0009688720422725,0.4060468917952878,0.2341922650046989,0.5549974019961417,0.0140576463190273,0.3547591622186937,-0.4289470243255512,0.1273973104704045,0.0152293951960787,-0.4844704194330868,0.0027958011959606,0.1321402465769226,0.0524971529590221,0.998562894971431,0.1299663533732784,0.000840779142992,0.888698528424315,0.0002029185103068,0.0655687867978563,0.744738069547906,0.2297179975755858,0.3226759588743298,0.4795390312788146,0.3869585260674902,0.7122999315086683,0.3384193364242871,0.4399805827743853,0.572357103159748,0.5142012940582728,0.5506605763784594,0.1221470276265178,0.1282715225541673,0.1479051156907494,0.4534504804121283,0.4591042182441102,0.4313774227459992,0.75,41460
0,0,0.4866326999293595,-0.2896312917778125,0.0510803894426436,-0.8516609922317622,0.132484428370131,0.5715371617460968,0.0541864731373086,-0.1417806950288363,-0.4864685772839422,0.1846846336412927,-0.0009688720422725,0.4060468917952878,0.2341922650046989,0.5549974019961417,0.0140576463190273,0.3547591622186937,-0.4289470243255512,0.1273973104704045,0.0152293951960787,-0.4844704194330868,0.0027958011959606,0.1321402465769226,0.0524971529590221,0.998562894971431,0.1299663533732784,0.000840779142992,0.888698528424315,0.0002029185103068,0.0655687867978563,0.744738069547906,0.2297179975755858,0.3226759588743298,0.4795390312788146,0.3869585260674902,0.7122999315086683,0.3384193364242871,0.4399805827743853,0.572357103159748,0.5142012940582728,0.5506605763784594,0.1221470276265178,0.1282715225541673,0.1479051156907494,0.4534504804121283,0.4591042182441102,0.4313774227459992,0.75,41470
0,0,0.4866326999293595,-0.2896312917778125,0.0510803894426436,-0.8516609922317622,0.132484428370131,0.5715371617460968,0.0541864731373086,-0.1417806950288363,-0.4864685772839422,0.1846846336412927,-0.0009688720422725,0.4060468917952878,0.2341922650046989,0.5549974019961417,0.0140576463190273,0.3547591622186937,-0.4289470243255512,0.1273973104704045,0.0152293951960787,-0.4844704194330868,0.0027958011959606,0.1321402465769226,0.0524971529590221,0.998562894971431,0.1299663533732784,0.000840779142992,0.888698528424315,0.0002029185103068,0.0655687867978563,0.744738069547906,0.2297179975755858,0.3226759588743298,0.4795390312788146,0.3869585260674902,0.7122999315086683,0.3384193364242871,0.4399805827743853,0.572357103159748,0.5142012940582728,0.5506605763784594,0.1221470276265178,0.1282715225541673,0.1479051156907494,0.4534504804121283,0.4591042182441102,0.4313774227459992,0.75,41480
0,0,0.4866326999293595,-0.2896312917778125,0.0510803894426436,-0.8516609922317622,0.132484428370131,0.5715371617460968,0.0541864731373086,-0.1417806950288363,-0.4864685772839422,0.1846846336412927,-0.0009688720422725,0.4060468917952878,0.2341922650046989,0.5549974019961417,0.0140576463190273,0.3547591622186937,-0.4289470243255512,0.1273973104704045,0.0152293951960787,-0.4844704194330868,0.0027958011959606,0.1321402465769226,0.0524971529590221,0.998562894971431,0.1299663533732784,0.000840779142992,0.888698528424315,0.0002029185103068,0.0655687867978563,0.744738069547906,0.2297179975755858,0.3226759588743298,0.4795390312788146,0.3869585260674902,0.7122999315086683,0.3384193364242871,0.4399805827743853,0.572357103159748,0.5142012940582728,0.5506605763784594,0.1221470276265178,0.1282715225541673,0.1479051156907494,0.4534504804121283,0.4591042182441102,0.4313774227459992,0.75,41491
0,0,0.4866326999293595,-0.2896312917778125,0.0510803894426436,-0.8516609922317622,0.132484428370131,0.5715371617460968,0.0541864731373086,-0.1417806950288363,-0.4864685772839422,0.1846846336412927,-0.0009688720422725,0.4060468917952878,0.2341922650046989,0.5549974019961417,0.0140576463190273,0.3547591622186937,-0.4289470243255512,0.1273973104704045,0.0152293951960787,-0.4844704194330868,0.0027958011959606,0.1321402465769226,0.0524971529590221,0.998562894971431,0.1299663533732784,0.000840779142992,0.888698528424315,0.0002029185103068,0.0655687867978563,0.744738069547906,0.2297179975755858,0.3226759588743298,0.4795390312788146,0.3869585260674902,0.7122999315086683,0.3384193364242871,0.4399805827743853,0.572357103159748,0.5142012940582728,0.5506605763784594,0.1221470276265178,0.1282715225541673,0.1479051156907494,0.4534504804121283,0.4591042182441102,0.4313774227459992,0.75,41501
0,0,0.4866326999293595,-0.2896312917778125,0.0510803894426436,-0.8516609922317622,0.132484428370131,0.5715371617460968,0.0541864731373086,-0.1417806950288363,-0.4864685772839422,0.1846846336412927,-0.0009688720422725,0.4060468917952878,0.2341922650046989,0.5549974019961417,0.0140576463190273,0.3547591622186937,-0.4289470243255512,0.1273973104704045,0.0152293951960787,-0.4844704194330868,0.0027958011959606,0.1321402465769226,0.0524971529590221,0.998562894971431,0.1299663533732784,0.000840779142992,0.888698528424315,0.0002029185103068,0.0655687867978563,0.744738069547906,0.2297179975755858,0.3226759588743298,0.4795390312788146,0.3869585260674902,0.7122999315086683,0.3384193364242871,0.4399805827743853,0.572357103159748,0.5142012940582728,0.5506605763784594,0.1221470276265178,0.1282715225541673,0.1479051156907494,0.4534504804121283,0.4591042182441102,0.4313774227459992,0.75,41512
0,0,0.4866326999293595,-0.2896312917778125,0.0510803894426436,-0.8516609922317622,0.132484428370131,0.5715371617460968,0.0541864731373086,-0.1417806950288363,-0.4864685772839422,0.1846846336412927,-0.0009688720422725,0.4060468917952878,0.2341922650046989,0.5549974019961417,0.0140576463190273,0.3547591622186937,-0.4289470243255512,0.1273973104704045,0.0152293951960787,-0.4844704194330868,0.0027958011959606,0.1321402465769226,0.0524971529590221,0.998562894971431,0.1299663533732784,0.000840779142992,0.888698528424315,0.0002029185103068,0.0655687867978563,0.744738069547906,0.2297179975755858,0.3226759588743298,0.4795390312788146,0.3869585260674902,0.7122999315086683,0.3384193364242871,0.4399805827743853,0.572357103159748,0.5142012940582728,0.5506605763784594,0.1221470276265178,0.1282715225541673,0.1479051156907494,0.4534504804121283,0.4591042182441102,0.4313774227459992,0.75,41523
0,0,0.4866326999293595,-0.2896312917778125,0.0510803894426436,-0.8516609922317622,0.132484428370131,0.5715371617460968,0.0541864731373086,-0.1417806950288363,-0.4864685772839422,0.1846846336412927,-0.0009688720422725,0.4060468917952878,0.2341922650046989,0.5549974019961417,0.0140576463190273,0.3547591622186937,-0.4289470243255512,0.1273973104704045,0.0152293951960787,-0.4844704194330868,0.0027958011959606,0.1321402465769226,0.0524971529590221,0.998562894971431,0.1299663533732784,0.000840779142992,0.888698528424315,0.0002029185103068,0.0655687867978563,0.744738069547906,0.2297179975755858,0.3226759588743298,0.4795390312788146,0.3869585260674902,0.7122999315086683,0.3384193364242871,0.4399805827743853,0.572357103159748,0.5142012940582728,0.5506605763784594,0.1221470276265178,0.1282715225541673,0.1479051156907494,0.4534504804121283,0.4591042182441102,0.4313774227459992,0.75,41534
0,0,0.4866326999293595,-0.2896312917778125,0.0510803894426436,-0.8516609922317622,0.132484428370131,0.5715371617460968,0.0541864731373086,-0.1417806950288363,-0.4864685772839422,0.1846846336412927,-0.0009688720422725,0.4060468917952878,0.2341922650046989,0.5549974019961417,0.0140576463190273,0.3547591622186937,-0.4289470243255512,0.1273973104704045,0.0152293951960787,-0.4844704194330868,0.0027958011959606,0.1321402465769226,0.0524971529590221,0.998562894971431,0.1299663533732784,0.000840779142992,0.888698528424315,0.0002029185103068,0.0655687867978563,0.744738069547906,0.2297179975755858,0.3226759588743298,0.4795390312788146,0.3869585260674902,0.7122999315086683,0.3384193364242871,0.4399805827743853,0.572357103159748,0.5142012940582728,0.5506605763784594,0.1221470276265178,0.1282715225541673,0.1479051156907494,0.4534504804121283,0.4591042182441102,0.4313774227459992,0.75,41544
0,0,0.4866326999293595,-0.2896312917778125,0.0510803894426436,-0.8516609922317622,0.132484428370131,0.5715371617460968,0.0541864731373086,-0.1417806950288363,-0.4864685772839422,0.1846846336412927,-0.0009688720422725,0.4060468917952878,0.2341922650046989,0.5549974019961417,0.0140576463190273,0.3547591622186937,-0.4289470243255512,0.1273973104704045,0.0152293951960787,-0.4844704194330868,0.0027958011959606,0.1321402465769226,0.0524971529590221,0.998562894971431,0.1299663533732784,0.000840779142992,0.888698528424315,0.0002029185103068,0.0655687867978563,0.744738069547906,0.2297179975755858,0.3226759588743298,0.4795390312788146,0.3869585260674902,0.7122999315086683,0.3384193364242871,0.4399805827743853,0.572357103159748,0.5142012940582728,0.5506605763784594,0.1221470276265178,0.1282715225541673,0.1479051156907494,0.4534504804121283,0.4591042182441102,0.4313774227459992,0.75,41554
0,0,0.4866326999293595,-0.2896312917778125,0.0510803894426436,-0.8516609922317622,0.132484428370131,0.5715371617460968,0.0541864731373086,-0.1417806950288363,-0.4864685772839422,0.1846846336412927,-0.0009688720422725,0.4060468917952878,0.2341922650046989,0.5549974019961417,0.0140576463190273,0.3547591622186937,-0.4289470243255512,0.1273973104704045,0.0152293951960787,-0.4844704194330868,0.0027958011959606,0.1321402465769226,0.0524971529590221,0.998562894971431,0.1299663533732784,0.000840779142992,0.888698528424315,0.0002029185103068,0.0655687867978563,0.744738069547906,0.2297179975755858,0.3226759588743298,0.4795390312788146,0.3869585260674902,0.7122999315086683,0.3384193364242871,0.4399805827743853,0.572357103159748,0.5142012940582728,0.5506605763784594,0.1221470276265178,0.1282715225541673,0.1479051156907494,0.4534504804121283,0.4591042182441102,0.4313774227459992,0.75,41565
0,0,0.4866326999293595,-0.2896312917778125,0.0510803894426436,-0.8516609922317622,0.132484428370131,0.5715371617460968,0.0541864731373086,-0.1417806950288363,-0.4864685772839422,0.1846846336412927,-0.0009688720422725,0.4060468917952878,0.2341922650046989,0.5549974019961417,0.0140576463190273,0.3547591622186937,-0.4289470243255512,0.1273973104704045,0.0152293951960787,-0.4844704194330868,0.0027958011959606,0.1321402465769226,0.0524971529590221,0.998562894971431,0.1299663533732784,0.000840779142992,0.888698528424315,0.0002029185103068,0.0655687867978563,0.744738069547906,0.2297179975755858,0.3226759588743298,0.4795390312788146,0.3869585260674902,0.7122999315086683,0.3384193364242871,0.4399805827743853,0.572357103159748,0.5142012940582728,0.5506605763784594,0.1221470276265178,0.1282715225541673,0.1479051156907494,0.4534504804121283,0.4591042182441102,0.4313774227459992,0.75,41576
0,0,0.4866326999293595,-0.2896312917778125,0.0510803894426436,-0.8516609922317622,0.132484428370131,0.5715371617460968,0.0541864731373086,-0.1417806950288363,-0.4864685772839422,0.1846846336412927,-0.0009688720422725,0.4060468917952878,0.2341922650046989,0.5549974019961417,0.0140576463190273,0.3547591622186937,-0.4289470243255512,0.1273973104704045,0.0152293951960787,-0.4844704194330868,0.0027958011959606,0.1321402465769226,0.0524971529590221,0.998562894971431,0.1299663533732784,0.000840779142992,0.888698528424315,0.0002029185103068,0.0655687867978563,0.744738069547906,0.2297179975755858,0.3226759588743298,0.4795390312788146,0.3869585260674902,0.7122999315086683,0.3384193364242871,0.4399805827743853,0.572357103159748,0.5142012940582728,0.5506605763784594,0.1221470276265178,0.1282715225541673,0.1479051156907494,0.4534504804121283,0.4591042182441102,0.4313774227459992,0.75,41587
0,0,0.8611321369107228,-0.301765313277839,0.2117473313125712,-0.8501418016187574,0.7521058732402998,-0.1027081832994895,0.8487314495374609,-0.1405773520987076,-0.7614531420813382,0.3195284792462471,-0.4683383622028966,0.7007812987625246,0.797205673564499,0.6042248467728369,-0.0305665614562554,0.556618708774979,-0.7266260174938248,0.1404300000262652,-0.0909964321464445,-0.6106011249948362,0.0038035145228964,0.1318999270720717,0.0524298117699747,1.0,0.129918148463398,0.000411747047461,0.8906495881839059,0.0001,0.0669233232898114,0.7433629270429749,0.1477362283863928,0.0849414935212601,0.5211950576860817,0.2559109522357338,0.7577863878113864,0.1940930126760431,0.7380636312993897,0.6153528442287197,0.6228163957100423,0.5861793873806771,0.147043064999287,0.1764306161875003,0.1477649907541243,0.4539742404026295,0.4604631810018615,0.137491966583931,0.78,4159
0,0,0.4866326999293595,-0.2896312917778125,0.0510803894426436,-0.8516609922317622,0.132484428370131,0.5715371617460968,0.0541864731373086,-0.1417806950288363,-0.4864685772839422,0.1846846336412927,-0.0009688720422725,0.4060468917952878,0.2341922650046989,0.5549974019961417,0.0140576463190273,0.3547591622186937,-0.4289470243255512,0.1273973104704045,0.0152293951960787,-0.4844704194330868,0.0027958011959606,0.1321402465769226,0.0524971529590221,0.998562894971431,0.1299663533732784,0.000840779142992,0.888698528424315,0.0002029185103068,0.0655687867978563,0.744738069547906,0.2297179975755858,0.3226759588743298,0.4795390312788146,0.3869585260674902,0.7122999315086683,0.3384193364242871,0.4399805827743853,0.572357103159748,0.5142012940582728,0.5506605763784594,0.1221470276265178,0.1282715225541673,0.1479051156907494,0.4534504804121283,0.4591042182441102,0.4313774227459992,0.75,41597
0,0,0.4866326999293595,-0.2896312917778125,0.0510803894426436,-0.8516609922317622,0.132484428370131,0.5715371617460968,0.0541864731373086,-0.1417806950288363,-0.4864685772839422,0.1846846336412927,-0.0009688720422725,0.4060468917952878,0.2341922650046989,0.5549974019961417,0.0140576463190273,0.3547591622186937,-0.4289470243255512,0.1273973104704045,0.0152293951960787,-0.4844704194330868,0.0027958011959606,0.1321402465769226,0.0524971529590221,0.998562894971431,0.1299663533732784,0.000840779142992,0.888698528424315,0.0002029185103068,0.0655687867978563,0.744738069547906,0.2297179975755858,0.3226759588743298,0.4795390312788146,0.3869585260674902,0.7122999315086683,0.3384193364242871,0.4399805827743853,0.572357103159748,0.5142012940582728,0.5506605763784594,0.1221470276265178,0.1282715225541673,0.1479051156907494,0.4534504804121283,0.4591042182441102,0.4313774227459992,0.75,41607
0,0,0.4866326999293595,-0.2896312917778125,0.0510803894426436,-0.8516609922317622,0.132484428370131,0.5715371617460968,0.0541864731373086,-0.1417806950288363,-0.4864685772839422,0.1846846336412927,-0.0009688720422725,0.4060468917952878,0.2341922650046989,0.5549974019961417,0.0140576463190273,0.3547591622186937,-0.4289470243255512,0.1273973104704045,0.0152293951960787,-0.4844704194330868,0.0027958011959606,0.1321402465769226,0.0524971529590221,0.998562894971431,0.1299663533732784,0.000840779142992,0.888698528424315,0.0002029185103068,0.0655687867978563,0.744738069547906,0.2297179975755858,0.3226759588743298,0.4795390312788146,0.3869585260674902,0.7122999315086683,0.3384193364242871,0.4399805827743853,0.572357103159748,0.5142012940582728,0.5506605763784594,0.1221470276265178,0.1282715225541673,0.1479051156907494,0.4534504804121283,0.4591042182441102,0.4313774227459992,0.75,41626
0,0,0.4866326999293595,-0.2896312917778125,0.0510803894426436,-0.8516609922317622,0.132484428370131,0.5715371617460968,0.0541864731373086,-0.1417806950288363,-0.4864685772839422,0.1846846336412927,-0.0009688720422725,0.4060468917952878,0.2341922650046989,0.5549974019961417,0.0140576463190273,0.3547591622186937,-0.4289470243255512,0.1273973104704045,0.0152293951960787,-0.4844704194330868,0.0027958011959606,0.1321402465769226,0.0524971529590221,0.998562894971431,0.1299663533732784,0.000840779142992,0.888698528424315,0.0002029185103068,0.0655687867978563,0.744738069547906,0.2297179975755858,0.3226759588743298,0.4795390312788146,0.3869585260674902,0.7122999315086683,0.3384193364242871,0.4399805827743853,0.572357103159748,0.5142012940582728,0.5506605763784594,0.1221470276265178,0.1282715225541673,0.1479051156907494,0.4534504804121283,0.4591042182441102,0.4313774227459992,0.75,41636
0,0,0.4866326999293595,-0.2896312917778125,0.0510803894426436,-0.8516609922317622,0.132484428370131,0.5715371617460968,0.0541864731373086,-0.1417806950288363,-0.4864685772839422,0.1846846336412927,-0.0009688720422725,0.4060468917952878,0.2341922650046989,0.5549974019961417,0.0140576463190273,0.3547591622186937,-0.4289470243255512,0.1273973104704045,0.0152293951960787,-0.4844704194330868,0.0027958011959606,0.1321402465769226,0.0524971529590221,0.998562894971431,0.1299663533732784,0.000840779142992,0.888698528424315,0.0002029185103068,0.0655687867978563,0.744738069547906,0.2297179975755858,0.3226759588743298,0.4795390312788146,0.3869585260674902,0.7122999315086683,0.3384193364242871,0.4399805827743853,0.572357103159748,0.5142012940582728,0.5506605763784594,0.1221470276265178,0.1282715225541673,0.1479051156907494,0.4534504804121283,0.4591042182441102,0.4313774227459992,0.75,41647
0,0,0.4866326999293595,-0.2896312917778125,0.0510803894426436,-0.8516609922317622,0.132484428370131,0.5715371617460968,0.0541864731373086,-0.1417806950288363,-0.4864685772839422,0.1846846336412927,-0.0009688720422725,0.4060468917952878,0.2341922650046989,0.5549974019961417,0.0140576463190273,0.3547591622186937,-0.4289470243255512,0.1273973104704045,0.0152293951960787,-0.4844704194330868,0.0027958011959606,0.1321402465769226,0.0524971529590221,0.998562894971431,0.1299663533732784,0.000840779142992,0.888698528424315,0.0002029185103068,0.0655687867978563,0.744738069547906,0.2297179975755858,0.3226759588743298,0.4795390312788146,0.3869585260674902,0.7122999315086683,0.3384193364242871,0.4399805827743853,0.572357103159748,0.5142012940582728,0.5506605763784594,0.1221470276265178,0.1282715225541673,0.1479051156907494,0.4534504804121283,0.4591042182441102,0.4313774227459992,0.75,41658
0,0,0.4866326999293595,-0.2896312917778125,0.0510803894426436,-0.8516609922317622,0.132484428370131,0.5715371617460968,0.0541864731373086,-0.1417806950288363,-0.4864685772839422,0.1846846336412927,-0.0009688720422725,0.4060468917952878,0.2341922650046989,0.5549974019961417,0.0140576463190273,0.3547591622186937,-0.4289470243255512,0.1273973104704045,0.0152293951960787,-0.4844704194330868,0.0027958011959606,0.1321402465769226,0.0524971529590221,0.998562894971431,0.1299663533732784,0.000840779142992,0.888698528424315,0.0002029185103068,0.0655687867978563,0.744738069547906,0.2297179975755858,0.3226759588743298,0.4795390312788146,0.3869585260674902,0.7122999315086683,0.3384193364242871,0.4399805827743853,0.572357103159748,0.5142012940582728,0.5506605763784594,0.1221470276265178,0.1282715225541673,0.1479051156907494,0.4534504804121283,0.4591042182441102,0.4313774227459992,0.75,41668
0,0,0.4866326999293595,-0.2896312917778125,0.0510803894426436,-0.8516609922317622,0.132484428370131,0.5715371617460968,0.0541864731373086,-0.1417806950288363,-0.4864685772839422,0.1846846336412927,-0.0009688720422725,0.4060468917952878,0.2341922650046989,0.5549974019961417,0.0140576463190273,0.3547591622186937,-0.4289470243255512,0.1273973104704045,0.0152293951960787,-0.4844704194330868,0.0027958011959606,0.1321402465769226,0.0524971529590221,0.998562894971431,0.1299663533732784,0.000840779142992,0.888698528424315,0.0002029185103068,0.0655687867978563,0.744738069547906,0.2297179975755858,0.3226759588743298,0.4795390312788146,0.3869585260674902,0.7122999315086683,0.3384193364242871,0.4399805827743853,0.572357103159748,0.5142012940582728,0.5506605763784594,0.1221470276265178,0.1282715225541673,0.1479051156907494,0.4534504804121283,0.4591042182441102,0.4313774227459992,0.75,41679
0,0,0.4866326999293595,-0.2896312917778125,0.0510803894426436,-0.8516609922317622,0.132484428370131,0.5715371617460968,0.0541864731373086,-0.1417806950288363,-0.4864685772839422,0.1846846336412927,-0.0009688720422725,0.4060468917952878,0.2341922650046989,0.5549974019961417,0.0140576463190273,0.3547591622186937,-0.4289470243255512,0.1273973104704045,0.0152293951960787,-0.4844704194330868,0.0027958011959606,0.1321402465769226,0.0524971529590221,0.998562894971431,0.1299663533732784,0.000840779142992,0.888698528424315,0.0002029185103068,0.0655687867978563,0.744738069547906,0.2297179975755858,0.3226759588743298,0.4795390312788146,0.3869585260674902,0.7122999315086683,0.3384193364242871,0.4399805827743853,0.572357103159748,0.5142012940582728,0.5506605763784594,0.1221470276265178,0.1282715225541673,0.1479051156907494,0.4534504804121283,0.4591042182441102,0.4313774227459992,0.75,41689
0,0,0.4866326999293595,-0.2896312917778125,0.0510803894426436,-0.8516609922317622,0.132484428370131,0.5715371617460968,0.0541864731373086,-0.1417806950288363,-0.4864685772839422,0.1846846336412927,-0.0009688720422725,0.4060468917952878,0.2341922650046989,0.5549974019961417,0.0140576463190273,0.3547591622186937,-0.4289470243255512,0.1273973104704045,0.0152293951960787,-0.4844704194330868,0.0027958011959606,0.1321402465769226,0.0524971529590221,0.998562894971431,0.1299663533732784,0.000840779142992,0.888698528424315,0.0002029185103068,0.0655687867978563,0.744738069547906,0.2297179975755858,0.3226759588743298,0.4795390312788146,0.3869585260674902,0.7122999315086683,0.3384193364242871,0.4399805827743853,0.572357103159748,0.5142012940582728,0.5506605763784594,0.1221470276265178,0.1282715225541673,0.1479051156907494,0.4534504804121283,0.4591042182441102,0.4313774227459992,0.75,41699
0,0,0.4866326999293595,-0.2896312917778125,0.0510803894426436,-0.8516609922317622,0.132484428370131,0.5715371617460968,0.0541864731373086,-0.1417806950288363,-0.4864685772839422,0.1846846336412927,-0.0009688720422725,0.4060468917952878,0.2341922650046989,0.5549974019961417,0.0140576463190273,0.3547591622186937,-0.4289470243255512,0.1273973104704045,0.0152293951960787,-0.4844704194330868,0.0027958011959606,0.1321402465769226,0.0524971529590221,0.998562894971431,0.1299663533732784,0.000840779142992,0.888698528424315,0.0002029185103068,0.0655687867978563,0.744738069547906,0.2297179975755858,0.3226759588743298,0.4795390312788146,0.3869585260674902,0.7122999315086683,0.3384193364242871,0.4399805827743853,0.572357103159748,0.5142012940582728,0.5506605763784594,0.1221470276265178,0.1282715225541673,0.1479051156907494,0.4534504804121283,0.4591042182441102,0.4313774227459992,0.75,41709
0,0,0.4866326999293595,-0.2896312917778125,0.0510803894426436,-0.8516609922317622,0.132484428370131,0.5715371617460968,0.0541864731373086,-0.1417806950288363,-0.4864685772839422,0.1846846336412927,-0.0009688720422725,0.4060468917952878,0.2341922650046989,0.5549974019961417,0.0140576463190273,0.3547591622186937,-0.4289470243255512,0.1273973104704045,0.0152293951960787,-0.4844704194330868,0.0027958011959606,0.1321402465769226,0.0524971529590221,0.998562894971431,0.1299663533732784,0.000840779142992,0.888698528424315,0.0002029185103068,0.0655687867978563,0.744738069547906,0.2297179975755858,0.3226759588743298,0.4795390312788146,0.3869585260674902,0.7122999315086683,0.3384193364242871,0.4399805827743853,0.572357103159748,0.5142012940582728,0.5506605763784594,0.1221470276265178,0.1282715225541673,0.1479051156907494,0.4534504804121283,0.4591042182441102,0.4313774227459992,0.75,41719
0,0,0.4866326999293595,-0.2896312917778125,0.0510803894426436,-0.8516609922317622,0.132484428370131,0.5715371617460968,0.0541864731373086,-0.1417806950288363,-0.4864685772839422,0.1846846336412927,-0.0009688720422725,0.4060468917952878,0.2341922650046989,0.5549974019961417,0.0140576463190273,0.3547591622186937,-0.4289470243255512,0.1273973104704045,0.0152293951960787,-0.4844704194330868,0.0027958011959606,0.1321402465769226,0.0524971529590221,0.998562894971431,0.1299663533732784,0.000840779142992,0.888698528424315,0.0002029185103068,0.0655687867978563,0.744738069547906,0.2297179975755858,0.3226759588743298,0.4795390312788146,0.3869585260674902,0.7122999315086683,0.3384193364242871,0.4399805827743853,0.572357103159748,0.5142012940582728,0.5506605763784594,0.1221470276265178,0.1282715225541673,0.1479051156907494,0.4534504804121283,0.4591042182441102,0.4313774227459992,0.75,41729
0,0,0.4866326999293595,-0.2896312917778125,0.0510803894426436,-0.8516609922317622,0.132484428370131,0.5715371617460968,0.0541864731373086,-0.1417806950288363,-0.4864685772839422,0.1846846336412927,-0.0009688720422725,0.4060468917952878,0.2341922650046989,0.5549974019961417,0.0140576463190273,0.3547591622186937,-0.4289470243255512,0.1273973104704045,0.0152293951960787,-0.4844704194330868,0.0027958011959606,0.1321402465769226,0.0524971529590221,0.998562894971431,0.1299663533732784,0.000840779142992,0.888698528424315,0.0002029185103068,0.0655687867978563,0.744738069547906,0.2297179975755858,0.3226759588743298,0.4795390312788146,0.3869585260674902,0.7122999315086683,0.3384193364242871,0.4399805827743853,0.572357103159748,0.5142012940582728,0.5506605763784594,0.1221470276265178,0.1282715225541673,0.1479051156907494,0.4534504804121283,0.4591042182441102,0.4313774227459992,0.75,41739
0,0,0.4866326999293595,-0.2896312917778125,0.0510803894426436,-0.8516609922317622,0.132484428370131,0.5715371617460968,0.0541864731373086,-0.1417806950288363,-0.4864685772839422,0.1846846336412927,-0.0009688720422725,0.4060468917952878,0.2341922650046989,0.5549974019961417,0.0140576463190273,0.3547591622186937,-0.4289470243255512,0.1273973104704045,0.0152293951960787,-0.4844704194330868,0.0027958011959606,0.1321402465769226,0.0524971529590221,0.998562894971431,0.1299663533732784,0.000840779142992,0.888698528424315,0.0002029185103068,0.0655687867978563,0.744738069547906,0.2297179975755858,0.3226759588743298,0.4795390312788146,0.3869585260674902,0.7122999315086683,0.3384193364242871,0.4399805827743853,0.572357103159748,0.5142012940582728,0.5506605763784594,0.1221470276265178,0.1282715225541673,0.1479051156907494,0.4534504804121283,0.4591042182441102,0.4313774227459992,0.75,41749
0,0,0.4866326999293595,-0.2896312917778125,0.0510803894426436,-0.8516609922317622,0.132484428370131,0.5715371617460968,0.0541864731373086,-0.1417806950288363,-0.4864685772839422,0.1846846336412927,-0.0009688720422725,0.4060468917952878,0.2341922650046989,0.5549974019961417,0.0140576463190273,0.3547591622186937,-0.4289470243255512,0.1273973104704045,0.0152293951960787,-0.4844704194330868,0.0027958011959606,0.1321402465769226,0.0524971529590221,0.998562894971431,0.1299663533732784,0.000840779142992,0.888698528424315,0.0002029185103068,0.0655687867978563,0.744738069547906,0.2297179975755858,0.3226759588743298,0.4795390312788146,0.3869585260674902,0.7122999315086683,0.3384193364242871,0.4399805827743853,0.572357103159748,0.5142012940582728,0.5506605763784594,0.1221470276265178,0.1282715225541673,0.1479051156907494,0.4534504804121283,0.4591042182441102,0.4313774227459992,0.75,41759
0,0,0.4866326999293595,-0.2896312917778125,0.0510803894426436,-0.8516609922317622,0.132484428370131,0.5715371617460968,0.0541864731373086,-0.1417806950288363,-0.4864685772839422,0.1846846336412927,-0.0009688720422725,0.4060468917952878,0.2341922650046989,0.5549974019961417,0.0140576463190273,0.3547591622186937,-0.4289470243255512,0.1273973104704045,0.0152293951960787,-0.4844704194330868,0.0027958011959606,0.1321402465769226,0.0524971529590221,0.998562894971431,0.1299663533732784,0.000840779142992,0.888698528424315,0.0002029185103068,0.0655687867978563,0.744738069547906,0.2297179975755858,0.3226759588743298,0.4795390312788146,0.3869585260674902,0.7122999315086683,0.3384193364242871,0.4399805827743853,0.572357103159748,0.5142012940582728,0.5506605763784594,0.1221470276265178,0.1282715225541673,0.1479051156907494,0.4534504804121283,0.4591042182441102,0.4313774227459992,0.75,41777
0,0,0.4866326999293595,-0.2896312917778125,0.0510803894426436,-0.8516609922317622,0.132484428370131,0.5715371617460968,0.0541864731373086,-0.1417806950288363,-0.4864685772839422,0.1846846336412927,-0.0009688720422725,0.4060468917952878,0.2341922650046989,0.5549974019961417,0.0140576463190273,0.3547591622186937,-0.4289470243255512,0.1273973104704045,0.0152293951960787,-0.4844704194330868,0.0027958011959606,0.1321402465769226,0.0524971529590221,0.998562894971431,0.1299663533732784,0.000840779142992,0.888698528424315,0.0002029185103068,0.0655687867978563,0.744738069547906,0.2297179975755858,0.3226759588743298,0.4795390312788146,0.3869585260674902,0.7122999315086683,0.3384193364242871,0.4399805827743853,0.572357103159748,0.5142012940582728,0.5506605763784594,0.1221470276265178,0.1282715225541673,0.1479051156907494,0.4534504804121283,0.4591042182441102,0.4313774227459992,0.75,41797
0,0,0.4866326999293595,-0.2896312917778125,0.0510803894426436,-0.8516609922317622,0.132484428370131,0.5715371617460968,0.0541864731373086,-0.1417806950288363,-0.4864685772839422,0.1846846336412927,-0.0009688720422725,0.4060468917952878,0.2341922650046989,0.5549974019961417,0.0140576463190273,0.3547591622186937,-0.4289470243255512,0.1273973104704045,0.0152293951960787,-0.4844704194330868,0.0027958011959606,0.1321402465769226,0.0524971529590221,0.998562894971431,0.1299663533732784,0.000840779142992,0.888698528424315,0.0002029185103068,0.0655687867978563,0.744738069547906,0.2297179975755858,0.3226759588743298,0.4795390312788146,0.3869585260674902,0.7122999315086683,0.3384193364242871,0.4399805827743853,0.572357103159748,0.5142012940582728,0.5506605763784594,0.1221470276265178,0.1282715225541673,0.1479051156907494,0.4534504804121283,0.4591042182441102,0.4313774227459992,0.75,41808
0,0,0.4866326999293595,-0.2896312917778125,0.0510803894426436,-0.8516609922317622,0.132484428370131,0.5715371617460968,0.0541864731373086,-0.1417806950288363,-0.4864685772839422,0.1846846336412927,-0.0009688720422725,0.4060468917952878,0.2341922650046989,0.5549974019961417,0.0140576463190273,0.3547591622186937,-0.4289470243255512,0.1273973104704045,0.0152293951960787,-0.4844704194330868,0.0027958011959606,0.1321402465769226,0.0524971529590221,0.998562894971431,0.1299663533732784,0.000840779142992,0.888698528424315,0.0002029185103068,0.0655687867978563,0.744738069547906,0.2297179975755858,0.3226759588743298,0.4795390312788146,0.3869585260674902,0.7122999315086683,0.3384193364242871,0.4399805827743853,0.572357103159748,0.5142012940582728,0.5506605763784594,0.1221470276265178,0.1282715225541673,0.1479051156907494,0.4534504804121283,0.4591042182441102,0.4313774227459992,0.75,41818
0,0,0.4866326999293595,-0.2896312917778125,0.0510803894426436,-0.8516609922317622,0.132484428370131,0.5715371617460968,0.0541864731373086,-0.1417806950288363,-0.4864685772839422,0.1846846336412927,-0.0009688720422725,0.4060468917952878,0.2341922650046989,0.5549974019961417,0.0140576463190273,0.3547591622186937,-0.4289470243255512,0.1273973104704045,0.0152293951960787,-0.4844704194330868,0.0027958011959606,0.1321402465769226,0.0524971529590221,0.998562894971431,0.1299663533732784,0.000840779142992,0.888698528424315,0.0002029185103068,0.0655687867978563,0.744738069547906,0.2297179975755858,0.3226759588743298,0.4795390312788146,0.3869585260674902,0.7122999315086683,0.3384193364242871,0.4399805827743853,0.572357103159748,0.5142012940582728,0.5506605763784594,0.1221470276265178,0.1282715225541673,0.1479051156907494,0.4534504804121283,0.4591042182441102,0.4313774227459992,0.75,41828
0,0,0.4866326999293595,-0.2896312917778125,0.0510803894426436,-0.8516609922317622,0.132484428370131,0.5715371617460968,0.0541864731373086,-0.1417806950288363,-0.4864685772839422,0.1846846336412927,-0.0009688720422725,0.4060468917952878,0.2341922650046989,0.5549974019961417,0.0140576463190273,0.3547591622186937,-0.4289470243255512,0.1273973104704045,0.0152293951960787,-0.4844704194330868,0.0027958011959606,0.1321402465769226,0.0524971529590221,0.998562894971431,0.1299663533732784,0.000840779142992,0.888698528424315,0.0002029185103068,0.0655687867978563,0.744738069547906,0.2297179975755858,0.3226759588743298,0.4795390312788146,0.3869585260674902,0.7122999315086683,0.3384193364242871,0.4399805827743853,0.572357103159748,0.5142012940582728,0.5506605763784594,0.1221470276265178,0.1282715225541673,0.1479051156907494,0.4534504804121283,0.4591042182441102,0.4313774227459992,0.75,41839
0,0,0.4866326999293595,-0.2896312917778125,0.0510803894426436,-0.8516609922317622,0.132484428370131,0.5715371617460968,0.0541864731373086,-0.1417806950288363,-0.4864685772839422,0.1846846336412927,-0.0009688720422725,0.4060468917952878,0.2341922650046989,0.5549974019961417,0.0140576463190273,0.3547591622186937,-0.4289470243255512,0.1273973104704045,0.0152293951960787,-0.4844704194330868,0.0027958011959606,0.1321402465769226,0.0524971529590221,0.998562894971431,0.1299663533732784,0.000840779142992,0.888698528424315,0.0002029185103068,0.0655687867978563,0.744738069547906,0.2297179975755858,0.3226759588743298,0.4795390312788146,0.3869585260674902,0.7122999315086683,0.3384193364242871,0.4399805827743853,0.572357103159748,0.5142012940582728,0.5506605763784594,0.1221470276265178,0.1282715225541673,0.1479051156907494,0.4534504804121283,0.4591042182441102,0.4313774227459992,0.75,41850
0,0,0.4866326999293595,-0.2896312917778125,0.0510803894426436,-0.8516609922317622,0.132484428370131,0.5715371617460968,0.0541864731373086,-0.1417806950288363,-0.4864685772839422,0.1846846336412927,-0.0009688720422725,0.4060468917952878,0.2341922650046989,0.5549974019961417,0.0140576463190273,0.3547591622186937,-0.4289470243255512,0.1273973104704045,0.0152293951960787,-0.4844704194330868,0.0027958011959606,0.1321402465769226,0.0524971529590221,0.998562894971431,0.1299663533732784,0.000840779142992,0.888698528424315,0.0002029185103068,0.0655687867978563,0.744738069547906,0.2297179975755858,0.3226759588743298,0.4795390312788146,0.3869585260674902,0.7122999315086683,0.3384193364242871,0.4399805827743853,0.572357103159748,0.5142012940582728,0.5506605763784594,0.1221470276265178,0.1282715225541673,0.1479051156907494,0.4534504804121283,0.4591042182441102,0.4313774227459992,0.75,41860
0,0,0.4866326999293595,-0.2896312917778125,0.0510803894426436,-0.8516609922317622,0.132484428370131,0.5715371617460968,0.0541864731373086,-0.1417806950288363,-0.4864685772839422,0.1846846336412927,-0.0009688720422725,0.4060468917952878,0.2341922650046989,0.5549974019961417,0.0140576463190273,0.3547591622186937,-0.4289470243255512,0.1273973104704045,0.0152293951960787,-0.4844704194330868,0.0027958011959606,0.1321402465769226,0.0524971529590221,0.998562894971431,0.1299663533732784,0.000840779142992,0.888698528424315,0.0002029185103068,0.0655687867978563,0.744738069547906,0.2297179975755858,0.3226759588743298,0.4795390312788146,0.3869585260674902,0.7122999315086683,0.3384193364242871,0.4399805827743853,0.572357103159748,0.5142012940582728,0.5506605763784594,0.1221470276265178,0.1282715225541673,0.1479051156907494,0.4534504804121283,0.4591042182441102,0.4313774227459992,0.75,41870
0,0,0.4866326999293595,-0.2896312917778125,0.0510803894426436,-0.8516609922317622,0.132484428370131,0.5715371617460968,0.0541864731373086,-0.1417806950288363,-0.4864685772839422,0.1846846336412927,-0.0009688720422725,0.4060468917952878,0.2341922650046989,0.5549974019961417,0.0140576463190273,0.3547591622186937,-0.4289470243255512,0.1273973104704045,0.0152293951960787,-0.4844704194330868,0.0027958011959606,0.1321402465769226,0.0524971529590221,0.998562894971431,0.1299663533732784,0.000840779142992,0.888698528424315,0.0002029185103068,0.0655687867978563,0.744738069547906,0.2297179975755858,0.3226759588743298,0.4795390312788146,0.3869585260674902,0.7122999315086683,0.3384193364242871,0.4399805827743853,0.572357103159748,0.5142012940582728,0.5506605763784594,0.1221470276265178,0.1282715225541673,0.1479051156907494,0.4534504804121283,0.4591042182441102,0.4313774227459992,0.75,41880
0,0,0.4866326999293595,-0.2896312917778125,0.0510803894426436,-0.8516609922317622,0.132484428370131,0.5715371617460968,0.0541864731373086,-0.1417806950288363,-0.4864685772839422,0.1846846336412927,-0.0009688720422725,0.4060468917952878,0.2341922650046989,0.5549974019961417,0.0140576463190273,0.3547591622186937,-0.4289470243255512,0.1273973104704045,0.0152293951960787,-0.4844704194330868,0.0027958011959606,0.1321402465769226,0.0524971529590221,0.998562894971431,0.1299663533732784,0.000840779142992,0.888698528424315,0.0002029185103068,0.0655687867978563,0.744738069547906,0.2297179975755858,0.3226759588743298,0.4795390312788146,0.3869585260674902,0.7122999315086683,0.3384193364242871,0.4399805827743853,0.572357103159748,0.5142012940582728,0.5506605763784594,0.1221470276265178,0.1282715225541673,0.1479051156907494,0.4534504804121283,0.4591042182441102,0.4313774227459992,0.75,41890
0,0,0.4866326999293595,-0.2896312917778125,0.0510803894426436,-0.8516609922317622,0.132484428370131,0.5715371617460968,0.0541864731373086,-0.1417806950288363,-0.4864685772839422,0.1846846336412927,-0.0009688720422725,0.4060468917952878,0.2341922650046989,0.5549974019961417,0.0140576463190273,0.3547591622186937,-0.4289470243255512,0.1273973104704045,0.0152293951960787,-0.4844704194330868,0.0027958011959606,0.1321402465769226,0.0524971529590221,0.998562894971431,0.1299663533732784,0.000840779142992,0.888698528424315,0.0002029185103068,0.0655687867978563,0.744738069547906,0.2297179975755858,0.3226759588743298,0.4795390312788146,0.3869585260674902,0.7122999315086683,0.3384193364242871,0.4399805827743853,0.572357103159748,0.5142012940582728,0.5506605763784594,0.1221470276265178,0.1282715225541673,0.1479051156907494,0.4534504804121283,0.4591042182441102,0.4313774227459992,0.75,41901
0,0,0.4866326999293595,-0.2896312917778125,0.0510803894426436,-0.8516609922317622,0.132484428370131,0.5715371617460968,0.0541864731373086,-0.1417806950288363,-0.4864685772839422,0.1846846336412927,-0.0009688720422725,0.4060468917952878,0.2341922650046989,0.5549974019961417,0.0140576463190273,0.3547591622186937,-0.4289470243255512,0.1273973104704045,0.0152293951960787,-0.4844704194330868,0.0027958011959606,0.1321402465769226,0.0524971529590221,0.998562894971431,0.1299663533732784,0.000840779142992,0.888698528424315,0.0002029185103068,0.0655687867978563,0.744738069547906,0.2297179975755858,0.3226759588743298,0.4795390312788146,0.3869585260674902,0.7122999315086683,0.3384193364242871,0.4399805827743853,0.572357103159748,0.5142012940582728,0.5506605763784594,0.1221470276265178,0.1282715225541673,0.1479051156907494,0.4534504804121283,0.4591042182441102,0.4313774227459992,0.75,41912
0,0,0.4866326999293595,-0.2896312917778125,0.0510803894426436,-0.8516609922317622,0.132484428370131,0.5715371617460968,0.0541864731373086,-0.1417806950288363,-0.4864685772839422,0.1846846336412927,-0.0009688720422725,0.4060468917952878,0.2341922650046989,0.5549974019961417,0.0140576463190273,0.3547591622186937,-0.4289470243255512,0.1273973104704045,0.0152293951960787,-0.4844704194330868,0.0027958011959606,0.1321402465769226,0.0524971529590221,0.998562894971431,0.1299663533732784,0.000840779142992,0.888698528424315,0.0002029185103068,0.0655687867978563,0.744738069547906,0.2297179975755858,0.3226759588743298,0.4795390312788146,0.3869585260674902,0.7122999315086683,0.3384193364242871,0.4399805827743853,0.572357103159748,0.5142012940582728,0.5506605763784594,0.1221470276265178,0.1282715225541673,0.1479051156907494,0.4534504804121283,0.4591042182441102,0.4313774227459992,0.75,41931
0,0,0.4866326999293595,-0.2896312917778125,0.0510803894426436,-0.8516609922317622,0.132484428370131,0.5715371617460968,0.0541864731373086,-0.1417806950288363,-0.4864685772839422,0.1846846336412927,-0.0009688720422725,0.4060468917952878,0.2341922650046989,0.5549974019961417,0.0140576463190273,0.3547591622186937,-0.4289470243255512,0.1273973104704045,0.0152293951960787,-0.4844704194330868,0.0027958011959606,0.1321402465769226,0.0524971529590221,0.998562894971431,0.1299663533732784,0.000840779142992,0.888698528424315,0.0002029185103068,0.0655687867978563,0.744738069547906,0.2297179975755858,0.3226759588743298,0.4795390312788146,0.3869585260674902,0.7122999315086683,0.3384193364242871,0.4399805827743853,0.572357103159748,0.5142012940582728,0.5506605763784594,0.1221470276265178,0.1282715225541673,0.1479051156907494,0.4534504804121283,0.4591042182441102,0.4313774227459992,0.75,41950
0,0,0.4866326999293595,-0.2896312917778125,0.0510803894426436,-0.8516609922317622,0.132484428370131,0.5715371617460968,0.0541864731373086,-0.1417806950288363,-0.4864685772839422,0.1846846336412927,-0.0009688720422725,0.4060468917952878,0.2341922650046989,0.5549974019961417,0.0140576463190273,0.3547591622186937,-0.4289470243255512,0.1273973104704045,0.0152293951960787,-0.4844704194330868,0.0027958011959606,0.1321402465769226,0.0524971529590221,0.998562894971431,0.1299663533732784,0.000840779142992,0.888698528424315,0.0002029185103068,0.0655687867978563,0.744738069547906,0.2297179975755858,0.3226759588743298,0.4795390312788146,0.3869585260674902,0.7122999315086683,0.3384193364242871,0.4399805827743853,0.572357103159748,0.5142012940582728,0.5506605763784594,0.1221470276265178,0.1282715225541673,0.1479051156907494,0.4534504804121283,0.4591042182441102,0.4313774227459992,0.75,41961
0,0,0.4866326999293595,-0.2896312917778125,0.0510803894426436,-0.8516609922317622,0.132484428370131,0.5715371617460968,0.0541864731373086,-0.1417806950288363,-0.4864685772839422,0.1846846336412927,-0.0009688720422725,0.4060468917952878,0.2341922650046989,0.5549974019961417,0.0140576463190273,0.3547591622186937,-0.4289470243255512,0.1273973104704045,0.0152293951960787,-0.4844704194330868,0.0027958011959606,0.1321402465769226,0.0524971529590221,0.998562894971431,0.1299663533732784,0.000840779142992,0.888698528424315,0.0002029185103068,0.0655687867978563,0.744738069547906,0.2297179975755858,0.3226759588743298,0.4795390312788146,0.3869585260674902,0.7122999315086683,0.3384193364242871,0.4399805827743853,0.572357103159748,0.5142012940582728,0.5506605763784594,0.1221470276265178,0.1282715225541673,0.1479051156907494,0.4534504804121283,0.4591042182441102,0.4313774227459992,0.75,41980
0,0,0.4866326999293595,-0.2896312917778125,0.0510803894426436,-0.8516609922317622,0.132484428370131,0.5715371617460968,0.0541864731373086,-0.1417806950288363,-0.4864685772839422,0.1846846336412927,-0.0009688720422725,0.4060468917952878,0.2341922650046989,0.5549974019961417,0.0140576463190273,0.3547591622186937,-0.4289470243255512,0.1273973104704045,0.0152293951960787,-0.4844704194330868,0.0027958011959606,0.1321402465769226,0.0524971529590221,0.998562894971431,0.1299663533732784,0.000840779142992,0.888698528424315,0.0002029185103068,0.0655687867978563,0.744738069547906,0.2297179975755858,0.3226759588743298,0.4795390312788146,0.3869585260674902,0.7122999315086683,0.3384193364242871,0.4399805827743853,0.572357103159748,0.5142012940582728,0.5506605763784594,0.1221470276265178,0.1282715225541673,0.1479051156907494,0.4534504804121283,0.4591042182441102,0.4313774227459992,0.75,41990
0,0,0.4866326999293595,-0.2896312917778125,0.0510803894426436,-0.8516609922317622,0.132484428370131,0.5715371617460968,0.0541864731373086,-0.1417806950288363,-0.4864685772839422,0.1846846336412927,-0.0009688720422725,0.4060468917952878,0.2341922650046989,0.5549974019961417,0.0140576463190273,0.3547591622186937,-0.4289470243255512,0.1273973104704045,0.0152293951960787,-0.4844704194330868,0.0027958011959606,0.1321402465769226,0.0524971529590221,0.998562894971431,0.1299663533732784,0.000840779142992,0.888698528424315,0.0002029185103068,0.0655687867978563,0.744738069547906,0.2297179975755858,0.3226759588743298,0.4795390312788146,0.3869585260674902,0.7122999315086683,0.3384193364242871,0.4399805827743853,0.572357103159748,0.5142012940582728,0.5506605763784594,0.1221470276265178,0.1282715225541673,0.1479051156907494,0.4534504804121283,0.4591042182441102,0.4313774227459992,0.75,42000
0,0,0.4866326999293595,-0.2896312917778125,0.0510803894426436,-0.8516609922317622,0.132484428370131,0.5715371617460968,0.0541864731373086,-0.1417806950288363,-0.4864685772839422,0.1846846336412927,-0.0009688720422725,0.4060468917952878,0.2341922650046989,0.5549974019961417,0.0140576463190273,0.3547591622186937,-0.4289470243255512,0.1273973104704045,0.0152293951960787,-0.4844704194330868,0.0027958011959606,0.1321402465769226,0.0524971529590221,0.998562894971431,0.1299663533732784,0.000840779142992,0.888698528424315,0.0002029185103068,0.0655687867978563,0.744738069547906,0.2297179975755858,0.3226759588743298,0.4795390312788146,0.3869585260674902,0.7122999315086683,0.3384193364242871,0.4399805827743853,0.572357103159748,0.5142012940582728,0.5506605763784594,0.1221470276265178,0.1282715225541673,0.1479051156907494,0.4534504804121283,0.4591042182441102,0.4313774227459992,0.75,42010
0,0,0.4866326999293595,-0.2896312917778125,0.0510803894426436,-0.8516609922317622,0.132484428370131,0.5715371617460968,0.0541864731373086,-0.1417806950288363,-0.4864685772839422,0.1846846336412927,-0.0009688720422725,0.4060468917952878,0.2341922650046989,0.5549974019961417,0.0140576463190273,0.3547591622186937,-0.4289470243255512,0.1273973104704045,0.0152293951960787,-0.4844704194330868,0.0027958011959606,0.1321402465769226,0.0524971529590221,0.998562894971431,0.1299663533732784,0.000840779142992,0.888698528424315,0.0002029185103068,0.0655687867978563,0.744738069547906,0.2297179975755858,0.3226759588743298,0.4795390312788146,0.3869585260674902,0.7122999315086683,0.3384193364242871,0.4399805827743853,0.572357103159748,0.5142012940582728,0.5506605763784594,0.1221470276265178,0.1282715225541673,0.1479051156907494,0.4534504804121283,0.4591042182441102,0.4313774227459992,0.75,42020
0,0,0.4866326999293595,-0.2896312917778125,0.0510803894426436,-0.8516609922317622,0.132484428370131,0.5715371617460968,0.0541864731373086,-0.1417806950288363,-0.4864685772839422,0.1846846336412927,-0.0009688720422725,0.4060468917952878,0.2341922650046989,0.5549974019961417,0.0140576463190273,0.3547591622186937,-0.4289470243255512,0.1273973104704045,0.0152293951960787,-0.4844704194330868,0.0027958011959606,0.1321402465769226,0.0524971529590221,0.998562894971431,0.1299663533732784,0.000840779142992,0.888698528424315,0.0002029185103068,0.0655687867978563,0.744738069547906,0.2297179975755858,0.3226759588743298,0.4795390312788146,0.3869585260674902,0.7122999315086683,0.3384193364242871,0.4399805827743853,0.572357103159748,0.5142012940582728,0.5506605763784594,0.1221470276265178,0.1282715225541673,0.1479051156907494,0.4534504804121283,0.4591042182441102,0.4313774227459992,0.75,42030
0,0,0.4866326999293595,-0.2896312917778125,0.0510803894426436,-0.8516609922317622,0.132484428370131,0.5715371617460968,0.0541864731373086,-0.1417806950288363,-0.4864685772839422,0.1846846336412927,-0.0009688720422725,0.4060468917952878,0.2341922650046989,0.5549974019961417,0.0140576463190273,0.3547591622186937,-0.4289470243255512,0.1273973104704045,0.0152293951960787,-0.4844704194330868,0.0027958011959606,0.1321402465769226,0.0524971529590221,0.998562894971431,0.1299663533732784,0.000840779142992,0.888698528424315,0.0002029185103068,0.0655687867978563,0.744738069547906,0.2297179975755858,0.3226759588743298,0.4795390312788146,0.3869585260674902,0.7122999315086683,0.3384193364242871,0.4399805827743853,0.572357103159748,0.5142012940582728,0.5506605763784594,0.1221470276265178,0.1282715225541673,0.1479051156907494,0.4534504804121283,0.4591042182441102,0.4313774227459992,0.75,42040
0,0,0.4866326999293595,-0.2896312917778125,0.0510803894426436,-0.8516609922317622,0.132484428370131,0.5715371617460968,0.0541864731373086,-0.1417806950288363,-0.4864685772839422,0.1846846336412927,-0.0009688720422725,0.4060468917952878,0.2341922650046989,0.5549974019961417,0.0140576463190273,0.3547591622186937,-0.4289470243255512,0.1273973104704045,0.0152293951960787,-0.4844704194330868,0.0027958011959606,0.1321402465769226,0.0524971529590221,0.998562894971431,0.1299663533732784,0.000840779142992,0.888698528424315,0.0002029185103068,0.0655687867978563,0.744738069547906,0.2297179975755858,0.3226759588743298,0.4795390312788146,0.3869585260674902,0.7122999315086683,0.3384193364242871,0.4399805827743853,0.572357103159748,0.5142012940582728,0.5506605763784594,0.1221470276265178,0.1282715225541673,0.1479051156907494,0.4534504804121283,0.4591042182441102,0.4313774227459992,0.75,42051
0,0,0.4866326999293595,-0.2896312917778125,0.0510803894426436,-0.8516609922317622,0.132484428370131,0.5715371617460968,0.0541864731373086,-0.1417806950288363,-0.4864685772839422,0.1846846336412927,-0.0009688720422725,0.4060468917952878,0.2341922650046989,0.5549974019961417,0.0140576463190273,0.3547591622186937,-0.4289470243255512,0.1273973104704045,0.0152293951960787,-0.4844704194330868,0.0027958011959606,0.1321402465769226,0.0524971529590221,0.998562894971431,0.1299663533732784,0.000840779142992,0.888698528424315,0.0002029185103068,0.0655687867978563,0.744738069547906,0.2297179975755858,0.3226759588743298,0.4795390312788146,0.3869585260674902,0.7122999315086683,0.3384193364242871,0.4399805827743853,0.572357103159748,0.5142012940582728,0.5506605763784594,0.1221470276265178,0.1282715225541673,0.1479051156907494,0.4534504804121283,0.4591042182441102,0.4313774227459992,0.75,42062
0,0,0.4866326999293595,-0.2896312917778125,0.0510803894426436,-0.8516609922317622,0.132484428370131,0.5715371617460968,0.0541864731373086,-0.1417806950288363,-0.4864685772839422,0.1846846336412927,-0.0009688720422725,0.4060468917952878,0.2341922650046989,0.5549974019961417,0.0140576463190273,0.3547591622186937,-0.4289470243255512,0.1273973104704045,0.0152293951960787,-0.4844704194330868,0.0027958011959606,0.1321402465769226,0.0524971529590221,0.998562894971431,0.1299663533732784,0.000840779142992,0.888698528424315,0.0002029185103068,0.0655687867978563,0.744738069547906,0.2297179975755858,0.3226759588743298,0.4795390312788146,0.3869585260674902,0.7122999315086683,0.3384193364242871,0.4399805827743853,0.572357103159748,0.5142012940582728,0.5506605763784594,0.1221470276265178,0.1282715225541673,0.1479051156907494,0.4534504804121283,0.4591042182441102,0.4313774227459992,0.75,42072
0,0,0.4866326999293595,-0.2896312917778125,0.0510803894426436,-0.8516609922317622,0.132484428370131,0.5715371617460968,0.0541864731373086,-0.1417806950288363,-0.4864685772839422,0.1846846336412927,-0.0009688720422725,0.4060468917952878,0.2341922650046989,0.5549974019961417,0.0140576463190273,0.3547591622186937,-0.4289470243255512,0.1273973104704045,0.0152293951960787,-0.4844704194330868,0.0027958011959606,0.1321402465769226,0.0524971529590221,0.998562894971431,0.1299663533732784,0.000840779142992,0.888698528424315,0.0002029185103068,0.0655687867978563,0.744738069547906,0.2297179975755858,0.3226759588743298,0.4795390312788146,0.3869585260674902,0.7122999315086683,0.3384193364242871,0.4399805827743853,0.572357103159748,0.5142012940582728,0.5506605763784594,0.1221470276265178,0.1282715225541673,0.1479051156907494,0.4534504804121283,0.4591042182441102,0.4313774227459992,0.75,42083
0,0,0.4866326999293595,-0.2896312917778125,0.0510803894426436,-0.8516609922317622,0.132484428370131,0.5715371617460968,0.0541864731373086,-0.1417806950288363,-0.4864685772839422,0.1846846336412927,-0.0009688720422725,0.4060468917952878,0.2341922650046989,0.5549974019961417,0.0140576463190273,0.3547591622186937,-0.4289470243255512,0.1273973104704045,0.0152293951960787,-0.4844704194330868,0.0027958011959606,0.1321402465769226,0.0524971529590221,0.998562894971431,0.1299663533732784,0.000840779142992,0.888698528424315,0.0002029185103068,0.0655687867978563,0.744738069547906,0.2297179975755858,0.3226759588743298,0.4795390312788146,0.3869585260674902,0.7122999315086683,0.3384193364242871,0.4399805827743853,0.572357103159748,0.5142012940582728,0.5506605763784594,0.1221470276265178,0.1282715225541673,0.1479051156907494,0.4534504804121283,0.4591042182441102,0.4313774227459992,0.75,42093
0,0,0.4866326999293595,-0.2896312917778125,0.0510803894426436,-0.8516609922317622,0.132484428370131,0.5715371617460968,0.0541864731373086,-0.1417806950288363,-0.4864685772839422,0.1846846336412927,-0.0009688720422725,0.4060468917952878,0.2341922650046989,0.5549974019961417,0.0140576463190273,0.3547591622186937,-0.4289470243255512,0.1273973104704045,0.0152293951960787,-0.4844704194330868,0.0027958011959606,0.1321402465769226,0.0524971529590221,0.998562894971431,0.1299663533732784,0.000840779142992,0.888698528424315,0.0002029185103068,0.0655687867978563,0.744738069547906,0.2297179975755858,0.3226759588743298,0.4795390312788146,0.3869585260674902,0.7122999315086683,0.3384193364242871,0.4399805827743853,0.572357103159748,0.5142012940582728,0.5506605763784594,0.1221470276265178,0.1282715225541673,0.1479051156907494,0.4534504804121283,0.4591042182441102,0.4313774227459992,0.75,42112
0,0,0.4866326999293595,-0.2896312917778125,0.0510803894426436,-0.8516609922317622,0.132484428370131,0.5715371617460968,0.0541864731373086,-0.1417806950288363,-0.4864685772839422,0.1846846336412927,-0.0009688720422725,0.4060468917952878,0.2341922650046989,0.5549974019961417,0.0140576463190273,0.3547591622186937,-0.4289470243255512,0.1273973104704045,0.0152293951960787,-0.4844704194330868,0.0027958011959606,0.1321402465769226,0.0524971529590221,0.998562894971431,0.1299663533732784,0.000840779142992,0.888698528424315,0.0002029185103068,0.0655687867978563,0.744738069547906,0.2297179975755858,0.3226759588743298,0.4795390312788146,0.3869585260674902,0.7122999315086683,0.3384193364242871,0.4399805827743853,0.572357103159748,0.5142012940582728,0.5506605763784594,0.1221470276265178,0.1282715225541673,0.1479051156907494,0.4534504804121283,0.4591042182441102,0.4313774227459992,0.75,42123
0,0,0.4866326999293595,-0.2896312917778125,0.0510803894426436,-0.8516609922317622,0.132484428370131,0.5715371617460968,0.0541864731373086,-0.1417806950288363,-0.4864685772839422,0.1846846336412927,-0.0009688720422725,0.4060468917952878,0.2341922650046989,0.5549974019961417,0.0140576463190273,0.3547591622186937,-0.4289470243255512,0.1273973104704045,0.0152293951960787,-0.4844704194330868,0.0027958011959606,0.1321402465769226,0.0524971529590221,0.998562894971431,0.1299663533732784,0.000840779142992,0.888698528424315,0.0002029185103068,0.0655687867978563,0.744738069547906,0.2297179975755858,0.3226759588743298,0.4795390312788146,0.3869585260674902,0.7122999315086683,0.3384193364242871,0.4399805827743853,0.572357103159748,0.5142012940582728,0.5506605763784594,0.1221470276265178,0.1282715225541673,0.1479051156907494,0.4534504804121283,0.4591042182441102,0.4313774227459992,0.75,42133
0,0,0.4866326999293595,-0.2896312917778125,0.0510803894426436,-0.8516609922317622,0.132484428370131,0.5715371617460968,0.0541864731373086,-0.1417806950288363,-0.4864685772839422,0.1846846336412927,-0.0009688720422725,0.4060468917952878,0.2341922650046989,0.5549974019961417,0.0140576463190273,0.3547591622186937,-0.4289470243255512,0.1273973104704045,0.0152293951960787,-0.4844704194330868,0.0027958011959606,0.1321402465769226,0.0524971529590221,0.998562894971431,0.1299663533732784,0.000840779142992,0.888698528424315,0.0002029185103068,0.0655687867978563,0.744738069547906,0.2297179975755858,0.3226759588743298,0.4795390312788146,0.3869585260674902,0.7122999315086683,0.3384193364242871,0.4399805827743853,0.572357103159748,0.5142012940582728,0.5506605763784594,0.1221470276265178,0.1282715225541673,0.1479051156907494,0.4534504804121283,0.4591042182441102,0.4313774227459992,0.75,42143
0,0,0.4866326999293595,-0.2896312917778125,0.0510803894426436,-0.8516609922317622,0.132484428370131,0.5715371617460968,0.0541864731373086,-0.1417806950288363,-0.4864685772839422,0.1846846336412927,-0.0009688720422725,0.4060468917952878,0.2341922650046989,0.5549974019961417,0.0140576463190273,0.3547591622186937,-0.4289470243255512,0.1273973104704045,0.0152293951960787,-0.4844704194330868,0.0027958011959606,0.1321402465769226,0.0524971529590221,0.998562894971431,0.1299663533732784,0.000840779142992,0.888698528424315,0.0002029185103068,0.0655687867978563,0.744738069547906,0.2297179975755858,0.3226759588743298,0.4795390312788146,0.3869585260674902,0.7122999315086683,0.3384193364242871,0.4399805827743853,0.572357103159748,0.5142012940582728,0.5506605763784594,0.1221470276265178,0.1282715225541673,0.1479051156907494,0.4534504804121283,0.4591042182441102,0.4313774227459992,0.75,42153
0,0,0.4866326999293595,-0.2896312917778125,0.0510803894426436,-0.8516609922317622,0.132484428370131,0.5715371617460968,0.0541864731373086,-0.1417806950288363,-0.4864685772839422,0.1846846336412927,-0.0009688720422725,0.4060468917952878,0.2341922650046989,0.5549974019961417,0.0140576463190273,0.3547591622186937,-0.4289470243255512,0.1273973104704045,0.0152293951960787,-0.4844704194330868,0.0027958011959606,0.1321402465769226,0.0524971529590221,0.998562894971431,0.1299663533732784,0.000840779142992,0.888698528424315,0.0002029185103068,0.0655687867978563,0.744738069547906,0.2297179975755858,0.3226759588743298,0.4795390312788146,0.3869585260674902,0.7122999315086683,0.3384193364242871,0.4399805827743853,0.572357103159748,0.5142012940582728,0.5506605763784594,0.1221470276265178,0.1282715225541673,0.1479051156907494,0.4534504804121283,0.4591042182441102,0.4313774227459992,0.75,42173
0,0,0.4866326999293595,-0.2896312917778125,0.0510803894426436,-0.8516609922317622,0.132484428370131,0.5715371617460968,0.0541864731373086,-0.1417806950288363,-0.4864685772839422,0.1846846336412927,-0.0009688720422725,0.4060468917952878,0.2341922650046989,0.5549974019961417,0.0140576463190273,0.3547591622186937,-0.4289470243255512,0.1273973104704045,0.0152293951960787,-0.4844704194330868,0.0027958011959606,0.1321402465769226,0.0524971529590221,0.998562894971431,0.1299663533732784,0.000840779142992,0.888698528424315,0.0002029185103068,0.0655687867978563,0.744738069547906,0.2297179975755858,0.3226759588743298,0.4795390312788146,0.3869585260674902,0.7122999315086683,0.3384193364242871,0.4399805827743853,0.572357103159748,0.5142012940582728,0.5506605763784594,0.1221470276265178,0.1282715225541673,0.1479051156907494,0.4534504804121283,0.4591042182441102,0.4313774227459992,0.75,42183
0,0,0.4866326999293595,-0.2896312917778125,0.0510803894426436,-0.8516609922317622,0.132484428370131,0.5715371617460968,0.0541864731373086,-0.1417806950288363,-0.4864685772839422,0.1846846336412927,-0.0009688720422725,0.4060468917952878,0.2341922650046989,0.5549974019961417,0.0140576463190273,0.3547591622186937,-0.4289470243255512,0.1273973104704045,0.0152293951960787,-0.4844704194330868,0.0027958011959606,0.1321402465769226,0.0524971529590221,0.998562894971431,0.1299663533732784,0.000840779142992,0.888698528424315,0.0002029185103068,0.0655687867978563,0.744738069547906,0.2297179975755858,0.3226759588743298,0.4795390312788146,0.3869585260674902,0.7122999315086683,0.3384193364242871,0.4399805827743853,0.572357103159748,0.5142012940582728,0.5506605763784594,0.1221470276265178,0.1282715225541673,0.1479051156907494,0.4534504804121283,0.4591042182441102,0.4313774227459992,0.75,42201
0,0,0.4866326999293595,-0.2896312917778125,0.0510803894426436,-0.8516609922317622,0.132484428370131,0.5715371617460968,0.0541864731373086,-0.1417806950288363,-0.4864685772839422,0.1846846336412927,-0.0009688720422725,0.4060468917952878,0.2341922650046989,0.5549974019961417,0.0140576463190273,0.3547591622186937,-0.4289470243255512,0.1273973104704045,0.0152293951960787,-0.4844704194330868,0.0027958011959606,0.1321402465769226,0.0524971529590221,0.998562894971431,0.1299663533732784,0.000840779142992,0.888698528424315,0.0002029185103068,0.0655687867978563,0.744738069547906,0.2297179975755858,0.3226759588743298,0.4795390312788146,0.3869585260674902,0.7122999315086683,0.3384193364242871,0.4399805827743853,0.572357103159748,0.5142012940582728,0.5506605763784594,0.1221470276265178,0.1282715225541673,0.1479051156907494,0.4534504804121283,0.4591042182441102,0.4313774227459992,0.75,42212
0,0,0.4866326999293595,-0.2896312917778125,0.0510803894426436,-0.8516609922317622,0.132484428370131,0.5715371617460968,0.0541864731373086,-0.1417806950288363,-0.4864685772839422,0.1846846336412927,-0.0009688720422725,0.4060468917952878,0.2341922650046989,0.5549974019961417,0.0140576463190273,0.3547591622186937,-0.4289470243255512,0.1273973104704045,0.0152293951960787,-0.4844704194330868,0.0027958011959606,0.1321402465769226,0.0524971529590221,0.998562894971431,0.1299663533732784,0.000840779142992,0.888698528424315,0.0002029185103068,0.0655687867978563,0.744738069547906,0.2297179975755858,0.3226759588743298,0.4795390312788146,0.3869585260674902,0.7122999315086683,0.3384193364242871,0.4399805827743853,0.572357103159748,0.5142012940582728,0.5506605763784594,0.1221470276265178,0.1282715225541673,0.1479051156907494,0.4534504804121283,0.4591042182441102,0.4313774227459992,0.75,42222
0,0,0.4866326999293595,-0.2896312917778125,0.0510803894426436,-0.8516609922317622,0.132484428370131,0.5715371617460968,0.0541864731373086,-0.1417806950288363,-0.4864685772839422,0.1846846336412927,-0.0009688720422725,0.4060468917952878,0.2341922650046989,0.5549974019961417,0.0140576463190273,0.3547591622186937,-0.4289470243255512,0.1273973104704045,0.0152293951960787,-0.4844704194330868,0.0027958011959606,0.1321402465769226,0.0524971529590221,0.998562894971431,0.1299663533732784,0.000840779142992,0.888698528424315,0.0002029185103068,0.0655687867978563,0.744738069547906,0.2297179975755858,0.3226759588743298,0.4795390312788146,0.3869585260674902,0.7122999315086683,0.3384193364242871,0.4399805827743853,0.572357103159748,0.5142012940582728,0.5506605763784594,0.1221470276265178,0.1282715225541673,0.1479051156907494,0.4534504804121283,0.4591042182441102,0.4313774227459992,0.75,42233
0,0,0.4866326999293595,-0.2896312917778125,0.0510803894426436,-0.8516609922317622,0.132484428370131,0.5715371617460968,0.0541864731373086,-0.1417806950288363,-0.4864685772839422,0.1846846336412927,-0.0009688720422725,0.4060468917952878,0.2341922650046989,0.5549974019961417,0.0140576463190273,0.3547591622186937,-0.4289470243255512,0.1273973104704045,0.0152293951960787,-0.4844704194330868,0.0027958011959606,0.1321402465769226,0.0524971529590221,0.998562894971431,0.1299663533732784,0.000840779142992,0.888698528424315,0.0002029185103068,0.0655687867978563,0.744738069547906,0.2297179975755858,0.3226759588743298,0.4795390312788146,0.3869585260674902,0.7122999315086683,0.3384193364242871,0.4399805827743853,0.572357103159748,0.5142012940582728,0.5506605763784594,0.1221470276265178,0.1282715225541673,0.1479051156907494,0.4534504804121283,0.4591042182441102,0.4313774227459992,0.75,42243
0,0,0.4866326999293595,-0.2896312917778125,0.0510803894426436,-0.8516609922317622,0.132484428370131,0.5715371617460968,0.0541864731373086,-0.1417806950288363,-0.4864685772839422,0.1846846336412927,-0.0009688720422725,0.4060468917952878,0.2341922650046989,0.5549974019961417,0.0140576463190273,0.3547591622186937,-0.4289470243255512,0.1273973104704045,0.0152293951960787,-0.4844704194330868,0.0027958011959606,0.1321402465769226,0.0524971529590221,0.998562894971431,0.1299663533732784,0.000840779142992,0.888698528424315,0.0002029185103068,0.0655687867978563,0.744738069547906,0.2297179975755858,0.3226759588743298,0.4795390312788146,0.3869585260674902,0.7122999315086683,0.3384193364242871,0.4399805827743853,0.572357103159748,0.5142012940582728,0.5506605763784594,0.1221470276265178,0.1282715225541673,0.1479051156907494,0.4534504804121283,0.4591042182441102,0.4313774227459992,0.75,42253
0,0,0.4866326999293595,-0.2896312917778125,0.0510803894426436,-0.8516609922317622,0.132484428370131,0.5715371617460968,0.0541864731373086,-0.1417806950288363,-0.4864685772839422,0.1846846336412927,-0.0009688720422725,0.4060468917952878,0.2341922650046989,0.5549974019961417,0.0140576463190273,0.3547591622186937,-0.4289470243255512,0.1273973104704045,0.0152293951960787,-0.4844704194330868,0.0027958011959606,0.1321402465769226,0.0524971529590221,0.998562894971431,0.1299663533732784,0.000840779142992,0.888698528424315,0.0002029185103068,0.0655687867978563,0.744738069547906,0.2297179975755858,0.3226759588743298,0.4795390312788146,0.3869585260674902,0.7122999315086683,0.3384193364242871,0.4399805827743853,0.572357103159748,0.5142012940582728,0.5506605763784594,0.1221470276265178,0.1282715225541673,0.1479051156907494,0.4534504804121283,0.4591042182441102,0.4313774227459992,0.75,42263
0,0,0.4866326999293595,-0.2896312917778125,0.0510803894426436,-0.8516609922317622,0.132484428370131,0.5715371617460968,0.0541864731373086,-0.1417806950288363,-0.4864685772839422,0.1846846336412927,-0.0009688720422725,0.4060468917952878,0.2341922650046989,0.5549974019961417,0.0140576463190273,0.3547591622186937,-0.4289470243255512,0.1273973104704045,0.0152293951960787,-0.4844704194330868,0.0027958011959606,0.1321402465769226,0.0524971529590221,0.998562894971431,0.1299663533732784,0.000840779142992,0.888698528424315,0.0002029185103068,0.0655687867978563,0.744738069547906,0.2297179975755858,0.3226759588743298,0.4795390312788146,0.3869585260674902,0.7122999315086683,0.3384193364242871,0.4399805827743853,0.572357103159748,0.5142012940582728,0.5506605763784594,0.1221470276265178,0.1282715225541673,0.1479051156907494,0.4534504804121283,0.4591042182441102,0.4313774227459992,0.75,42273
0,0,0.4866326999293595,-0.2896312917778125,0.0510803894426436,-0.8516609922317622,0.132484428370131,0.5715371617460968,0.0541864731373086,-0.1417806950288363,-0.4864685772839422,0.1846846336412927,-0.0009688720422725,0.4060468917952878,0.2341922650046989,0.5549974019961417,0.0140576463190273,0.3547591622186937,-0.4289470243255512,0.1273973104704045,0.0152293951960787,-0.4844704194330868,0.0027958011959606,0.1321402465769226,0.0524971529590221,0.998562894971431,0.1299663533732784,0.000840779142992,0.888698528424315,0.0002029185103068,0.0655687867978563,0.744738069547906,0.2297179975755858,0.3226759588743298,0.4795390312788146,0.3869585260674902,0.7122999315086683,0.3384193364242871,0.4399805827743853,0.572357103159748,0.5142012940582728,0.5506605763784594,0.1221470276265178,0.1282715225541673,0.1479051156907494,0.4534504804121283,0.4591042182441102,0.4313774227459992,0.75,42283
0,0,0.4866326999293595,-0.2896312917778125,0.0510803894426436,-0.8516609922317622,0.132484428370131,0.5715371617460968,0.0541864731373086,-0.1417806950288363,-0.4864685772839422,0.1846846336412927,-0.0009688720422725,0.4060468917952878,0.2341922650046989,0.5549974019961417,0.0140576463190273,0.3547591622186937,-0.4289470243255512,0.1273973104704045,0.0152293951960787,-0.4844704194330868,0.0027958011959606,0.1321402465769226,0.0524971529590221,0.998562894971431,0.1299663533732784,0.000840779142992,0.888698528424315,0.0002029185103068,0.0655687867978563,0.744738069547906,0.2297179975755858,0.3226759588743298,0.4795390312788146,0.3869585260674902,0.7122999315086683,0.3384193364242871,0.4399805827743853,0.572357103159748,0.5142012940582728,0.5506605763784594,0.1221470276265178,0.1282715225541673,0.1479051156907494,0.4534504804121283,0.4591042182441102,0.4313774227459992,0.75,42293
0,0,0.4866326999293595,-0.2896312917778125,0.0510803894426436,-0.8516609922317622,0.132484428370131,0.5715371617460968,0.0541864731373086,-0.1417806950288363,-0.4864685772839422,0.1846846336412927,-0.0009688720422725,0.4060468917952878,0.2341922650046989,0.5549974019961417,0.0140576463190273,0.3547591622186937,-0.4289470243255512,0.1273973104704045,0.0152293951960787,-0.4844704194330868,0.0027958011959606,0.1321402465769226,0.0524971529590221,0.998562894971431,0.1299663533732784,0.000840779142992,0.888698528424315,0.0002029185103068,0.0655687867978563,0.744738069547906,0.2297179975755858,0.3226759588743298,0.4795390312788146,0.3869585260674902,0.7122999315086683,0.3384193364242871,0.4399805827743853,0.572357103159748,0.5142012940582728,0.5506605763784594,0.1221470276265178,0.1282715225541673,0.1479051156907494,0.4534504804121283,0.4591042182441102,0.4313774227459992,0.75,42304
0,0,0.4866326999293595,-0.2896312917778125,0.0510803894426436,-0.8516609922317622,0.132484428370131,0.5715371617460968,0.0541864731373086,-0.1417806950288363,-0.4864685772839422,0.1846846336412927,-0.0009688720422725,0.4060468917952878,0.2341922650046989,0.5549974019961417,0.0140576463190273,0.3547591622186937,-0.4289470243255512,0.1273973104704045,0.0152293951960787,-0.4844704194330868,0.0027958011959606,0.1321402465769226,0.0524971529590221,0.998562894971431,0.1299663533732784,0.000840779142992,0.888698528424315,0.0002029185103068,0.0655687867978563,0.744738069547906,0.2297179975755858,0.3226759588743298,0.4795390312788146,0.3869585260674902,0.7122999315086683,0.3384193364242871,0.4399805827743853,0.572357103159748,0.5142012940582728,0.5506605763784594,0.1221470276265178,0.1282715225541673,0.1479051156907494,0.4534504804121283,0.4591042182441102,0.4313774227459992,0.75,42314
0,0,0.4866326999293595,-0.2896312917778125,0.0510803894426436,-0.8516609922317622,0.132484428370131,0.5715371617460968,0.0541864731373086,-0.1417806950288363,-0.4864685772839422,0.1846846336412927,-0.0009688720422725,0.4060468917952878,0.2341922650046989,0.5549974019961417,0.0140576463190273,0.3547591622186937,-0.4289470243255512,0.1273973104704045,0.0152293951960787,-0.4844704194330868,0.0027958011959606,0.1321402465769226,0.0524971529590221,0.998562894971431,0.1299663533732784,0.000840779142992,0.888698528424315,0.0002029185103068,0.0655687867978563,0.744738069547906,0.2297179975755858,0.3226759588743298,0.4795390312788146,0.3869585260674902,0.7122999315086683,0.3384193364242871,0.4399805827743853,0.572357103159748,0.5142012940582728,0.5506605763784594,0.1221470276265178,0.1282715225541673,0.1479051156907494,0.4534504804121283,0.4591042182441102,0.4313774227459992,0.75,42333
0,0,0.4866326999293595,-0.2896312917778125,0.0510803894426436,-0.8516609922317622,0.132484428370131,0.5715371617460968,0.0541864731373086,-0.1417806950288363,-0.4864685772839422,0.1846846336412927,-0.0009688720422725,0.4060468917952878,0.2341922650046989,0.5549974019961417,0.0140576463190273,0.3547591622186937,-0.4289470243255512,0.1273973104704045,0.0152293951960787,-0.4844704194330868,0.0027958011959606,0.1321402465769226,0.0524971529590221,0.998562894971431,0.1299663533732784,0.000840779142992,0.888698528424315,0.0002029185103068,0.0655687867978563,0.744738069547906,0.2297179975755858,0.3226759588743298,0.4795390312788146,0.3869585260674902,0.7122999315086683,0.3384193364242871,0.4399805827743853,0.572357103159748,0.5142012940582728,0.5506605763784594,0.1221470276265178,0.1282715225541673,0.1479051156907494,0.4534504804121283,0.4591042182441102,0.4313774227459992,0.75,42343
0,0,0.4866326999293595,-0.2896312917778125,0.0510803894426436,-0.8516609922317622,0.132484428370131,0.5715371617460968,0.0541864731373086,-0.1417806950288363,-0.4864685772839422,0.1846846336412927,-0.0009688720422725,0.4060468917952878,0.2341922650046989,0.5549974019961417,0.0140576463190273,0.3547591622186937,-0.4289470243255512,0.1273973104704045,0.0152293951960787,-0.4844704194330868,0.0027958011959606,0.1321402465769226,0.0524971529590221,0.998562894971431,0.1299663533732784,0.000840779142992,0.888698528424315,0.0002029185103068,0.0655687867978563,0.744738069547906,0.2297179975755858,0.3226759588743298,0.4795390312788146,0.3869585260674902,0.7122999315086683,0.3384193364242871,0.4399805827743853,0.572357103159748,0.5142012940582728,0.5506605763784594,0.1221470276265178,0.1282715225541673,0.1479051156907494,0.4534504804121283,0.4591042182441102,0.4313774227459992,0.75,42353
0,0,0.4866326999293595,-0.2896312917778125,0.0510803894426436,-0.8516609922317622,0.132484428370131,0.5715371617460968,0.0541864731373086,-0.1417806950288363,-0.4864685772839422,0.1846846336412927,-0.0009688720422725,0.4060468917952878,0.2341922650046989,0.5549974019961417,0.0140576463190273,0.3547591622186937,-0.4289470243255512,0.1273973104704045,0.0152293951960787,-0.4844704194330868,0.0027958011959606,0.1321402465769226,0.0524971529590221,0.998562894971431,0.1299663533732784,0.000840779142992,0.888698528424315,0.0002029185103068,0.0655687867978563,0.744738069547906,0.2297179975755858,0.3226759588743298,0.4795390312788146,0.3869585260674902,0.7122999315086683,0.3384193364242871,0.4399805827743853,0.572357103159748,0.5142012940582728,0.5506605763784594,0.1221470276265178,0.1282715225541673,0.1479051156907494,0.4534504804121283,0.4591042182441102,0.4313774227459992,0.75,42363
0,0,0.4866326999293595,-0.2896312917778125,0.0510803894426436,-0.8516609922317622,0.132484428370131,0.5715371617460968,0.0541864731373086,-0.1417806950288363,-0.4864685772839422,0.1846846336412927,-0.0009688720422725,0.4060468917952878,0.2341922650046989,0.5549974019961417,0.0140576463190273,0.3547591622186937,-0.4289470243255512,0.1273973104704045,0.0152293951960787,-0.4844704194330868,0.0027958011959606,0.1321402465769226,0.0524971529590221,0.998562894971431,0.1299663533732784,0.000840779142992,0.888698528424315,0.0002029185103068,0.0655687867978563,0.744738069547906,0.2297179975755858,0.3226759588743298,0.4795390312788146,0.3869585260674902,0.7122999315086683,0.3384193364242871,0.4399805827743853,0.572357103159748,0.5142012940582728,0.5506605763784594,0.1221470276265178,0.1282715225541673,0.1479051156907494,0.4534504804121283,0.4591042182441102,0.4313774227459992,0.75,42374
0,0,0.4866326999293595,-0.2896312917778125,0.0510803894426436,-0.8516609922317622,0.132484428370131,0.5715371617460968,0.0541864731373086,-0.1417806950288363,-0.4864685772839422,0.1846846336412927,-0.0009688720422725,0.4060468917952878,0.2341922650046989,0.5549974019961417,0.0140576463190273,0.3547591622186937,-0.4289470243255512,0.1273973104704045,0.0152293951960787,-0.4844704194330868,0.0027958011959606,0.1321402465769226,0.0524971529590221,0.998562894971431,0.1299663533732784,0.000840779142992,0.888698528424315,0.0002029185103068,0.0655687867978563,0.744738069547906,0.2297179975755858,0.3226759588743298,0.4795390312788146,0.3869585260674902,0.7122999315086683,0.3384193364242871,0.4399805827743853,0.572357103159748,0.5142012940582728,0.5506605763784594,0.1221470276265178,0.1282715225541673,0.1479051156907494,0.4534504804121283,0.4591042182441102,0.4313774227459992,0.75,42384
0,0,0.4866326999293595,-0.2896312917778125,0.0510803894426436,-0.8516609922317622,0.132484428370131,0.5715371617460968,0.0541864731373086,-0.1417806950288363,-0.4864685772839422,0.1846846336412927,-0.0009688720422725,0.4060468917952878,0.2341922650046989,0.5549974019961417,0.0140576463190273,0.3547591622186937,-0.4289470243255512,0.1273973104704045,0.0152293951960787,-0.4844704194330868,0.0027958011959606,0.1321402465769226,0.0524971529590221,0.998562894971431,0.1299663533732784,0.000840779142992,0.888698528424315,0.0002029185103068,0.0655687867978563,0.744738069547906,0.2297179975755858,0.3226759588743298,0.4795390312788146,0.3869585260674902,0.7122999315086683,0.3384193364242871,0.4399805827743853,0.572357103159748,0.5142012940582728,0.5506605763784594,0.1221470276265178,0.1282715225541673,0.1479051156907494,0.4534504804121283,0.4591042182441102,0.4313774227459992,0.75,42395
0,0,0.4866326999293595,-0.2896312917778125,0.0510803894426436,-0.8516609922317622,0.132484428370131,0.5715371617460968,0.0541864731373086,-0.1417806950288363,-0.4864685772839422,0.1846846336412927,-0.0009688720422725,0.4060468917952878,0.2341922650046989,0.5549974019961417,0.0140576463190273,0.3547591622186937,-0.4289470243255512,0.1273973104704045,0.0152293951960787,-0.4844704194330868,0.0027958011959606,0.1321402465769226,0.0524971529590221,0.998562894971431,0.1299663533732784,0.000840779142992,0.888698528424315,0.0002029185103068,0.0655687867978563,0.744738069547906,0.2297179975755858,0.3226759588743298,0.4795390312788146,0.3869585260674902,0.7122999315086683,0.3384193364242871,0.4399805827743853,0.572357103159748,0.5142012940582728,0.5506605763784594,0.1221470276265178,0.1282715225541673,0.1479051156907494,0.4534504804121283,0.4591042182441102,0.4313774227459992,0.75,42406
0,0,0.4866326999293595,-0.2896312917778125,0.0510803894426436,-0.8516609922317622,0.132484428370131,0.5715371617460968,0.0541864731373086,-0.1417806950288363,-0.4864685772839422,0.1846846336412927,-0.0009688720422725,0.4060468917952878,0.2341922650046989,0.5549974019961417,0.0140576463190273,0.3547591622186937,-0.4289470243255512,0.1273973104704045,0.0152293951960787,-0.4844704194330868,0.0027958011959606,0.1321402465769226,0.0524971529590221,0.998562894971431,0.1299663533732784,0.000840779142992,0.888698528424315,0.0002029185103068,0.0655687867978563,0.744738069547906,0.2297179975755858,0.3226759588743298,0.4795390312788146,0.3869585260674902,0.7122999315086683,0.3384193364242871,0.4399805827743853,0.572357103159748,0.5142012940582728,0.5506605763784594,0.1221470276265178,0.1282715225541673,0.1479051156907494,0.4534504804121283,0.4591042182441102,0.4313774227459992,0.75,42417
0,0,0.4866326999293595,-0.2896312917778125,0.0510803894426436,-0.8516609922317622,0.132484428370131,0.5715371617460968,0.0541864731373086,-0.1417806950288363,-0.4864685772839422,0.1846846336412927,-0.0009688720422725,0.4060468917952878,0.2341922650046989,0.5549974019961417,0.0140576463190273,0.3547591622186937,-0.4289470243255512,0.1273973104704045,0.0152293951960787,-0.4844704194330868,0.0027958011959606,0.1321402465769226,0.0524971529590221,0.998562894971431,0.1299663533732784,0.000840779142992,0.888698528424315,0.0002029185103068,0.0655687867978563,0.744738069547906,0.2297179975755858,0.3226759588743298,0.4795390312788146,0.3869585260674902,0.7122999315086683,0.3384193364242871,0.4399805827743853,0.572357103159748,0.5142012940582728,0.5506605763784594,0.1221470276265178,0.1282715225541673,0.1479051156907494,0.4534504804121283,0.4591042182441102,0.4313774227459992,0.75,42427
0,0,0.4866326999293595,-0.2896312917778125,0.0510803894426436,-0.8516609922317622,0.132484428370131,0.5715371617460968,0.0541864731373086,-0.1417806950288363,-0.4864685772839422,0.1846846336412927,-0.0009688720422725,0.4060468917952878,0.2341922650046989,0.5549974019961417,0.0140576463190273,0.3547591622186937,-0.4289470243255512,0.1273973104704045,0.0152293951960787,-0.4844704194330868,0.0027958011959606,0.1321402465769226,0.0524971529590221,0.998562894971431,0.1299663533732784,0.000840779142992,0.888698528424315,0.0002029185103068,0.0655687867978563,0.744738069547906,0.2297179975755858,0.3226759588743298,0.4795390312788146,0.3869585260674902,0.7122999315086683,0.3384193364242871,0.4399805827743853,0.572357103159748,0.5142012940582728,0.5506605763784594,0.1221470276265178,0.1282715225541673,0.1479051156907494,0.4534504804121283,0.4591042182441102,0.4313774227459992,0.75,42438
0,0,0.4866326999293595,-0.2896312917778125,0.0510803894426436,-0.8516609922317622,0.132484428370131,0.5715371617460968,0.0541864731373086,-0.1417806950288363,-0.4864685772839422,0.1846846336412927,-0.0009688720422725,0.4060468917952878,0.2341922650046989,0.5549974019961417,0.0140576463190273,0.3547591622186937,-0.4289470243255512,0.1273973104704045,0.0152293951960787,-0.4844704194330868,0.0027958011959606,0.1321402465769226,0.0524971529590221,0.998562894971431,0.1299663533732784,0.000840779142992,0.888698528424315,0.0002029185103068,0.0655687867978563,0.744738069547906,0.2297179975755858,0.3226759588743298,0.4795390312788146,0.3869585260674902,0.7122999315086683,0.3384193364242871,0.4399805827743853,0.572357103159748,0.5142012940582728,0.5506605763784594,0.1221470276265178,0.1282715225541673,0.1479051156907494,0.4534504804121283,0.4591042182441102,0.4313774227459992,0.75,42448
0,0,0.4866326999293595,-0.2896312917778125,0.0510803894426436,-0.8516609922317622,0.132484428370131,0.5715371617460968,0.0541864731373086,-0.1417806950288363,-0.4864685772839422,0.1846846336412927,-0.0009688720422725,0.4060468917952878,0.2341922650046989,0.5549974019961417,0.0140576463190273,0.3547591622186937,-0.4289470243255512,0.1273973104704045,0.0152293951960787,-0.4844704194330868,0.0027958011959606,0.1321402465769226,0.0524971529590221,0.998562894971431,0.1299663533732784,0.000840779142992,0.888698528424315,0.0002029185103068,0.0655687867978563,0.744738069547906,0.2297179975755858,0.3226759588743298,0.4795390312788146,0.3869585260674902,0.7122999315086683,0.3384193364242871,0.4399805827743853,0.572357103159748,0.5142012940582728,0.5506605763784594,0.1221470276265178,0.1282715225541673,0.1479051156907494,0.4534504804121283,0.4591042182441102,0.4313774227459992,0.75,42459
0,0,0.4866326999293595,-0.2896312917778125,0.0510803894426436,-0.8516609922317622,0.132484428370131,0.5715371617460968,0.0541864731373086,-0.1417806950288363,-0.4864685772839422,0.1846846336412927,-0.0009688720422725,0.4060468917952878,0.2341922650046989,0.5549974019961417,0.0140576463190273,0.3547591622186937,-0.4289470243255512,0.1273973104704045,0.0152293951960787,-0.4844704194330868,0.0027958011959606,0.1321402465769226,0.0524971529590221,0.998562894971431,0.1299663533732784,0.000840779142992,0.888698528424315,0.0002029185103068,0.0655687867978563,0.744738069547906,0.2297179975755858,0.3226759588743298,0.4795390312788146,0.3869585260674902,0.7122999315086683,0.3384193364242871,0.4399805827743853,0.572357103159748,0.5142012940582728,0.5506605763784594,0.1221470276265178,0.1282715225541673,0.1479051156907494,0.4534504804121283,0.4591042182441102,0.4313774227459992,0.75,42470
0,0,0.4866326999293595,-0.2896312917778125,0.0510803894426436,-0.8516609922317622,0.132484428370131,0.5715371617460968,0.0541864731373086,-0.1417806950288363,-0.4864685772839422,0.1846846336412927,-0.0009688720422725,0.4060468917952878,0.2341922650046989,0.5549974019961417,0.0140576463190273,0.3547591622186937,-0.4289470243255512,0.1273973104704045,0.0152293951960787,-0.4844704194330868,0.0027958011959606,0.1321402465769226,0.0524971529590221,0.998562894971431,0.1299663533732784,0.000840779142992,0.888698528424315,0.0002029185103068,0.0655687867978563,0.744738069547906,0.2297179975755858,0.3226759588743298,0.4795390312788146,0.3869585260674902,0.7122999315086683,0.3384193364242871,0.4399805827743853,0.572357103159748,0.5142012940582728,0.5506605763784594,0.1221470276265178,0.1282715225541673,0.1479051156907494,0.4534504804121283,0.4591042182441102,0.4313774227459992,0.75,42488
0,0,0.4866326999293595,-0.2896312917778125,0.0510803894426436,-0.8516609922317622,0.132484428370131,0.5715371617460968,0.0541864731373086,-0.1417806950288363,-0.4864685772839422,0.1846846336412927,-0.0009688720422725,0.4060468917952878,0.2341922650046989,0.5549974019961417,0.0140576463190273,0.3547591622186937,-0.4289470243255512,0.1273973104704045,0.0152293951960787,-0.4844704194330868,0.0027958011959606,0.1321402465769226,0.0524971529590221,0.998562894971431,0.1299663533732784,0.000840779142992,0.888698528424315,0.0002029185103068,0.0655687867978563,0.744738069547906,0.2297179975755858,0.3226759588743298,0.4795390312788146,0.3869585260674902,0.7122999315086683,0.3384193364242871,0.4399805827743853,0.572357103159748,0.5142012940582728,0.5506605763784594,0.1221470276265178,0.1282715225541673,0.1479051156907494,0.4534504804121283,0.4591042182441102,0.4313774227459992,0.75,42498
0,0,0.4866326999293595,-0.2896312917778125,0.0510803894426436,-0.8516609922317622,0.132484428370131,0.5715371617460968,0.0541864731373086,-0.1417806950288363,-0.4864685772839422,0.1846846336412927,-0.0009688720422725,0.4060468917952878,0.2341922650046989,0.5549974019961417,0.0140576463190273,0.3547591622186937,-0.4289470243255512,0.1273973104704045,0.0152293951960787,-0.4844704194330868,0.0027958011959606,0.1321402465769226,0.0524971529590221,0.998562894971431,0.1299663533732784,0.000840779142992,0.888698528424315,0.0002029185103068,0.0655687867978563,0.744738069547906,0.2297179975755858,0.3226759588743298,0.4795390312788146,0.3869585260674902,0.7122999315086683,0.3384193364242871,0.4399805827743853,0.572357103159748,0.5142012940582728,0.5506605763784594,0.1221470276265178,0.1282715225541673,0.1479051156907494,0.4534504804121283,0.4591042182441102,0.4313774227459992,0.75,42508
0,0,0.4866326999293595,-0.2896312917778125,0.0510803894426436,-0.8516609922317622,0.132484428370131,0.5715371617460968,0.0541864731373086,-0.1417806950288363,-0.4864685772839422,0.1846846336412927,-0.0009688720422725,0.4060468917952878,0.2341922650046989,0.5549974019961417,0.0140576463190273,0.3547591622186937,-0.4289470243255512,0.1273973104704045,0.0152293951960787,-0.4844704194330868,0.0027958011959606,0.1321402465769226,0.0524971529590221,0.998562894971431,0.1299663533732784,0.000840779142992,0.888698528424315,0.0002029185103068,0.0655687867978563,0.744738069547906,0.2297179975755858,0.3226759588743298,0.4795390312788146,0.3869585260674902,0.7122999315086683,0.3384193364242871,0.4399805827743853,0.572357103159748,0.5142012940582728,0.5506605763784594,0.1221470276265178,0.1282715225541673,0.1479051156907494,0.4534504804121283,0.4591042182441102,0.4313774227459992,0.75,42526
0,0,0.4866326999293595,-0.2896312917778125,0.0510803894426436,-0.8516609922317622,0.132484428370131,0.5715371617460968,0.0541864731373086,-0.1417806950288363,-0.4864685772839422,0.1846846336412927,-0.0009688720422725,0.4060468917952878,0.2341922650046989,0.5549974019961417,0.0140576463190273,0.3547591622186937,-0.4289470243255512,0.1273973104704045,0.0152293951960787,-0.4844704194330868,0.0027958011959606,0.1321402465769226,0.0524971529590221,0.998562894971431,0.1299663533732784,0.000840779142992,0.888698528424315,0.0002029185103068,0.0655687867978563,0.744738069547906,0.2297179975755858,0.3226759588743298,0.4795390312788146,0.3869585260674902,0.7122999315086683,0.3384193364242871,0.4399805827743853,0.572357103159748,0.5142012940582728,0.5506605763784594,0.1221470276265178,0.1282715225541673,0.1479051156907494,0.4534504804121283,0.4591042182441102,0.4313774227459992,0.75,42537
0,0,0.4866326999293595,-0.2896312917778125,0.0510803894426436,-0.8516609922317622,0.132484428370131,0.5715371617460968,0.0541864731373086,-0.1417806950288363,-0.4864685772839422,0.1846846336412927,-0.0009688720422725,0.4060468917952878,0.2341922650046989,0.5549974019961417,0.0140576463190273,0.3547591622186937,-0.4289470243255512,0.1273973104704045,0.0152293951960787,-0.4844704194330868,0.0027958011959606,0.1321402465769226,0.0524971529590221,0.998562894971431,0.1299663533732784,0.000840779142992,0.888698528424315,0.0002029185103068,0.0655687867978563,0.744738069547906,0.2297179975755858,0.3226759588743298,0.4795390312788146,0.3869585260674902,0.7122999315086683,0.3384193364242871,0.4399805827743853,0.572357103159748,0.5142012940582728,0.5506605763784594,0.1221470276265178,0.1282715225541673,0.1479051156907494,0.4534504804121283,0.4591042182441102,0.4313774227459992,0.75,42547
0,0,0.8611321369107228,-0.301765313277839,0.2117473313125712,-0.8501418016187574,0.7521058732402998,-0.1027081832994895,0.8487314495374609,-0.1405773520987076,-0.7614531420813382,0.3195284792462471,-0.4683383622028966,0.7007812987625246,0.797205673564499,0.6042248467728369,-0.0305665614562554,0.556618708774979,-0.7266260174938248,0.1404300000262652,-0.0909964321464445,-0.6106011249948362,0.0038035145228964,0.1318999270720717,0.0524298117699747,1.0,0.129918148463398,0.000411747047461,0.8906495881839059,0.0001,0.0669233232898114,0.7433629270429749,0.1477362283863928,0.0849414935212601,0.5211950576860817,0.2559109522357338,0.7577863878113864,0.1940930126760431,0.7380636312993897,0.6153528442287197,0.6228163957100423,0.5861793873806771,0.147043064999287,0.1764306161875003,0.1477649907541243,0.4539742404026295,0.4604631810018615,0.137491966583931,0.78,4255
0,0,0.4866326999293595,-0.2896312917778125,0.0510803894426436,-0.8516609922317622,0.132484428370131,0.5715371617460968,0.0541864731373086,-0.1417806950288363,-0.4864685772839422,0.1846846336412927,-0.0009688720422725,0.4060468917952878,0.2341922650046989,0.5549974019961417,0.0140576463190273,0.3547591622186937,-0.4289470243255512,0.1273973104704045,0.0152293951960787,-0.4844704194330868,0.0027958011959606,0.1321402465769226,0.0524971529590221,0.998562894971431,0.1299663533732784,0.000840779142992,0.888698528424315,0.0002029185103068,0.0655687867978563,0.744738069547906,0.2297179975755858,0.3226759588743298,0.4795390312788146,0.3869585260674902,0.7122999315086683,0.3384193364242871,0.4399805827743853,0.572357103159748,0.5142012940582728,0.5506605763784594,0.1221470276265178,0.1282715225541673,0.1479051156907494,0.4534504804121283,0.4591042182441102,0.4313774227459992,0.75,42557
0,0,0.4866326999293595,-0.2896312917778125,0.0510803894426436,-0.8516609922317622,0.132484428370131,0.5715371617460968,0.0541864731373086,-0.1417806950288363,-0.4864685772839422,0.1846846336412927,-0.0009688720422725,0.4060468917952878,0.2341922650046989,0.5549974019961417,0.0140576463190273,0.3547591622186937,-0.4289470243255512,0.1273973104704045,0.0152293951960787,-0.4844704194330868,0.0027958011959606,0.1321402465769226,0.0524971529590221,0.998562894971431,0.1299663533732784,0.000840779142992,0.888698528424315,0.0002029185103068,0.0655687867978563,0.744738069547906,0.2297179975755858,0.3226759588743298,0.4795390312788146,0.3869585260674902,0.7122999315086683,0.3384193364242871,0.4399805827743853,0.572357103159748,0.5142012940582728,0.5506605763784594,0.1221470276265178,0.1282715225541673,0.1479051156907494,0.4534504804121283,0.4591042182441102,0.4313774227459992,0.75,42567
0,0,0.4866326999293595,-0.2896312917778125,0.0510803894426436,-0.8516609922317622,0.132484428370131,0.5715371617460968,0.0541864731373086,-0.1417806950288363,-0.4864685772839422,0.1846846336412927,-0.0009688720422725,0.4060468917952878,0.2341922650046989,0.5549974019961417,0.0140576463190273,0.3547591622186937,-0.4289470243255512,0.1273973104704045,0.0152293951960787,-0.4844704194330868,0.0027958011959606,0.1321402465769226,0.0524971529590221,0.998562894971431,0.1299663533732784,0.000840779142992,0.888698528424315,0.0002029185103068,0.0655687867978563,0.744738069547906,0.2297179975755858,0.3226759588743298,0.4795390312788146,0.3869585260674902,0.7122999315086683,0.3384193364242871,0.4399805827743853,0.572357103159748,0.5142012940582728,0.5506605763784594,0.1221470276265178,0.1282715225541673,0.1479051156907494,0.4534504804121283,0.4591042182441102,0.4313774227459992,0.75,42577
0,0,0.4866326999293595,-0.2896312917778125,0.0510803894426436,-0.8516609922317622,0.132484428370131,0.5715371617460968,0.0541864731373086,-0.1417806950288363,-0.4864685772839422,0.1846846336412927,-0.0009688720422725,0.4060468917952878,0.2341922650046989,0.5549974019961417,0.0140576463190273,0.3547591622186937,-0.4289470243255512,0.1273973104704045,0.0152293951960787,-0.4844704194330868,0.0027958011959606,0.1321402465769226,0.0524971529590221,0.998562894971431,0.1299663533732784,0.000840779142992,0.888698528424315,0.0002029185103068,0.0655687867978563,0.744738069547906,0.2297179975755858,0.3226759588743298,0.4795390312788146,0.3869585260674902,0.7122999315086683,0.3384193364242871,0.4399805827743853,0.572357103159748,0.5142012940582728,0.5506605763784594,0.1221470276265178,0.1282715225541673,0.1479051156907494,0.4534504804121283,0.4591042182441102,0.4313774227459992,0.75,42587
0,0,0.4866326999293595,-0.2896312917778125,0.0510803894426436,-0.8516609922317622,0.132484428370131,0.5715371617460968,0.0541864731373086,-0.1417806950288363,-0.4864685772839422,0.1846846336412927,-0.0009688720422725,0.4060468917952878,0.2341922650046989,0.5549974019961417,0.0140576463190273,0.3547591622186937,-0.4289470243255512,0.1273973104704045,0.0152293951960787,-0.4844704194330868,0.0027958011959606,0.1321402465769226,0.0524971529590221,0.998562894971431,0.1299663533732784,0.000840779142992,0.888698528424315,0.0002029185103068,0.0655687867978563,0.744738069547906,0.2297179975755858,0.3226759588743298,0.4795390312788146,0.3869585260674902,0.7122999315086683,0.3384193364242871,0.4399805827743853,0.572357103159748,0.5142012940582728,0.5506605763784594,0.1221470276265178,0.1282715225541673,0.1479051156907494,0.4534504804121283,0.4591042182441102,0.4313774227459992,0.75,42597
0,0,0.4866326999293595,-0.2896312917778125,0.0510803894426436,-0.8516609922317622,0.132484428370131,0.5715371617460968,0.0541864731373086,-0.1417806950288363,-0.4864685772839422,0.1846846336412927,-0.0009688720422725,0.4060468917952878,0.2341922650046989,0.5549974019961417,0.0140576463190273,0.3547591622186937,-0.4289470243255512,0.1273973104704045,0.0152293951960787,-0.4844704194330868,0.0027958011959606,0.1321402465769226,0.0524971529590221,0.998562894971431,0.1299663533732784,0.000840779142992,0.888698528424315,0.0002029185103068,0.0655687867978563,0.744738069547906,0.2297179975755858,0.3226759588743298,0.4795390312788146,0.3869585260674902,0.7122999315086683,0.3384193364242871,0.4399805827743853,0.572357103159748,0.5142012940582728,0.5506605763784594,0.1221470276265178,0.1282715225541673,0.1479051156907494,0.4534504804121283,0.4591042182441102,0.4313774227459992,0.75,42607
0,0,0.4866326999293595,-0.2896312917778125,0.0510803894426436,-0.8516609922317622,0.132484428370131,0.5715371617460968,0.0541864731373086,-0.1417806950288363,-0.4864685772839422,0.1846846336412927,-0.0009688720422725,0.4060468917952878,0.2341922650046989,0.5549974019961417,0.0140576463190273,0.3547591622186937,-0.4289470243255512,0.1273973104704045,0.0152293951960787,-0.4844704194330868,0.0027958011959606,0.1321402465769226,0.0524971529590221,0.998562894971431,0.1299663533732784,0.000840779142992,0.888698528424315,0.0002029185103068,0.0655687867978563,0.744738069547906,0.2297179975755858,0.3226759588743298,0.4795390312788146,0.3869585260674902,0.7122999315086683,0.3384193364242871,0.4399805827743853,0.572357103159748,0.5142012940582728,0.5506605763784594,0.1221470276265178,0.1282715225541673,0.1479051156907494,0.4534504804121283,0.4591042182441102,0.4313774227459992,0.75,42626
0,0,0.4866326999293595,-0.2896312917778125,0.0510803894426436,-0.8516609922317622,0.132484428370131,0.5715371617460968,0.0541864731373086,-0.1417806950288363,-0.4864685772839422,0.1846846336412927,-0.0009688720422725,0.4060468917952878,0.2341922650046989,0.5549974019961417,0.0140576463190273,0.3547591622186937,-0.4289470243255512,0.1273973104704045,0.0152293951960787,-0.4844704194330868,0.0027958011959606,0.1321402465769226,0.0524971529590221,0.998562894971431,0.1299663533732784,0.000840779142992,0.888698528424315,0.0002029185103068,0.0655687867978563,0.744738069547906,0.2297179975755858,0.3226759588743298,0.4795390312788146,0.3869585260674902,0.7122999315086683,0.3384193364242871,0.4399805827743853,0.572357103159748,0.5142012940582728,0.5506605763784594,0.1221470276265178,0.1282715225541673,0.1479051156907494,0.4534504804121283,0.4591042182441102,0.4313774227459992,0.75,42636
0,0,0.4866326999293595,-0.2896312917778125,0.0510803894426436,-0.8516609922317622,0.132484428370131,0.5715371617460968,0.0541864731373086,-0.1417806950288363,-0.4864685772839422,0.1846846336412927,-0.0009688720422725,0.4060468917952878,0.2341922650046989,0.5549974019961417,0.0140576463190273,0.3547591622186937,-0.4289470243255512,0.1273973104704045,0.0152293951960787,-0.4844704194330868,0.0027958011959606,0.1321402465769226,0.0524971529590221,0.998562894971431,0.1299663533732784,0.000840779142992,0.888698528424315,0.0002029185103068,0.0655687867978563,0.744738069547906,0.2297179975755858,0.3226759588743298,0.4795390312788146,0.3869585260674902,0.7122999315086683,0.3384193364242871,0.4399805827743853,0.572357103159748,0.5142012940582728,0.5506605763784594,0.1221470276265178,0.1282715225541673,0.1479051156907494,0.4534504804121283,0.4591042182441102,0.4313774227459992,0.75,42646
0,0,0.4866326999293595,-0.2896312917778125,0.0510803894426436,-0.8516609922317622,0.132484428370131,0.5715371617460968,0.0541864731373086,-0.1417806950288363,-0.4864685772839422,0.1846846336412927,-0.0009688720422725,0.4060468917952878,0.2341922650046989,0.5549974019961417,0.0140576463190273,0.3547591622186937,-0.4289470243255512,0.1273973104704045,0.0152293951960787,-0.4844704194330868,0.0027958011959606,0.1321402465769226,0.0524971529590221,0.998562894971431,0.1299663533732784,0.000840779142992,0.888698528424315,0.0002029185103068,0.0655687867978563,0.744738069547906,0.2297179975755858,0.3226759588743298,0.4795390312788146,0.3869585260674902,0.7122999315086683,0.3384193364242871,0.4399805827743853,0.572357103159748,0.5142012940582728,0.5506605763784594,0.1221470276265178,0.1282715225541673,0.1479051156907494,0.4534504804121283,0.4591042182441102,0.4313774227459992,0.75,42656
0,0,0.4866326999293595,-0.2896312917778125,0.0510803894426436,-0.8516609922317622,0.132484428370131,0.5715371617460968,0.0541864731373086,-0.1417806950288363,-0.4864685772839422,0.1846846336412927,-0.0009688720422725,0.4060468917952878,0.2341922650046989,0.5549974019961417,0.0140576463190273,0.3547591622186937,-0.4289470243255512,0.1273973104704045,0.0152293951960787,-0.4844704194330868,0.0027958011959606,0.1321402465769226,0.0524971529590221,0.998562894971431,0.1299663533732784,0.000840779142992,0.888698528424315,0.0002029185103068,0.0655687867978563,0.744738069547906,0.2297179975755858,0.3226759588743298,0.4795390312788146,0.3869585260674902,0.7122999315086683,0.3384193364242871,0.4399805827743853,0.572357103159748,0.5142012940582728,0.5506605763784594,0.1221470276265178,0.1282715225541673,0.1479051156907494,0.4534504804121283,0.4591042182441102,0.4313774227459992,0.75,42666
0,0,0.4866326999293595,-0.2896312917778125,0.0510803894426436,-0.8516609922317622,0.132484428370131,0.5715371617460968,0.0541864731373086,-0.1417806950288363,-0.4864685772839422,0.1846846336412927,-0.0009688720422725,0.4060468917952878,0.2341922650046989,0.5549974019961417,0.0140576463190273,0.3547591622186937,-0.4289470243255512,0.1273973104704045,0.0152293951960787,-0.4844704194330868,0.0027958011959606,0.1321402465769226,0.0524971529590221,0.998562894971431,0.1299663533732784,0.000840779142992,0.888698528424315,0.0002029185103068,0.0655687867978563,0.744738069547906,0.2297179975755858,0.3226759588743298,0.4795390312788146,0.3869585260674902,0.7122999315086683,0.3384193364242871,0.4399805827743853,0.572357103159748,0.5142012940582728,0.5506605763784594,0.1221470276265178,0.1282715225541673,0.1479051156907494,0.4534504804121283,0.4591042182441102,0.4313774227459992,0.75,42676
0,0,0.4866326999293595,-0.2896312917778125,0.0510803894426436,-0.8516609922317622,0.132484428370131,0.5715371617460968,0.0541864731373086,-0.1417806950288363,-0.4864685772839422,0.1846846336412927,-0.0009688720422725,0.4060468917952878,0.2341922650046989,0.5549974019961417,0.0140576463190273,0.3547591622186937,-0.4289470243255512,0.1273973104704045,0.0152293951960787,-0.4844704194330868,0.0027958011959606,0.1321402465769226,0.0524971529590221,0.998562894971431,0.1299663533732784,0.000840779142992,0.888698528424315,0.0002029185103068,0.0655687867978563,0.744738069547906,0.2297179975755858,0.3226759588743298,0.4795390312788146,0.3869585260674902,0.7122999315086683,0.3384193364242871,0.4399805827743853,0.572357103159748,0.5142012940582728,0.5506605763784594,0.1221470276265178,0.1282715225541673,0.1479051156907494,0.4534504804121283,0.4591042182441102,0.4313774227459992,0.75,42686
0,0,0.4866326999293595,-0.2896312917778125,0.0510803894426436,-0.8516609922317622,0.132484428370131,0.5715371617460968,0.0541864731373086,-0.1417806950288363,-0.4864685772839422,0.1846846336412927,-0.0009688720422725,0.4060468917952878,0.2341922650046989,0.5549974019961417,0.0140576463190273,0.3547591622186937,-0.4289470243255512,0.1273973104704045,0.0152293951960787,-0.4844704194330868,0.0027958011959606,0.1321402465769226,0.0524971529590221,0.998562894971431,0.1299663533732784,0.000840779142992,0.888698528424315,0.0002029185103068,0.0655687867978563,0.744738069547906,0.2297179975755858,0.3226759588743298,0.4795390312788146,0.3869585260674902,0.7122999315086683,0.3384193364242871,0.4399805827743853,0.572357103159748,0.5142012940582728,0.5506605763784594,0.1221470276265178,0.1282715225541673,0.1479051156907494,0.4534504804121283,0.4591042182441102,0.4313774227459992,0.75,42704
0,0,0.4866326999293595,-0.2896312917778125,0.0510803894426436,-0.8516609922317622,0.132484428370131,0.5715371617460968,0.0541864731373086,-0.1417806950288363,-0.4864685772839422,0.1846846336412927,-0.0009688720422725,0.4060468917952878,0.2341922650046989,0.5549974019961417,0.0140576463190273,0.3547591622186937,-0.4289470243255512,0.1273973104704045,0.0152293951960787,-0.4844704194330868,0.0027958011959606,0.1321402465769226,0.0524971529590221,0.998562894971431,0.1299663533732784,0.000840779142992,0.888698528424315,0.0002029185103068,0.0655687867978563,0.744738069547906,0.2297179975755858,0.3226759588743298,0.4795390312788146,0.3869585260674902,0.7122999315086683,0.3384193364242871,0.4399805827743853,0.572357103159748,0.5142012940582728,0.5506605763784594,0.1221470276265178,0.1282715225541673,0.1479051156907494,0.4534504804121283,0.4591042182441102,0.4313774227459992,0.75,42714
0,0,0.4866326999293595,-0.2896312917778125,0.0510803894426436,-0.8516609922317622,0.132484428370131,0.5715371617460968,0.0541864731373086,-0.1417806950288363,-0.4864685772839422,0.1846846336412927,-0.0009688720422725,0.4060468917952878,0.2341922650046989,0.5549974019961417,0.0140576463190273,0.3547591622186937,-0.4289470243255512,0.1273973104704045,0.0152293951960787,-0.4844704194330868,0.0027958011959606,0.1321402465769226,0.0524971529590221,0.998562894971431,0.1299663533732784,0.000840779142992,0.888698528424315,0.0002029185103068,0.0655687867978563,0.744738069547906,0.2297179975755858,0.3226759588743298,0.4795390312788146,0.3869585260674902,0.7122999315086683,0.3384193364242871,0.4399805827743853,0.572357103159748,0.5142012940582728,0.5506605763784594,0.1221470276265178,0.1282715225541673,0.1479051156907494,0.4534504804121283,0.4591042182441102,0.4313774227459992,0.75,42724
0,0,0.4866326999293595,-0.2896312917778125,0.0510803894426436,-0.8516609922317622,0.132484428370131,0.5715371617460968,0.0541864731373086,-0.1417806950288363,-0.4864685772839422,0.1846846336412927,-0.0009688720422725,0.4060468917952878,0.2341922650046989,0.5549974019961417,0.0140576463190273,0.3547591622186937,-0.4289470243255512,0.1273973104704045,0.0152293951960787,-0.4844704194330868,0.0027958011959606,0.1321402465769226,0.0524971529590221,0.998562894971431,0.1299663533732784,0.000840779142992,0.888698528424315,0.0002029185103068,0.0655687867978563,0.744738069547906,0.2297179975755858,0.3226759588743298,0.4795390312788146,0.3869585260674902,0.7122999315086683,0.3384193364242871,0.4399805827743853,0.572357103159748,0.5142012940582728,0.5506605763784594,0.1221470276265178,0.1282715225541673,0.1479051156907494,0.4534504804121283,0.4591042182441102,0.4313774227459992,0.75,42735
0,0,0.4866326999293595,-0.2896312917778125,0.0510803894426436,-0.8516609922317622,0.132484428370131,0.5715371617460968,0.0541864731373086,-0.1417806950288363,-0.4864685772839422,0.1846846336412927,-0.0009688720422725,0.4060468917952878,0.2341922650046989,0.5549974019961417,0.0140576463190273,0.3547591622186937,-0.4289470243255512,0.1273973104704045,0.0152293951960787,-0.4844704194330868,0.0027958011959606,0.1321402465769226,0.0524971529590221,0.998562894971431,0.1299663533732784,0.000840779142992,0.888698528424315,0.0002029185103068,0.0655687867978563,0.744738069547906,0.2297179975755858,0.3226759588743298,0.4795390312788146,0.3869585260674902,0.7122999315086683,0.3384193364242871,0.4399805827743853,0.572357103159748,0.5142012940582728,0.5506605763784594,0.1221470276265178,0.1282715225541673,0.1479051156907494,0.4534504804121283,0.4591042182441102,0.4313774227459992,0.75,42746
0,0,0.4866326999293595,-0.2896312917778125,0.0510803894426436,-0.8516609922317622,0.132484428370131,0.5715371617460968,0.0541864731373086,-0.1417806950288363,-0.4864685772839422,0.1846846336412927,-0.0009688720422725,0.4060468917952878,0.2341922650046989,0.5549974019961417,0.0140576463190273,0.3547591622186937,-0.4289470243255512,0.1273973104704045,0.0152293951960787,-0.4844704194330868,0.0027958011959606,0.1321402465769226,0.0524971529590221,0.998562894971431,0.1299663533732784,0.000840779142992,0.888698528424315,0.0002029185103068,0.0655687867978563,0.744738069547906,0.2297179975755858,0.3226759588743298,0.4795390312788146,0.3869585260674902,0.7122999315086683,0.3384193364242871,0.4399805827743853,0.572357103159748,0.5142012940582728,0.5506605763784594,0.1221470276265178,0.1282715225541673,0.1479051156907494,0.4534504804121283,0.4591042182441102,0.4313774227459992,0.75,42756
0,0,0.4866326999293595,-0.2896312917778125,0.0510803894426436,-0.8516609922317622,0.132484428370131,0.5715371617460968,0.0541864731373086,-0.1417806950288363,-0.4864685772839422,0.1846846336412927,-0.0009688720422725,0.4060468917952878,0.2341922650046989,0.5549974019961417,0.0140576463190273,0.3547591622186937,-0.4289470243255512,0.1273973104704045,0.0152293951960787,-0.4844704194330868,0.0027958011959606,0.1321402465769226,0.0524971529590221,0.998562894971431,0.1299663533732784,0.000840779142992,0.888698528424315,0.0002029185103068,0.0655687867978563,0.744738069547906,0.2297179975755858,0.3226759588743298,0.4795390312788146,0.3869585260674902,0.7122999315086683,0.3384193364242871,0.4399805827743853,0.572357103159748,0.5142012940582728,0.5506605763784594,0.1221470276265178,0.1282715225541673,0.1479051156907494,0.4534504804121283,0.4591042182441102,0.4313774227459992,0.75,42766
0,0,0.4866326999293595,-0.2896312917778125,0.0510803894426436,-0.8516609922317622,0.132484428370131,0.5715371617460968,0.0541864731373086,-0.1417806950288363,-0.4864685772839422,0.1846846336412927,-0.0009688720422725,0.4060468917952878,0.2341922650046989,0.5549974019961417,0.0140576463190273,0.3547591622186937,-0.4289470243255512,0.1273973104704045,0.0152293951960787,-0.4844704194330868,0.0027958011959606,0.1321402465769226,0.0524971529590221,0.998562894971431,0.1299663533732784,0.000840779142992,0.888698528424315,0.0002029185103068,0.0655687867978563,0.744738069547906,0.2297179975755858,0.3226759588743298,0.4795390312788146,0.3869585260674902,0.7122999315086683,0.3384193364242871,0.4399805827743853,0.572357103159748,0.5142012940582728,0.5506605763784594,0.1221470276265178,0.1282715225541673,0.1479051156907494,0.4534504804121283,0.4591042182441102,0.4313774227459992,0.75,42776
0,0,0.4866326999293595,-0.2896312917778125,0.0510803894426436,-0.8516609922317622,0.132484428370131,0.5715371617460968,0.0541864731373086,-0.1417806950288363,-0.4864685772839422,0.1846846336412927,-0.0009688720422725,0.4060468917952878,0.2341922650046989,0.5549974019961417,0.0140576463190273,0.3547591622186937,-0.4289470243255512,0.1273973104704045,0.0152293951960787,-0.4844704194330868,0.0027958011959606,0.1321402465769226,0.0524971529590221,0.998562894971431,0.1299663533732784,0.000840779142992,0.888698528424315,0.0002029185103068,0.0655687867978563,0.744738069547906,0.2297179975755858,0.3226759588743298,0.4795390312788146,0.3869585260674902,0.7122999315086683,0.3384193364242871,0.4399805827743853,0.572357103159748,0.5142012940582728,0.5506605763784594,0.1221470276265178,0.1282715225541673,0.1479051156907494,0.4534504804121283,0.4591042182441102,0.4313774227459992,0.75,42786
0,0,0.4866326999293595,-0.2896312917778125,0.0510803894426436,-0.8516609922317622,0.132484428370131,0.5715371617460968,0.0541864731373086,-0.1417806950288363,-0.4864685772839422,0.1846846336412927,-0.0009688720422725,0.4060468917952878,0.2341922650046989,0.5549974019961417,0.0140576463190273,0.3547591622186937,-0.4289470243255512,0.1273973104704045,0.0152293951960787,-0.4844704194330868,0.0027958011959606,0.1321402465769226,0.0524971529590221,0.998562894971431,0.1299663533732784,0.000840779142992,0.888698528424315,0.0002029185103068,0.0655687867978563,0.744738069547906,0.2297179975755858,0.3226759588743298,0.4795390312788146,0.3869585260674902,0.7122999315086683,0.3384193364242871,0.4399805827743853,0.572357103159748,0.5142012940582728,0.5506605763784594,0.1221470276265178,0.1282715225541673,0.1479051156907494,0.4534504804121283,0.4591042182441102,0.4313774227459992,0.75,42796
0,0,0.4866326999293595,-0.2896312917778125,0.0510803894426436,-0.8516609922317622,0.132484428370131,0.5715371617460968,0.0541864731373086,-0.1417806950288363,-0.4864685772839422,0.1846846336412927,-0.0009688720422725,0.4060468917952878,0.2341922650046989,0.5549974019961417,0.0140576463190273,0.3547591622186937,-0.4289470243255512,0.1273973104704045,0.0152293951960787,-0.4844704194330868,0.0027958011959606,0.1321402465769226,0.0524971529590221,0.998562894971431,0.1299663533732784,0.000840779142992,0.888698528424315,0.0002029185103068,0.0655687867978563,0.744738069547906,0.2297179975755858,0.3226759588743298,0.4795390312788146,0.3869585260674902,0.7122999315086683,0.3384193364242871,0.4399805827743853,0.572357103159748,0.5142012940582728,0.5506605763784594,0.1221470276265178,0.1282715225541673,0.1479051156907494,0.4534504804121283,0.4591042182441102,0.4313774227459992,0.75,42807
0,0,0.4866326999293595,-0.2896312917778125,0.0510803894426436,-0.8516609922317622,0.132484428370131,0.5715371617460968,0.0541864731373086,-0.1417806950288363,-0.4864685772839422,0.1846846336412927,-0.0009688720422725,0.4060468917952878,0.2341922650046989,0.5549974019961417,0.0140576463190273,0.3547591622186937,-0.4289470243255512,0.1273973104704045,0.0152293951960787,-0.4844704194330868,0.0027958011959606,0.1321402465769226,0.0524971529590221,0.998562894971431,0.1299663533732784,0.000840779142992,0.888698528424315,0.0002029185103068,0.0655687867978563,0.744738069547906,0.2297179975755858,0.3226759588743298,0.4795390312788146,0.3869585260674902,0.7122999315086683,0.3384193364242871,0.4399805827743853,0.572357103159748,0.5142012940582728,0.5506605763784594,0.1221470276265178,0.1282715225541673,0.1479051156907494,0.4534504804121283,0.4591042182441102,0.4313774227459992,0.75,42818
0,0,0.4866326999293595,-0.2896312917778125,0.0510803894426436,-0.8516609922317622,0.132484428370131,0.5715371617460968,0.0541864731373086,-0.1417806950288363,-0.4864685772839422,0.1846846336412927,-0.0009688720422725,0.4060468917952878,0.2341922650046989,0.5549974019961417,0.0140576463190273,0.3547591622186937,-0.4289470243255512,0.1273973104704045,0.0152293951960787,-0.4844704194330868,0.0027958011959606,0.1321402465769226,0.0524971529590221,0.998562894971431,0.1299663533732784,0.000840779142992,0.888698528424315,0.0002029185103068,0.0655687867978563,0.744738069547906,0.2297179975755858,0.3226759588743298,0.4795390312788146,0.3869585260674902,0.7122999315086683,0.3384193364242871,0.4399805827743853,0.572357103159748,0.5142012940582728,0.5506605763784594,0.1221470276265178,0.1282715225541673,0.1479051156907494,0.4534504804121283,0.4591042182441102,0.4313774227459992,0.75,42829
0,0,0.4866326999293595,-0.2896312917778125,0.0510803894426436,-0.8516609922317622,0.132484428370131,0.5715371617460968,0.0541864731373086,-0.1417806950288363,-0.4864685772839422,0.1846846336412927,-0.0009688720422725,0.4060468917952878,0.2341922650046989,0.5549974019961417,0.0140576463190273,0.3547591622186937,-0.4289470243255512,0.1273973104704045,0.0152293951960787,-0.4844704194330868,0.0027958011959606,0.1321402465769226,0.0524971529590221,0.998562894971431,0.1299663533732784,0.000840779142992,0.888698528424315,0.0002029185103068,0.0655687867978563,0.744738069547906,0.2297179975755858,0.3226759588743298,0.4795390312788146,0.3869585260674902,0.7122999315086683,0.3384193364242871,0.4399805827743853,0.572357103159748,0.5142012940582728,0.5506605763784594,0.1221470276265178,0.1282715225541673,0.1479051156907494,0.4534504804121283,0.4591042182441102,0.4313774227459992,0.75,42840
0,0,0.4866326999293595,-0.2896312917778125,0.0510803894426436,-0.8516609922317622,0.132484428370131,0.5715371617460968,0.0541864731373086,-0.1417806950288363,-0.4864685772839422,0.1846846336412927,-0.0009688720422725,0.4060468917952878,0.2341922650046989,0.5549974019961417,0.0140576463190273,0.3547591622186937,-0.4289470243255512,0.1273973104704045,0.0152293951960787,-0.4844704194330868,0.0027958011959606,0.1321402465769226,0.0524971529590221,0.998562894971431,0.1299663533732784,0.000840779142992,0.888698528424315,0.0002029185103068,0.0655687867978563,0.744738069547906,0.2297179975755858,0.3226759588743298,0.4795390312788146,0.3869585260674902,0.7122999315086683,0.3384193364242871,0.4399805827743853,0.572357103159748,0.5142012940582728,0.5506605763784594,0.1221470276265178,0.1282715225541673,0.1479051156907494,0.4534504804121283,0.4591042182441102,0.4313774227459992,0.75,42850
0,0,0.4866326999293595,-0.2896312917778125,0.0510803894426436,-0.8516609922317622,0.132484428370131,0.5715371617460968,0.0541864731373086,-0.1417806950288363,-0.4864685772839422,0.1846846336412927,-0.0009688720422725,0.4060468917952878,0.2341922650046989,0.5549974019961417,0.0140576463190273,0.3547591622186937,-0.4289470243255512,0.1273973104704045,0.0152293951960787,-0.4844704194330868,0.0027958011959606,0.1321402465769226,0.0524971529590221,0.998562894971431,0.1299663533732784,0.000840779142992,0.888698528424315,0.0002029185103068,0.0655687867978563,0.744738069547906,0.2297179975755858,0.3226759588743298,0.4795390312788146,0.3869585260674902,0.7122999315086683,0.3384193364242871,0.4399805827743853,0.572357103159748,0.5142012940582728,0.5506605763784594,0.1221470276265178,0.1282715225541673,0.1479051156907494,0.4534504804121283,0.4591042182441102,0.4313774227459992,0.75,42860
0,0,0.4866326999293595,-0.2896312917778125,0.0510803894426436,-0.8516609922317622,0.132484428370131,0.5715371617460968,0.0541864731373086,-0.1417806950288363,-0.4864685772839422,0.1846846336412927,-0.0009688720422725,0.4060468917952878,0.2341922650046989,0.5549974019961417,0.0140576463190273,0.3547591622186937,-0.4289470243255512,0.1273973104704045,0.0152293951960787,-0.4844704194330868,0.0027958011959606,0.1321402465769226,0.0524971529590221,0.998562894971431,0.1299663533732784,0.000840779142992,0.888698528424315,0.0002029185103068,0.0655687867978563,0.744738069547906,0.2297179975755858,0.3226759588743298,0.4795390312788146,0.3869585260674902,0.7122999315086683,0.3384193364242871,0.4399805827743853,0.572357103159748,0.5142012940582728,0.5506605763784594,0.1221470276265178,0.1282715225541673,0.1479051156907494,0.4534504804121283,0.4591042182441102,0.4313774227459992,0.75,42870
0,0,0.4866326999293595,-0.2896312917778125,0.0510803894426436,-0.8516609922317622,0.132484428370131,0.5715371617460968,0.0541864731373086,-0.1417806950288363,-0.4864685772839422,0.1846846336412927,-0.0009688720422725,0.4060468917952878,0.2341922650046989,0.5549974019961417,0.0140576463190273,0.3547591622186937,-0.4289470243255512,0.1273973104704045,0.0152293951960787,-0.4844704194330868,0.0027958011959606,0.1321402465769226,0.0524971529590221,0.998562894971431,0.1299663533732784,0.000840779142992,0.888698528424315,0.0002029185103068,0.0655687867978563,0.744738069547906,0.2297179975755858,0.3226759588743298,0.4795390312788146,0.3869585260674902,0.7122999315086683,0.3384193364242871,0.4399805827743853,0.572357103159748,0.5142012940582728,0.5506605763784594,0.1221470276265178,0.1282715225541673,0.1479051156907494,0.4534504804121283,0.4591042182441102,0.4313774227459992,0.75,42887
0,0,0.4866326999293595,-0.2896312917778125,0.0510803894426436,-0.8516609922317622,0.132484428370131,0.5715371617460968,0.0541864731373086,-0.1417806950288363,-0.4864685772839422,0.1846846336412927,-0.0009688720422725,0.4060468917952878,0.2341922650046989,0.5549974019961417,0.0140576463190273,0.3547591622186937,-0.4289470243255512,0.1273973104704045,0.0152293951960787,-0.4844704194330868,0.0027958011959606,0.1321402465769226,0.0524971529590221,0.998562894971431,0.1299663533732784,0.000840779142992,0.888698528424315,0.0002029185103068,0.0655687867978563,0.744738069547906,0.2297179975755858,0.3226759588743298,0.4795390312788146,0.3869585260674902,0.7122999315086683,0.3384193364242871,0.4399805827743853,0.572357103159748,0.5142012940582728,0.5506605763784594,0.1221470276265178,0.1282715225541673,0.1479051156907494,0.4534504804121283,0.4591042182441102,0.4313774227459992,0.75,42907
0,0,0.4866326999293595,-0.2896312917778125,0.0510803894426436,-0.8516609922317622,0.132484428370131,0.5715371617460968,0.0541864731373086,-0.1417806950288363,-0.4864685772839422,0.1846846336412927,-0.0009688720422725,0.4060468917952878,0.2341922650046989,0.5549974019961417,0.0140576463190273,0.3547591622186937,-0.4289470243255512,0.1273973104704045,0.0152293951960787,-0.4844704194330868,0.0027958011959606,0.1321402465769226,0.0524971529590221,0.998562894971431,0.1299663533732784,0.000840779142992,0.888698528424315,0.0002029185103068,0.0655687867978563,0.744738069547906,0.2297179975755858,0.3226759588743298,0.4795390312788146,0.3869585260674902,0.7122999315086683,0.3384193364242871,0.4399805827743853,0.572357103159748,0.5142012940582728,0.5506605763784594,0.1221470276265178,0.1282715225541673,0.1479051156907494,0.4534504804121283,0.4591042182441102,0.4313774227459992,0.75,42917
0,0,0.4866326999293595,-0.2896312917778125,0.0510803894426436,-0.8516609922317622,0.132484428370131,0.5715371617460968,0.0541864731373086,-0.1417806950288363,-0.4864685772839422,0.1846846336412927,-0.0009688720422725,0.4060468917952878,0.2341922650046989,0.5549974019961417,0.0140576463190273,0.3547591622186937,-0.4289470243255512,0.1273973104704045,0.0152293951960787,-0.4844704194330868,0.0027958011959606,0.1321402465769226,0.0524971529590221,0.998562894971431,0.1299663533732784,0.000840779142992,0.888698528424315,0.0002029185103068,0.0655687867978563,0.744738069547906,0.2297179975755858,0.3226759588743298,0.4795390312788146,0.3869585260674902,0.7122999315086683,0.3384193364242871,0.4399805827743853,0.572357103159748,0.5142012940582728,0.5506605763784594,0.1221470276265178,0.1282715225541673,0.1479051156907494,0.4534504804121283,0.4591042182441102,0.4313774227459992,0.75,42927
0,0,0.4866326999293595,-0.2896312917778125,0.0510803894426436,-0.8516609922317622,0.132484428370131,0.5715371617460968,0.0541864731373086,-0.1417806950288363,-0.4864685772839422,0.1846846336412927,-0.0009688720422725,0.4060468917952878,0.2341922650046989,0.5549974019961417,0.0140576463190273,0.3547591622186937,-0.4289470243255512,0.1273973104704045,0.0152293951960787,-0.4844704194330868,0.0027958011959606,0.1321402465769226,0.0524971529590221,0.998562894971431,0.1299663533732784,0.000840779142992,0.888698528424315,0.0002029185103068,0.0655687867978563,0.744738069547906,0.2297179975755858,0.3226759588743298,0.4795390312788146,0.3869585260674902,0.7122999315086683,0.3384193364242871,0.4399805827743853,0.572357103159748,0.5142012940582728,0.5506605763784594,0.1221470276265178,0.1282715225541673,0.1479051156907494,0.4534504804121283,0.4591042182441102,0.4313774227459992,0.75,42946
0,0,0.4866326999293595,-0.2896312917778125,0.0510803894426436,-0.8516609922317622,0.132484428370131,0.5715371617460968,0.0541864731373086,-0.1417806950288363,-0.4864685772839422,0.1846846336412927,-0.0009688720422725,0.4060468917952878,0.2341922650046989,0.5549974019961417,0.0140576463190273,0.3547591622186937,-0.4289470243255512,0.1273973104704045,0.0152293951960787,-0.4844704194330868,0.0027958011959606,0.1321402465769226,0.0524971529590221,0.998562894971431,0.1299663533732784,0.000840779142992,0.888698528424315,0.0002029185103068,0.0655687867978563,0.744738069547906,0.2297179975755858,0.3226759588743298,0.4795390312788146,0.3869585260674902,0.7122999315086683,0.3384193364242871,0.4399805827743853,0.572357103159748,0.5142012940582728,0.5506605763784594,0.1221470276265178,0.1282715225541673,0.1479051156907494,0.4534504804121283,0.4591042182441102,0.4313774227459992,0.75,42966
0,0,0.4866326999293595,-0.2896312917778125,0.0510803894426436,-0.8516609922317622,0.132484428370131,0.5715371617460968,0.0541864731373086,-0.1417806950288363,-0.4864685772839422,0.1846846336412927,-0.0009688720422725,0.4060468917952878,0.2341922650046989,0.5549974019961417,0.0140576463190273,0.3547591622186937,-0.4289470243255512,0.1273973104704045,0.0152293951960787,-0.4844704194330868,0.0027958011959606,0.1321402465769226,0.0524971529590221,0.998562894971431,0.1299663533732784,0.000840779142992,0.888698528424315,0.0002029185103068,0.0655687867978563,0.744738069547906,0.2297179975755858,0.3226759588743298,0.4795390312788146,0.3869585260674902,0.7122999315086683,0.3384193364242871,0.4399805827743853,0.572357103159748,0.5142012940582728,0.5506605763784594,0.1221470276265178,0.1282715225541673,0.1479051156907494,0.4534504804121283,0.4591042182441102,0.4313774227459992,0.75,42977
0,0,0.4866326999293595,-0.2896312917778125,0.0510803894426436,-0.8516609922317622,0.132484428370131,0.5715371617460968,0.0541864731373086,-0.1417806950288363,-0.4864685772839422,0.1846846336412927,-0.0009688720422725,0.4060468917952878,0.2341922650046989,0.5549974019961417,0.0140576463190273,0.3547591622186937,-0.4289470243255512,0.1273973104704045,0.0152293951960787,-0.4844704194330868,0.0027958011959606,0.1321402465769226,0.0524971529590221,0.998562894971431,0.1299663533732784,0.000840779142992,0.888698528424315,0.0002029185103068,0.0655687867978563,0.744738069547906,0.2297179975755858,0.3226759588743298,0.4795390312788146,0.3869585260674902,0.7122999315086683,0.3384193364242871,0.4399805827743853,0.572357103159748,0.5142012940582728,0.5506605763784594,0.1221470276265178,0.1282715225541673,0.1479051156907494,0.4534504804121283,0.4591042182441102,0.4313774227459992,0.75,42987
0,0,0.4866326999293595,-0.2896312917778125,0.0510803894426436,-0.8516609922317622,0.132484428370131,0.5715371617460968,0.0541864731373086,-0.1417806950288363,-0.4864685772839422,0.1846846336412927,-0.0009688720422725,0.4060468917952878,0.2341922650046989,0.5549974019961417,0.0140576463190273,0.3547591622186937,-0.4289470243255512,0.1273973104704045,0.0152293951960787,-0.4844704194330868,0.0027958011959606,0.1321402465769226,0.0524971529590221,0.998562894971431,0.1299663533732784,0.000840779142992,0.888698528424315,0.0002029185103068,0.0655687867978563,0.744738069547906,0.2297179975755858,0.3226759588743298,0.4795390312788146,0.3869585260674902,0.7122999315086683,0.3384193364242871,0.4399805827743853,0.572357103159748,0.5142012940582728,0.5506605763784594,0.1221470276265178,0.1282715225541673,0.1479051156907494,0.4534504804121283,0.4591042182441102,0.4313774227459992,0.75,42997
0,0,0.4866326999293595,-0.2896312917778125,0.0510803894426436,-0.8516609922317622,0.132484428370131,0.5715371617460968,0.0541864731373086,-0.1417806950288363,-0.4864685772839422,0.1846846336412927,-0.0009688720422725,0.4060468917952878,0.2341922650046989,0.5549974019961417,0.0140576463190273,0.3547591622186937,-0.4289470243255512,0.1273973104704045,0.0152293951960787,-0.4844704194330868,0.0027958011959606,0.1321402465769226,0.0524971529590221,0.998562894971431,0.1299663533732784,0.000840779142992,0.888698528424315,0.0002029185103068,0.0655687867978563,0.744738069547906,0.2297179975755858,0.3226759588743298,0.4795390312788146,0.3869585260674902,0.7122999315086683,0.3384193364242871,0.4399805827743853,0.572357103159748,0.5142012940582728,0.5506605763784594,0.1221470276265178,0.1282715225541673,0.1479051156907494,0.4534504804121283,0.4591042182441102,0.4313774227459992,0.75,43007
0,0,0.4866326999293595,-0.2896312917778125,0.0510803894426436,-0.8516609922317622,0.132484428370131,0.5715371617460968,0.0541864731373086,-0.1417806950288363,-0.4864685772839422,0.1846846336412927,-0.0009688720422725,0.4060468917952878,0.2341922650046989,0.5549974019961417,0.0140576463190273,0.3547591622186937,-0.4289470243255512,0.1273973104704045,0.0152293951960787,-0.4844704194330868,0.0027958011959606,0.1321402465769226,0.0524971529590221,0.998562894971431,0.1299663533732784,0.000840779142992,0.888698528424315,0.0002029185103068,0.0655687867978563,0.744738069547906,0.2297179975755858,0.3226759588743298,0.4795390312788146,0.3869585260674902,0.7122999315086683,0.3384193364242871,0.4399805827743853,0.572357103159748,0.5142012940582728,0.5506605763784594,0.1221470276265178,0.1282715225541673,0.1479051156907494,0.4534504804121283,0.4591042182441102,0.4313774227459992,0.75,43018
0,0,0.4866326999293595,-0.2896312917778125,0.0510803894426436,-0.8516609922317622,0.132484428370131,0.5715371617460968,0.0541864731373086,-0.1417806950288363,-0.4864685772839422,0.1846846336412927,-0.0009688720422725,0.4060468917952878,0.2341922650046989,0.5549974019961417,0.0140576463190273,0.3547591622186937,-0.4289470243255512,0.1273973104704045,0.0152293951960787,-0.4844704194330868,0.0027958011959606,0.1321402465769226,0.0524971529590221,0.998562894971431,0.1299663533732784,0.000840779142992,0.888698528424315,0.0002029185103068,0.0655687867978563,0.744738069547906,0.2297179975755858,0.3226759588743298,0.4795390312788146,0.3869585260674902,0.7122999315086683,0.3384193364242871,0.4399805827743853,0.572357103159748,0.5142012940582728,0.5506605763784594,0.1221470276265178,0.1282715225541673,0.1479051156907494,0.4534504804121283,0.4591042182441102,0.4313774227459992,0.75,43029
0,0,0.4866326999293595,-0.2896312917778125,0.0510803894426436,-0.8516609922317622,0.132484428370131,0.5715371617460968,0.0541864731373086,-0.1417806950288363,-0.4864685772839422,0.1846846336412927,-0.0009688720422725,0.4060468917952878,0.2341922650046989,0.5549974019961417,0.0140576463190273,0.3547591622186937,-0.4289470243255512,0.1273973104704045,0.0152293951960787,-0.4844704194330868,0.0027958011959606,0.1321402465769226,0.0524971529590221,0.998562894971431,0.1299663533732784,0.000840779142992,0.888698528424315,0.0002029185103068,0.0655687867978563,0.744738069547906,0.2297179975755858,0.3226759588743298,0.4795390312788146,0.3869585260674902,0.7122999315086683,0.3384193364242871,0.4399805827743853,0.572357103159748,0.5142012940582728,0.5506605763784594,0.1221470276265178,0.1282715225541673,0.1479051156907494,0.4534504804121283,0.4591042182441102,0.4313774227459992,0.75,43048
0,0,0.4866326999293595,-0.2896312917778125,0.0510803894426436,-0.8516609922317622,0.132484428370131,0.5715371617460968,0.0541864731373086,-0.1417806950288363,-0.4864685772839422,0.1846846336412927,-0.0009688720422725,0.4060468917952878,0.2341922650046989,0.5549974019961417,0.0140576463190273,0.3547591622186937,-0.4289470243255512,0.1273973104704045,0.0152293951960787,-0.4844704194330868,0.0027958011959606,0.1321402465769226,0.0524971529590221,0.998562894971431,0.1299663533732784,0.000840779142992,0.888698528424315,0.0002029185103068,0.0655687867978563,0.744738069547906,0.2297179975755858,0.3226759588743298,0.4795390312788146,0.3869585260674902,0.7122999315086683,0.3384193364242871,0.4399805827743853,0.572357103159748,0.5142012940582728,0.5506605763784594,0.1221470276265178,0.1282715225541673,0.1479051156907494,0.4534504804121283,0.4591042182441102,0.4313774227459992,0.75,43066
0,0,0.4866326999293595,-0.2896312917778125,0.0510803894426436,-0.8516609922317622,0.132484428370131,0.5715371617460968,0.0541864731373086,-0.1417806950288363,-0.4864685772839422,0.1846846336412927,-0.0009688720422725,0.4060468917952878,0.2341922650046989,0.5549974019961417,0.0140576463190273,0.3547591622186937,-0.4289470243255512,0.1273973104704045,0.0152293951960787,-0.4844704194330868,0.0027958011959606,0.1321402465769226,0.0524971529590221,0.998562894971431,0.1299663533732784,0.000840779142992,0.888698528424315,0.0002029185103068,0.0655687867978563,0.744738069547906,0.2297179975755858,0.3226759588743298,0.4795390312788146,0.3869585260674902,0.7122999315086683,0.3384193364242871,0.4399805827743853,0.572357103159748,0.5142012940582728,0.5506605763784594,0.1221470276265178,0.1282715225541673,0.1479051156907494,0.4534504804121283,0.4591042182441102,0.4313774227459992,0.75,43076
0,0,0.4866326999293595,-0.2896312917778125,0.0510803894426436,-0.8516609922317622,0.132484428370131,0.5715371617460968,0.0541864731373086,-0.1417806950288363,-0.4864685772839422,0.1846846336412927,-0.0009688720422725,0.4060468917952878,0.2341922650046989,0.5549974019961417,0.0140576463190273,0.3547591622186937,-0.4289470243255512,0.1273973104704045,0.0152293951960787,-0.4844704194330868,0.0027958011959606,0.1321402465769226,0.0524971529590221,0.998562894971431,0.1299663533732784,0.000840779142992,0.888698528424315,0.0002029185103068,0.0655687867978563,0.744738069547906,0.2297179975755858,0.3226759588743298,0.4795390312788146,0.3869585260674902,0.7122999315086683,0.3384193364242871,0.4399805827743853,0.572357103159748,0.5142012940582728,0.5506605763784594,0.1221470276265178,0.1282715225541673,0.1479051156907494,0.4534504804121283,0.4591042182441102,0.4313774227459992,0.75,43086
0,0,0.4866326999293595,-0.2896312917778125,0.0510803894426436,-0.8516609922317622,0.132484428370131,0.5715371617460968,0.0541864731373086,-0.1417806950288363,-0.4864685772839422,0.1846846336412927,-0.0009688720422725,0.4060468917952878,0.2341922650046989,0.5549974019961417,0.0140576463190273,0.3547591622186937,-0.4289470243255512,0.1273973104704045,0.0152293951960787,-0.4844704194330868,0.0027958011959606,0.1321402465769226,0.0524971529590221,0.998562894971431,0.1299663533732784,0.000840779142992,0.888698528424315,0.0002029185103068,0.0655687867978563,0.744738069547906,0.2297179975755858,0.3226759588743298,0.4795390312788146,0.3869585260674902,0.7122999315086683,0.3384193364242871,0.4399805827743853,0.572357103159748,0.5142012940582728,0.5506605763784594,0.1221470276265178,0.1282715225541673,0.1479051156907494,0.4534504804121283,0.4591042182441102,0.4313774227459992,0.75,43105
0,0,0.4866326999293595,-0.2896312917778125,0.0510803894426436,-0.8516609922317622,0.132484428370131,0.5715371617460968,0.0541864731373086,-0.1417806950288363,-0.4864685772839422,0.1846846336412927,-0.0009688720422725,0.4060468917952878,0.2341922650046989,0.5549974019961417,0.0140576463190273,0.3547591622186937,-0.4289470243255512,0.1273973104704045,0.0152293951960787,-0.4844704194330868,0.0027958011959606,0.1321402465769226,0.0524971529590221,0.998562894971431,0.1299663533732784,0.000840779142992,0.888698528424315,0.0002029185103068,0.0655687867978563,0.744738069547906,0.2297179975755858,0.3226759588743298,0.4795390312788146,0.3869585260674902,0.7122999315086683,0.3384193364242871,0.4399805827743853,0.572357103159748,0.5142012940582728,0.5506605763784594,0.1221470276265178,0.1282715225541673,0.1479051156907494,0.4534504804121283,0.4591042182441102,0.4313774227459992,0.75,43116
0,0,0.4866326999293595,-0.2896312917778125,0.0510803894426436,-0.8516609922317622,0.132484428370131,0.5715371617460968,0.0541864731373086,-0.1417806950288363,-0.4864685772839422,0.1846846336412927,-0.0009688720422725,0.4060468917952878,0.2341922650046989,0.5549974019961417,0.0140576463190273,0.3547591622186937,-0.4289470243255512,0.1273973104704045,0.0152293951960787,-0.4844704194330868,0.0027958011959606,0.1321402465769226,0.0524971529590221,0.998562894971431,0.1299663533732784,0.000840779142992,0.888698528424315,0.0002029185103068,0.0655687867978563,0.744738069547906,0.2297179975755858,0.3226759588743298,0.4795390312788146,0.3869585260674902,0.7122999315086683,0.3384193364242871,0.4399805827743853,0.572357103159748,0.5142012940582728,0.5506605763784594,0.1221470276265178,0.1282715225541673,0.1479051156907494,0.4534504804121283,0.4591042182441102,0.4313774227459992,0.75,43127
0,0,0.4866326999293595,-0.2896312917778125,0.0510803894426436,-0.8516609922317622,0.132484428370131,0.5715371617460968,0.0541864731373086,-0.1417806950288363,-0.4864685772839422,0.1846846336412927,-0.0009688720422725,0.4060468917952878,0.2341922650046989,0.5549974019961417,0.0140576463190273,0.3547591622186937,-0.4289470243255512,0.1273973104704045,0.0152293951960787,-0.4844704194330868,0.0027958011959606,0.1321402465769226,0.0524971529590221,0.998562894971431,0.1299663533732784,0.000840779142992,0.888698528424315,0.0002029185103068,0.0655687867978563,0.744738069547906,0.2297179975755858,0.3226759588743298,0.4795390312788146,0.3869585260674902,0.7122999315086683,0.3384193364242871,0.4399805827743853,0.572357103159748,0.5142012940582728,0.5506605763784594,0.1221470276265178,0.1282715225541673,0.1479051156907494,0.4534504804121283,0.4591042182441102,0.4313774227459992,0.75,43147
0,0,0.4866326999293595,-0.2896312917778125,0.0510803894426436,-0.8516609922317622,0.132484428370131,0.5715371617460968,0.0541864731373086,-0.1417806950288363,-0.4864685772839422,0.1846846336412927,-0.0009688720422725,0.4060468917952878,0.2341922650046989,0.5549974019961417,0.0140576463190273,0.3547591622186937,-0.4289470243255512,0.1273973104704045,0.0152293951960787,-0.4844704194330868,0.0027958011959606,0.1321402465769226,0.0524971529590221,0.998562894971431,0.1299663533732784,0.000840779142992,0.888698528424315,0.0002029185103068,0.0655687867978563,0.744738069547906,0.2297179975755858,0.3226759588743298,0.4795390312788146,0.3869585260674902,0.7122999315086683,0.3384193364242871,0.4399805827743853,0.572357103159748,0.5142012940582728,0.5506605763784594,0.1221470276265178,0.1282715225541673,0.1479051156907494,0.4534504804121283,0.4591042182441102,0.4313774227459992,0.75,43157
0,0,0.4866326999293595,-0.2896312917778125,0.0510803894426436,-0.8516609922317622,0.132484428370131,0.5715371617460968,0.0541864731373086,-0.1417806950288363,-0.4864685772839422,0.1846846336412927,-0.0009688720422725,0.4060468917952878,0.2341922650046989,0.5549974019961417,0.0140576463190273,0.3547591622186937,-0.4289470243255512,0.1273973104704045,0.0152293951960787,-0.4844704194330868,0.0027958011959606,0.1321402465769226,0.0524971529590221,0.998562894971431,0.1299663533732784,0.000840779142992,0.888698528424315,0.0002029185103068,0.0655687867978563,0.744738069547906,0.2297179975755858,0.3226759588743298,0.4795390312788146,0.3869585260674902,0.7122999315086683,0.3384193364242871,0.4399805827743853,0.572357103159748,0.5142012940582728,0.5506605763784594,0.1221470276265178,0.1282715225541673,0.1479051156907494,0.4534504804121283,0.4591042182441102,0.4313774227459992,0.75,43168
0,0,0.4866326999293595,-0.2896312917778125,0.0510803894426436,-0.8516609922317622,0.132484428370131,0.5715371617460968,0.0541864731373086,-0.1417806950288363,-0.4864685772839422,0.1846846336412927,-0.0009688720422725,0.4060468917952878,0.2341922650046989,0.5549974019961417,0.0140576463190273,0.3547591622186937,-0.4289470243255512,0.1273973104704045,0.0152293951960787,-0.4844704194330868,0.0027958011959606,0.1321402465769226,0.0524971529590221,0.998562894971431,0.1299663533732784,0.000840779142992,0.888698528424315,0.0002029185103068,0.0655687867978563,0.744738069547906,0.2297179975755858,0.3226759588743298,0.4795390312788146,0.3869585260674902,0.7122999315086683,0.3384193364242871,0.4399805827743853,0.572357103159748,0.5142012940582728,0.5506605763784594,0.1221470276265178,0.1282715225541673,0.1479051156907494,0.4534504804121283,0.4591042182441102,0.4313774227459992,0.75,43179
0,0,0.4866326999293595,-0.2896312917778125,0.0510803894426436,-0.8516609922317622,0.132484428370131,0.5715371617460968,0.0541864731373086,-0.1417806950288363,-0.4864685772839422,0.1846846336412927,-0.0009688720422725,0.4060468917952878,0.2341922650046989,0.5549974019961417,0.0140576463190273,0.3547591622186937,-0.4289470243255512,0.1273973104704045,0.0152293951960787,-0.4844704194330868,0.0027958011959606,0.1321402465769226,0.0524971529590221,0.998562894971431,0.1299663533732784,0.000840779142992,0.888698528424315,0.0002029185103068,0.0655687867978563,0.744738069547906,0.2297179975755858,0.3226759588743298,0.4795390312788146,0.3869585260674902,0.7122999315086683,0.3384193364242871,0.4399805827743853,0.572357103159748,0.5142012940582728,0.5506605763784594,0.1221470276265178,0.1282715225541673,0.1479051156907494,0.4534504804121283,0.4591042182441102,0.4313774227459992,0.75,43189
0,0,0.4866326999293595,-0.2896312917778125,0.0510803894426436,-0.8516609922317622,0.132484428370131,0.5715371617460968,0.0541864731373086,-0.1417806950288363,-0.4864685772839422,0.1846846336412927,-0.0009688720422725,0.4060468917952878,0.2341922650046989,0.5549974019961417,0.0140576463190273,0.3547591622186937,-0.4289470243255512,0.1273973104704045,0.0152293951960787,-0.4844704194330868,0.0027958011959606,0.1321402465769226,0.0524971529590221,0.998562894971431,0.1299663533732784,0.000840779142992,0.888698528424315,0.0002029185103068,0.0655687867978563,0.744738069547906,0.2297179975755858,0.3226759588743298,0.4795390312788146,0.3869585260674902,0.7122999315086683,0.3384193364242871,0.4399805827743853,0.572357103159748,0.5142012940582728,0.5506605763784594,0.1221470276265178,0.1282715225541673,0.1479051156907494,0.4534504804121283,0.4591042182441102,0.4313774227459992,0.75,43200
0,0,0.4866326999293595,-0.2896312917778125,0.0510803894426436,-0.8516609922317622,0.132484428370131,0.5715371617460968,0.0541864731373086,-0.1417806950288363,-0.4864685772839422,0.1846846336412927,-0.0009688720422725,0.4060468917952878,0.2341922650046989,0.5549974019961417,0.0140576463190273,0.3547591622186937,-0.4289470243255512,0.1273973104704045,0.0152293951960787,-0.4844704194330868,0.0027958011959606,0.1321402465769226,0.0524971529590221,0.998562894971431,0.1299663533732784,0.000840779142992,0.888698528424315,0.0002029185103068,0.0655687867978563,0.744738069547906,0.2297179975755858,0.3226759588743298,0.4795390312788146,0.3869585260674902,0.7122999315086683,0.3384193364242871,0.4399805827743853,0.572357103159748,0.5142012940582728,0.5506605763784594,0.1221470276265178,0.1282715225541673,0.1479051156907494,0.4534504804121283,0.4591042182441102,0.4313774227459992,0.75,43210
0,0,0.4866326999293595,-0.2896312917778125,0.0510803894426436,-0.8516609922317622,0.132484428370131,0.5715371617460968,0.0541864731373086,-0.1417806950288363,-0.4864685772839422,0.1846846336412927,-0.0009688720422725,0.4060468917952878,0.2341922650046989,0.5549974019961417,0.0140576463190273,0.3547591622186937,-0.4289470243255512,0.1273973104704045,0.0152293951960787,-0.4844704194330868,0.0027958011959606,0.1321402465769226,0.0524971529590221,0.998562894971431,0.1299663533732784,0.000840779142992,0.888698528424315,0.0002029185103068,0.0655687867978563,0.744738069547906,0.2297179975755858,0.3226759588743298,0.4795390312788146,0.3869585260674902,0.7122999315086683,0.3384193364242871,0.4399805827743853,0.572357103159748,0.5142012940582728,0.5506605763784594,0.1221470276265178,0.1282715225541673,0.1479051156907494,0.4534504804121283,0.4591042182441102,0.4313774227459992,0.75,43229
0,0,0.4866326999293595,-0.2896312917778125,0.0510803894426436,-0.8516609922317622,0.132484428370131,0.5715371617460968,0.0541864731373086,-0.1417806950288363,-0.4864685772839422,0.1846846336412927,-0.0009688720422725,0.4060468917952878,0.2341922650046989,0.5549974019961417,0.0140576463190273,0.3547591622186937,-0.4289470243255512,0.1273973104704045,0.0152293951960787,-0.4844704194330868,0.0027958011959606,0.1321402465769226,0.0524971529590221,0.998562894971431,0.1299663533732784,0.000840779142992,0.888698528424315,0.0002029185103068,0.0655687867978563,0.744738069547906,0.2297179975755858,0.3226759588743298,0.4795390312788146,0.3869585260674902,0.7122999315086683,0.3384193364242871,0.4399805827743853,0.572357103159748,0.5142012940582728,0.5506605763784594,0.1221470276265178,0.1282715225541673,0.1479051156907494,0.4534504804121283,0.4591042182441102,0.4313774227459992,0.75,43239
0,0,0.4866326999293595,-0.2896312917778125,0.0510803894426436,-0.8516609922317622,0.132484428370131,0.5715371617460968,0.0541864731373086,-0.1417806950288363,-0.4864685772839422,0.1846846336412927,-0.0009688720422725,0.4060468917952878,0.2341922650046989,0.5549974019961417,0.0140576463190273,0.3547591622186937,-0.4289470243255512,0.1273973104704045,0.0152293951960787,-0.4844704194330868,0.0027958011959606,0.1321402465769226,0.0524971529590221,0.998562894971431,0.1299663533732784,0.000840779142992,0.888698528424315,0.0002029185103068,0.0655687867978563,0.744738069547906,0.2297179975755858,0.3226759588743298,0.4795390312788146,0.3869585260674902,0.7122999315086683,0.3384193364242871,0.4399805827743853,0.572357103159748,0.5142012940582728,0.5506605763784594,0.1221470276265178,0.1282715225541673,0.1479051156907494,0.4534504804121283,0.4591042182441102,0.4313774227459992,0.75,43250
0,0,0.4866326999293595,-0.2896312917778125,0.0510803894426436,-0.8516609922317622,0.132484428370131,0.5715371617460968,0.0541864731373086,-0.1417806950288363,-0.4864685772839422,0.1846846336412927,-0.0009688720422725,0.4060468917952878,0.2341922650046989,0.5549974019961417,0.0140576463190273,0.3547591622186937,-0.4289470243255512,0.1273973104704045,0.0152293951960787,-0.4844704194330868,0.0027958011959606,0.1321402465769226,0.0524971529590221,0.998562894971431,0.1299663533732784,0.000840779142992,0.888698528424315,0.0002029185103068,0.0655687867978563,0.744738069547906,0.2297179975755858,0.3226759588743298,0.4795390312788146,0.3869585260674902,0.7122999315086683,0.3384193364242871,0.4399805827743853,0.572357103159748,0.5142012940582728,0.5506605763784594,0.1221470276265178,0.1282715225541673,0.1479051156907494,0.4534504804121283,0.4591042182441102,0.4313774227459992,0.75,43261
0,0,0.4866326999293595,-0.2896312917778125,0.0510803894426436,-0.8516609922317622,0.132484428370131,0.5715371617460968,0.0541864731373086,-0.1417806950288363,-0.4864685772839422,0.1846846336412927,-0.0009688720422725,0.4060468917952878,0.2341922650046989,0.5549974019961417,0.0140576463190273,0.3547591622186937,-0.4289470243255512,0.1273973104704045,0.0152293951960787,-0.4844704194330868,0.0027958011959606,0.1321402465769226,0.0524971529590221,0.998562894971431,0.1299663533732784,0.000840779142992,0.888698528424315,0.0002029185103068,0.0655687867978563,0.744738069547906,0.2297179975755858,0.3226759588743298,0.4795390312788146,0.3869585260674902,0.7122999315086683,0.3384193364242871,0.4399805827743853,0.572357103159748,0.5142012940582728,0.5506605763784594,0.1221470276265178,0.1282715225541673,0.1479051156907494,0.4534504804121283,0.4591042182441102,0.4313774227459992,0.75,43271
0,0,0.4866326999293595,-0.2896312917778125,0.0510803894426436,-0.8516609922317622,0.132484428370131,0.5715371617460968,0.0541864731373086,-0.1417806950288363,-0.4864685772839422,0.1846846336412927,-0.0009688720422725,0.4060468917952878,0.2341922650046989,0.5549974019961417,0.0140576463190273,0.3547591622186937,-0.4289470243255512,0.1273973104704045,0.0152293951960787,-0.4844704194330868,0.0027958011959606,0.1321402465769226,0.0524971529590221,0.998562894971431,0.1299663533732784,0.000840779142992,0.888698528424315,0.0002029185103068,0.0655687867978563,0.744738069547906,0.2297179975755858,0.3226759588743298,0.4795390312788146,0.3869585260674902,0.7122999315086683,0.3384193364242871,0.4399805827743853,0.572357103159748,0.5142012940582728,0.5506605763784594,0.1221470276265178,0.1282715225541673,0.1479051156907494,0.4534504804121283,0.4591042182441102,0.4313774227459992,0.75,43281
0,0,0.4866326999293595,-0.2896312917778125,0.0510803894426436,-0.8516609922317622,0.132484428370131,0.5715371617460968,0.0541864731373086,-0.1417806950288363,-0.4864685772839422,0.1846846336412927,-0.0009688720422725,0.4060468917952878,0.2341922650046989,0.5549974019961417,0.0140576463190273,0.3547591622186937,-0.4289470243255512,0.1273973104704045,0.0152293951960787,-0.4844704194330868,0.0027958011959606,0.1321402465769226,0.0524971529590221,0.998562894971431,0.1299663533732784,0.000840779142992,0.888698528424315,0.0002029185103068,0.0655687867978563,0.744738069547906,0.2297179975755858,0.3226759588743298,0.4795390312788146,0.3869585260674902,0.7122999315086683,0.3384193364242871,0.4399805827743853,0.572357103159748,0.5142012940582728,0.5506605763784594,0.1221470276265178,0.1282715225541673,0.1479051156907494,0.4534504804121283,0.4591042182441102,0.4313774227459992,0.75,43291
0,0,0.4866326999293595,-0.2896312917778125,0.0510803894426436,-0.8516609922317622,0.132484428370131,0.5715371617460968,0.0541864731373086,-0.1417806950288363,-0.4864685772839422,0.1846846336412927,-0.0009688720422725,0.4060468917952878,0.2341922650046989,0.5549974019961417,0.0140576463190273,0.3547591622186937,-0.4289470243255512,0.1273973104704045,0.0152293951960787,-0.4844704194330868,0.0027958011959606,0.1321402465769226,0.0524971529590221,0.998562894971431,0.1299663533732784,0.000840779142992,0.888698528424315,0.0002029185103068,0.0655687867978563,0.744738069547906,0.2297179975755858,0.3226759588743298,0.4795390312788146,0.3869585260674902,0.7122999315086683,0.3384193364242871,0.4399805827743853,0.572357103159748,0.5142012940582728,0.5506605763784594,0.1221470276265178,0.1282715225541673,0.1479051156907494,0.4534504804121283,0.4591042182441102,0.4313774227459992,0.75,43301
0,0,0.4866326999293595,-0.2896312917778125,0.0510803894426436,-0.8516609922317622,0.132484428370131,0.5715371617460968,0.0541864731373086,-0.1417806950288363,-0.4864685772839422,0.1846846336412927,-0.0009688720422725,0.4060468917952878,0.2341922650046989,0.5549974019961417,0.0140576463190273,0.3547591622186937,-0.4289470243255512,0.1273973104704045,0.0152293951960787,-0.4844704194330868,0.0027958011959606,0.1321402465769226,0.0524971529590221,0.998562894971431,0.1299663533732784,0.000840779142992,0.888698528424315,0.0002029185103068,0.0655687867978563,0.744738069547906,0.2297179975755858,0.3226759588743298,0.4795390312788146,0.3869585260674902,0.7122999315086683,0.3384193364242871,0.4399805827743853,0.572357103159748,0.5142012940582728,0.5506605763784594,0.1221470276265178,0.1282715225541673,0.1479051156907494,0.4534504804121283,0.4591042182441102,0.4313774227459992,0.75,43311
0,0,0.4866326999293595,-0.2896312917778125,0.0510803894426436,-0.8516609922317622,0.132484428370131,0.5715371617460968,0.0541864731373086,-0.1417806950288363,-0.4864685772839422,0.1846846336412927,-0.0009688720422725,0.4060468917952878,0.2341922650046989,0.5549974019961417,0.0140576463190273,0.3547591622186937,-0.4289470243255512,0.1273973104704045,0.0152293951960787,-0.4844704194330868,0.0027958011959606,0.1321402465769226,0.0524971529590221,0.998562894971431,0.1299663533732784,0.000840779142992,0.888698528424315,0.0002029185103068,0.0655687867978563,0.744738069547906,0.2297179975755858,0.3226759588743298,0.4795390312788146,0.3869585260674902,0.7122999315086683,0.3384193364242871,0.4399805827743853,0.572357103159748,0.5142012940582728,0.5506605763784594,0.1221470276265178,0.1282715225541673,0.1479051156907494,0.4534504804121283,0.4591042182441102,0.4313774227459992,0.75,43321
0,0,0.4866326999293595,-0.2896312917778125,0.0510803894426436,-0.8516609922317622,0.132484428370131,0.5715371617460968,0.0541864731373086,-0.1417806950288363,-0.4864685772839422,0.1846846336412927,-0.0009688720422725,0.4060468917952878,0.2341922650046989,0.5549974019961417,0.0140576463190273,0.3547591622186937,-0.4289470243255512,0.1273973104704045,0.0152293951960787,-0.4844704194330868,0.0027958011959606,0.1321402465769226,0.0524971529590221,0.998562894971431,0.1299663533732784,0.000840779142992,0.888698528424315,0.0002029185103068,0.0655687867978563,0.744738069547906,0.2297179975755858,0.3226759588743298,0.4795390312788146,0.3869585260674902,0.7122999315086683,0.3384193364242871,0.4399805827743853,0.572357103159748,0.5142012940582728,0.5506605763784594,0.1221470276265178,0.1282715225541673,0.1479051156907494,0.4534504804121283,0.4591042182441102,0.4313774227459992,0.75,43332
0,0,0.4866326999293595,-0.2896312917778125,0.0510803894426436,-0.8516609922317622,0.132484428370131,0.5715371617460968,0.0541864731373086,-0.1417806950288363,-0.4864685772839422,0.1846846336412927,-0.0009688720422725,0.4060468917952878,0.2341922650046989,0.5549974019961417,0.0140576463190273,0.3547591622186937,-0.4289470243255512,0.1273973104704045,0.0152293951960787,-0.4844704194330868,0.0027958011959606,0.1321402465769226,0.0524971529590221,0.998562894971431,0.1299663533732784,0.000840779142992,0.888698528424315,0.0002029185103068,0.0655687867978563,0.744738069547906,0.2297179975755858,0.3226759588743298,0.4795390312788146,0.3869585260674902,0.7122999315086683,0.3384193364242871,0.4399805827743853,0.572357103159748,0.5142012940582728,0.5506605763784594,0.1221470276265178,0.1282715225541673,0.1479051156907494,0.4534504804121283,0.4591042182441102,0.4313774227459992,0.75,43342
0,0,0.4866326999293595,-0.2896312917778125,0.0510803894426436,-0.8516609922317622,0.132484428370131,0.5715371617460968,0.0541864731373086,-0.1417806950288363,-0.4864685772839422,0.1846846336412927,-0.0009688720422725,0.4060468917952878,0.2341922650046989,0.5549974019961417,0.0140576463190273,0.3547591622186937,-0.4289470243255512,0.1273973104704045,0.0152293951960787,-0.4844704194330868,0.0027958011959606,0.1321402465769226,0.0524971529590221,0.998562894971431,0.1299663533732784,0.000840779142992,0.888698528424315,0.0002029185103068,0.0655687867978563,0.744738069547906,0.2297179975755858,0.3226759588743298,0.4795390312788146,0.3869585260674902,0.7122999315086683,0.3384193364242871,0.4399805827743853,0.572357103159748,0.5142012940582728,0.5506605763784594,0.1221470276265178,0.1282715225541673,0.1479051156907494,0.4534504804121283,0.4591042182441102,0.4313774227459992,0.75,43353
0,0,0.4866326999293595,-0.2896312917778125,0.0510803894426436,-0.8516609922317622,0.132484428370131,0.5715371617460968,0.0541864731373086,-0.1417806950288363,-0.4864685772839422,0.1846846336412927,-0.0009688720422725,0.4060468917952878,0.2341922650046989,0.5549974019961417,0.0140576463190273,0.3547591622186937,-0.4289470243255512,0.1273973104704045,0.0152293951960787,-0.4844704194330868,0.0027958011959606,0.1321402465769226,0.0524971529590221,0.998562894971431,0.1299663533732784,0.000840779142992,0.888698528424315,0.0002029185103068,0.0655687867978563,0.744738069547906,0.2297179975755858,0.3226759588743298,0.4795390312788146,0.3869585260674902,0.7122999315086683,0.3384193364242871,0.4399805827743853,0.572357103159748,0.5142012940582728,0.5506605763784594,0.1221470276265178,0.1282715225541673,0.1479051156907494,0.4534504804121283,0.4591042182441102,0.4313774227459992,0.75,43363
0,0,0.4866326999293595,-0.2896312917778125,0.0510803894426436,-0.8516609922317622,0.132484428370131,0.5715371617460968,0.0541864731373086,-0.1417806950288363,-0.4864685772839422,0.1846846336412927,-0.0009688720422725,0.4060468917952878,0.2341922650046989,0.5549974019961417,0.0140576463190273,0.3547591622186937,-0.4289470243255512,0.1273973104704045,0.0152293951960787,-0.4844704194330868,0.0027958011959606,0.1321402465769226,0.0524971529590221,0.998562894971431,0.1299663533732784,0.000840779142992,0.888698528424315,0.0002029185103068,0.0655687867978563,0.744738069547906,0.2297179975755858,0.3226759588743298,0.4795390312788146,0.3869585260674902,0.7122999315086683,0.3384193364242871,0.4399805827743853,0.572357103159748,0.5142012940582728,0.5506605763784594,0.1221470276265178,0.1282715225541673,0.1479051156907494,0.4534504804121283,0.4591042182441102,0.4313774227459992,0.75,43373
0,0,0.4866326999293595,-0.2896312917778125,0.0510803894426436,-0.8516609922317622,0.132484428370131,0.5715371617460968,0.0541864731373086,-0.1417806950288363,-0.4864685772839422,0.1846846336412927,-0.0009688720422725,0.4060468917952878,0.2341922650046989,0.5549974019961417,0.0140576463190273,0.3547591622186937,-0.4289470243255512,0.1273973104704045,0.0152293951960787,-0.4844704194330868,0.0027958011959606,0.1321402465769226,0.0524971529590221,0.998562894971431,0.1299663533732784,0.000840779142992,0.888698528424315,0.0002029185103068,0.0655687867978563,0.744738069547906,0.2297179975755858,0.3226759588743298,0.4795390312788146,0.3869585260674902,0.7122999315086683,0.3384193364242871,0.4399805827743853,0.572357103159748,0.5142012940582728,0.5506605763784594,0.1221470276265178,0.1282715225541673,0.1479051156907494,0.4534504804121283,0.4591042182441102,0.4313774227459992,0.75,43384
0,0,0.4866326999293595,-0.2896312917778125,0.0510803894426436,-0.8516609922317622,0.132484428370131,0.5715371617460968,0.0541864731373086,-0.1417806950288363,-0.4864685772839422,0.1846846336412927,-0.0009688720422725,0.4060468917952878,0.2341922650046989,0.5549974019961417,0.0140576463190273,0.3547591622186937,-0.4289470243255512,0.1273973104704045,0.0152293951960787,-0.4844704194330868,0.0027958011959606,0.1321402465769226,0.0524971529590221,0.998562894971431,0.1299663533732784,0.000840779142992,0.888698528424315,0.0002029185103068,0.0655687867978563,0.744738069547906,0.2297179975755858,0.3226759588743298,0.4795390312788146,0.3869585260674902,0.7122999315086683,0.3384193364242871,0.4399805827743853,0.572357103159748,0.5142012940582728,0.5506605763784594,0.1221470276265178,0.1282715225541673,0.1479051156907494,0.4534504804121283,0.4591042182441102,0.4313774227459992,0.75,43394
0,0,0.4866326999293595,-0.2896312917778125,0.0510803894426436,-0.8516609922317622,0.132484428370131,0.5715371617460968,0.0541864731373086,-0.1417806950288363,-0.4864685772839422,0.1846846336412927,-0.0009688720422725,0.4060468917952878,0.2341922650046989,0.5549974019961417,0.0140576463190273,0.3547591622186937,-0.4289470243255512,0.1273973104704045,0.0152293951960787,-0.4844704194330868,0.0027958011959606,0.1321402465769226,0.0524971529590221,0.998562894971431,0.1299663533732784,0.000840779142992,0.888698528424315,0.0002029185103068,0.0655687867978563,0.744738069547906,0.2297179975755858,0.3226759588743298,0.4795390312788146,0.3869585260674902,0.7122999315086683,0.3384193364242871,0.4399805827743853,0.572357103159748,0.5142012940582728,0.5506605763784594,0.1221470276265178,0.1282715225541673,0.1479051156907494,0.4534504804121283,0.4591042182441102,0.4313774227459992,0.75,43404
0,0,0.4866326999293595,-0.2896312917778125,0.0510803894426436,-0.8516609922317622,0.132484428370131,0.5715371617460968,0.0541864731373086,-0.1417806950288363,-0.4864685772839422,0.1846846336412927,-0.0009688720422725,0.4060468917952878,0.2341922650046989,0.5549974019961417,0.0140576463190273,0.3547591622186937,-0.4289470243255512,0.1273973104704045,0.0152293951960787,-0.4844704194330868,0.0027958011959606,0.1321402465769226,0.0524971529590221,0.998562894971431,0.1299663533732784,0.000840779142992,0.888698528424315,0.0002029185103068,0.0655687867978563,0.744738069547906,0.2297179975755858,0.3226759588743298,0.4795390312788146,0.3869585260674902,0.7122999315086683,0.3384193364242871,0.4399805827743853,0.572357103159748,0.5142012940582728,0.5506605763784594,0.1221470276265178,0.1282715225541673,0.1479051156907494,0.4534504804121283,0.4591042182441102,0.4313774227459992,0.75,43415
0,0,0.4866326999293595,-0.2896312917778125,0.0510803894426436,-0.8516609922317622,0.132484428370131,0.5715371617460968,0.0541864731373086,-0.1417806950288363,-0.4864685772839422,0.1846846336412927,-0.0009688720422725,0.4060468917952878,0.2341922650046989,0.5549974019961417,0.0140576463190273,0.3547591622186937,-0.4289470243255512,0.1273973104704045,0.0152293951960787,-0.4844704194330868,0.0027958011959606,0.1321402465769226,0.0524971529590221,0.998562894971431,0.1299663533732784,0.000840779142992,0.888698528424315,0.0002029185103068,0.0655687867978563,0.744738069547906,0.2297179975755858,0.3226759588743298,0.4795390312788146,0.3869585260674902,0.7122999315086683,0.3384193364242871,0.4399805827743853,0.572357103159748,0.5142012940582728,0.5506605763784594,0.1221470276265178,0.1282715225541673,0.1479051156907494,0.4534504804121283,0.4591042182441102,0.4313774227459992,0.75,43426
0,0,0.4866326999293595,-0.2896312917778125,0.0510803894426436,-0.8516609922317622,0.132484428370131,0.5715371617460968,0.0541864731373086,-0.1417806950288363,-0.4864685772839422,0.1846846336412927,-0.0009688720422725,0.4060468917952878,0.2341922650046989,0.5549974019961417,0.0140576463190273,0.3547591622186937,-0.4289470243255512,0.1273973104704045,0.0152293951960787,-0.4844704194330868,0.0027958011959606,0.1321402465769226,0.0524971529590221,0.998562894971431,0.1299663533732784,0.000840779142992,0.888698528424315,0.0002029185103068,0.0655687867978563,0.744738069547906,0.2297179975755858,0.3226759588743298,0.4795390312788146,0.3869585260674902,0.7122999315086683,0.3384193364242871,0.4399805827743853,0.572357103159748,0.5142012940582728,0.5506605763784594,0.1221470276265178,0.1282715225541673,0.1479051156907494,0.4534504804121283,0.4591042182441102,0.4313774227459992,0.75,43437
0,0,0.4866326999293595,-0.2896312917778125,0.0510803894426436,-0.8516609922317622,0.132484428370131,0.5715371617460968,0.0541864731373086,-0.1417806950288363,-0.4864685772839422,0.1846846336412927,-0.0009688720422725,0.4060468917952878,0.2341922650046989,0.5549974019961417,0.0140576463190273,0.3547591622186937,-0.4289470243255512,0.1273973104704045,0.0152293951960787,-0.4844704194330868,0.0027958011959606,0.1321402465769226,0.0524971529590221,0.998562894971431,0.1299663533732784,0.000840779142992,0.888698528424315,0.0002029185103068,0.0655687867978563,0.744738069547906,0.2297179975755858,0.3226759588743298,0.4795390312788146,0.3869585260674902,0.7122999315086683,0.3384193364242871,0.4399805827743853,0.572357103159748,0.5142012940582728,0.5506605763784594,0.1221470276265178,0.1282715225541673,0.1479051156907494,0.4534504804121283,0.4591042182441102,0.4313774227459992,0.75,43447
0,0,0.4866326999293595,-0.2896312917778125,0.0510803894426436,-0.8516609922317622,0.132484428370131,0.5715371617460968,0.0541864731373086,-0.1417806950288363,-0.4864685772839422,0.1846846336412927,-0.0009688720422725,0.4060468917952878,0.2341922650046989,0.5549974019961417,0.0140576463190273,0.3547591622186937,-0.4289470243255512,0.1273973104704045,0.0152293951960787,-0.4844704194330868,0.0027958011959606,0.1321402465769226,0.0524971529590221,0.998562894971431,0.1299663533732784,0.000840779142992,0.888698528424315,0.0002029185103068,0.0655687867978563,0.744738069547906,0.2297179975755858,0.3226759588743298,0.4795390312788146,0.3869585260674902,0.7122999315086683,0.3384193364242871,0.4399805827743853,0.572357103159748,0.5142012940582728,0.5506605763784594,0.1221470276265178,0.1282715225541673,0.1479051156907494,0.4534504804121283,0.4591042182441102,0.4313774227459992,0.75,43457
0,0,0.4866326999293595,-0.2896312917778125,0.0510803894426436,-0.8516609922317622,0.132484428370131,0.5715371617460968,0.0541864731373086,-0.1417806950288363,-0.4864685772839422,0.1846846336412927,-0.0009688720422725,0.4060468917952878,0.2341922650046989,0.5549974019961417,0.0140576463190273,0.3547591622186937,-0.4289470243255512,0.1273973104704045,0.0152293951960787,-0.4844704194330868,0.0027958011959606,0.1321402465769226,0.0524971529590221,0.998562894971431,0.1299663533732784,0.000840779142992,0.888698528424315,0.0002029185103068,0.0655687867978563,0.744738069547906,0.2297179975755858,0.3226759588743298,0.4795390312788146,0.3869585260674902,0.7122999315086683,0.3384193364242871,0.4399805827743853,0.572357103159748,0.5142012940582728,0.5506605763784594,0.1221470276265178,0.1282715225541673,0.1479051156907494,0.4534504804121283,0.4591042182441102,0.4313774227459992,0.75,43467
0,0,0.4866326999293595,-0.2896312917778125,0.0510803894426436,-0.8516609922317622,0.132484428370131,0.5715371617460968,0.0541864731373086,-0.1417806950288363,-0.4864685772839422,0.1846846336412927,-0.0009688720422725,0.4060468917952878,0.2341922650046989,0.5549974019961417,0.0140576463190273,0.3547591622186937,-0.4289470243255512,0.1273973104704045,0.0152293951960787,-0.4844704194330868,0.0027958011959606,0.1321402465769226,0.0524971529590221,0.998562894971431,0.1299663533732784,0.000840779142992,0.888698528424315,0.0002029185103068,0.0655687867978563,0.744738069547906,0.2297179975755858,0.3226759588743298,0.4795390312788146,0.3869585260674902,0.7122999315086683,0.3384193364242871,0.4399805827743853,0.572357103159748,0.5142012940582728,0.5506605763784594,0.1221470276265178,0.1282715225541673,0.1479051156907494,0.4534504804121283,0.4591042182441102,0.4313774227459992,0.75,43485
0,0,0.4866326999293595,-0.2896312917778125,0.0510803894426436,-0.8516609922317622,0.132484428370131,0.5715371617460968,0.0541864731373086,-0.1417806950288363,-0.4864685772839422,0.1846846336412927,-0.0009688720422725,0.4060468917952878,0.2341922650046989,0.5549974019961417,0.0140576463190273,0.3547591622186937,-0.4289470243255512,0.1273973104704045,0.0152293951960787,-0.4844704194330868,0.0027958011959606,0.1321402465769226,0.0524971529590221,0.998562894971431,0.1299663533732784,0.000840779142992,0.888698528424315,0.0002029185103068,0.0655687867978563,0.744738069547906,0.2297179975755858,0.3226759588743298,0.4795390312788146,0.3869585260674902,0.7122999315086683,0.3384193364242871,0.4399805827743853,0.572357103159748,0.5142012940582728,0.5506605763784594,0.1221470276265178,0.1282715225541673,0.1479051156907494,0.4534504804121283,0.4591042182441102,0.4313774227459992,0.75,43496
0,0,0.4866326999293595,-0.2896312917778125,0.0510803894426436,-0.8516609922317622,0.132484428370131,0.5715371617460968,0.0541864731373086,-0.1417806950288363,-0.4864685772839422,0.1846846336412927,-0.0009688720422725,0.4060468917952878,0.2341922650046989,0.5549974019961417,0.0140576463190273,0.3547591622186937,-0.4289470243255512,0.1273973104704045,0.0152293951960787,-0.4844704194330868,0.0027958011959606,0.1321402465769226,0.0524971529590221,0.998562894971431,0.1299663533732784,0.000840779142992,0.888698528424315,0.0002029185103068,0.0655687867978563,0.744738069547906,0.2297179975755858,0.3226759588743298,0.4795390312788146,0.3869585260674902,0.7122999315086683,0.3384193364242871,0.4399805827743853,0.572357103159748,0.5142012940582728,0.5506605763784594,0.1221470276265178,0.1282715225541673,0.1479051156907494,0.4534504804121283,0.4591042182441102,0.4313774227459992,0.75,43506
0,0,0.4866326999293595,-0.2896312917778125,0.0510803894426436,-0.8516609922317622,0.132484428370131,0.5715371617460968,0.0541864731373086,-0.1417806950288363,-0.4864685772839422,0.1846846336412927,-0.0009688720422725,0.4060468917952878,0.2341922650046989,0.5549974019961417,0.0140576463190273,0.3547591622186937,-0.4289470243255512,0.1273973104704045,0.0152293951960787,-0.4844704194330868,0.0027958011959606,0.1321402465769226,0.0524971529590221,0.998562894971431,0.1299663533732784,0.000840779142992,0.888698528424315,0.0002029185103068,0.0655687867978563,0.744738069547906,0.2297179975755858,0.3226759588743298,0.4795390312788146,0.3869585260674902,0.7122999315086683,0.3384193364242871,0.4399805827743853,0.572357103159748,0.5142012940582728,0.5506605763784594,0.1221470276265178,0.1282715225541673,0.1479051156907494,0.4534504804121283,0.4591042182441102,0.4313774227459992,0.75,43516
0,0,0.4866326999293595,-0.2896312917778125,0.0510803894426436,-0.8516609922317622,0.132484428370131,0.5715371617460968,0.0541864731373086,-0.1417806950288363,-0.4864685772839422,0.1846846336412927,-0.0009688720422725,0.4060468917952878,0.2341922650046989,0.5549974019961417,0.0140576463190273,0.3547591622186937,-0.4289470243255512,0.1273973104704045,0.0152293951960787,-0.4844704194330868,0.0027958011959606,0.1321402465769226,0.0524971529590221,0.998562894971431,0.1299663533732784,0.000840779142992,0.888698528424315,0.0002029185103068,0.0655687867978563,0.744738069547906,0.2297179975755858,0.3226759588743298,0.4795390312788146,0.3869585260674902,0.7122999315086683,0.3384193364242871,0.4399805827743853,0.572357103159748,0.5142012940582728,0.5506605763784594,0.1221470276265178,0.1282715225541673,0.1479051156907494,0.4534504804121283,0.4591042182441102,0.4313774227459992,0.75,43526
0,0,0.8611321369107228,-0.301765313277839,0.2117473313125712,-0.8501418016187574,0.7521058732402998,-0.1027081832994895,0.8487314495374609,-0.1405773520987076,-0.7614531420813382,0.3195284792462471,-0.4683383622028966,0.7007812987625246,0.797205673564499,0.6042248467728369,-0.0305665614562554,0.556618708774979,-0.7266260174938248,0.1404300000262652,-0.0909964321464445,-0.6106011249948362,0.0038035145228964,0.1318999270720717,0.0524298117699747,1.0,0.129918148463398,0.000411747047461,0.8906495881839059,0.0001,0.0669233232898114,0.7433629270429749,0.1477362283863928,0.0849414935212601,0.5211950576860817,0.2559109522357338,0.7577863878113864,0.1940930126760431,0.7380636312993897,0.6153528442287197,0.6228163957100423,0.5861793873806771,0.147043064999287,0.1764306161875003,0.1477649907541243,0.4539742404026295,0.4604631810018615,0.137491966583931,0.78,4353
0,0,0.4866326999293595,-0.2896312917778125,0.0510803894426436,-0.8516609922317622,0.132484428370131,0.5715371617460968,0.0541864731373086,-0.1417806950288363,-0.4864685772839422,0.1846846336412927,-0.0009688720422725,0.4060468917952878,0.2341922650046989,0.5549974019961417,0.0140576463190273,0.3547591622186937,-0.4289470243255512,0.1273973104704045,0.0152293951960787,-0.4844704194330868,0.0027958011959606,0.1321402465769226,0.0524971529590221,0.998562894971431,0.1299663533732784,0.000840779142992,0.888698528424315,0.0002029185103068,0.0655687867978563,0.744738069547906,0.2297179975755858,0.3226759588743298,0.4795390312788146,0.3869585260674902,0.7122999315086683,0.3384193364242871,0.4399805827743853,0.572357103159748,0.5142012940582728,0.5506605763784594,0.1221470276265178,0.1282715225541673,0.1479051156907494,0.4534504804121283,0.4591042182441102,0.4313774227459992,0.75,43536
0,0,0.4866326999293595,-0.2896312917778125,0.0510803894426436,-0.8516609922317622,0.132484428370131,0.5715371617460968,0.0541864731373086,-0.1417806950288363,-0.4864685772839422,0.1846846336412927,-0.0009688720422725,0.4060468917952878,0.2341922650046989,0.5549974019961417,0.0140576463190273,0.3547591622186937,-0.4289470243255512,0.1273973104704045,0.0152293951960787,-0.4844704194330868,0.0027958011959606,0.1321402465769226,0.0524971529590221,0.998562894971431,0.1299663533732784,0.000840779142992,0.888698528424315,0.0002029185103068,0.0655687867978563,0.744738069547906,0.2297179975755858,0.3226759588743298,0.4795390312788146,0.3869585260674902,0.7122999315086683,0.3384193364242871,0.4399805827743853,0.572357103159748,0.5142012940582728,0.5506605763784594,0.1221470276265178,0.1282715225541673,0.1479051156907494,0.4534504804121283,0.4591042182441102,0.4313774227459992,0.75,43546
0,0,0.4866326999293595,-0.2896312917778125,0.0510803894426436,-0.8516609922317622,0.132484428370131,0.5715371617460968,0.0541864731373086,-0.1417806950288363,-0.4864685772839422,0.1846846336412927,-0.0009688720422725,0.4060468917952878,0.2341922650046989,0.5549974019961417,0.0140576463190273,0.3547591622186937,-0.4289470243255512,0.1273973104704045,0.0152293951960787,-0.4844704194330868,0.0027958011959606,0.1321402465769226,0.0524971529590221,0.998562894971431,0.1299663533732784,0.000840779142992,0.888698528424315,0.0002029185103068,0.0655687867978563,0.744738069547906,0.2297179975755858,0.3226759588743298,0.4795390312788146,0.3869585260674902,0.7122999315086683,0.3384193364242871,0.4399805827743853,0.572357103159748,0.5142012940582728,0.5506605763784594,0.1221470276265178,0.1282715225541673,0.1479051156907494,0.4534504804121283,0.4591042182441102,0.4313774227459992,0.75,43556
0,0,0.4866326999293595,-0.2896312917778125,0.0510803894426436,-0.8516609922317622,0.132484428370131,0.5715371617460968,0.0541864731373086,-0.1417806950288363,-0.4864685772839422,0.1846846336412927,-0.0009688720422725,0.4060468917952878,0.2341922650046989,0.5549974019961417,0.0140576463190273,0.3547591622186937,-0.4289470243255512,0.1273973104704045,0.0152293951960787,-0.4844704194330868,0.0027958011959606,0.1321402465769226,0.0524971529590221,0.998562894971431,0.1299663533732784,0.000840779142992,0.888698528424315,0.0002029185103068,0.0655687867978563,0.744738069547906,0.2297179975755858,0.3226759588743298,0.4795390312788146,0.3869585260674902,0.7122999315086683,0.3384193364242871,0.4399805827743853,0.572357103159748,0.5142012940582728,0.5506605763784594,0.1221470276265178,0.1282715225541673,0.1479051156907494,0.4534504804121283,0.4591042182441102,0.4313774227459992,0.75,43566
0,0,0.4866326999293595,-0.2896312917778125,0.0510803894426436,-0.8516609922317622,0.132484428370131,0.5715371617460968,0.0541864731373086,-0.1417806950288363,-0.4864685772839422,0.1846846336412927,-0.0009688720422725,0.4060468917952878,0.2341922650046989,0.5549974019961417,0.0140576463190273,0.3547591622186937,-0.4289470243255512,0.1273973104704045,0.0152293951960787,-0.4844704194330868,0.0027958011959606,0.1321402465769226,0.0524971529590221,0.998562894971431,0.1299663533732784,0.000840779142992,0.888698528424315,0.0002029185103068,0.0655687867978563,0.744738069547906,0.2297179975755858,0.3226759588743298,0.4795390312788146,0.3869585260674902,0.7122999315086683,0.3384193364242871,0.4399805827743853,0.572357103159748,0.5142012940582728,0.5506605763784594,0.1221470276265178,0.1282715225541673,0.1479051156907494,0.4534504804121283,0.4591042182441102,0.4313774227459992,0.75,43577
0,0,0.4866326999293595,-0.2896312917778125,0.0510803894426436,-0.8516609922317622,0.132484428370131,0.5715371617460968,0.0541864731373086,-0.1417806950288363,-0.4864685772839422,0.1846846336412927,-0.0009688720422725,0.4060468917952878,0.2341922650046989,0.5549974019961417,0.0140576463190273,0.3547591622186937,-0.4289470243255512,0.1273973104704045,0.0152293951960787,-0.4844704194330868,0.0027958011959606,0.1321402465769226,0.0524971529590221,0.998562894971431,0.1299663533732784,0.000840779142992,0.888698528424315,0.0002029185103068,0.0655687867978563,0.744738069547906,0.2297179975755858,0.3226759588743298,0.4795390312788146,0.3869585260674902,0.7122999315086683,0.3384193364242871,0.4399805827743853,0.572357103159748,0.5142012940582728,0.5506605763784594,0.1221470276265178,0.1282715225541673,0.1479051156907494,0.4534504804121283,0.4591042182441102,0.4313774227459992,0.75,43587
0,0,0.4866326999293595,-0.2896312917778125,0.0510803894426436,-0.8516609922317622,0.132484428370131,0.5715371617460968,0.0541864731373086,-0.1417806950288363,-0.4864685772839422,0.1846846336412927,-0.0009688720422725,0.4060468917952878,0.2341922650046989,0.5549974019961417,0.0140576463190273,0.3547591622186937,-0.4289470243255512,0.1273973104704045,0.0152293951960787,-0.4844704194330868,0.0027958011959606,0.1321402465769226,0.0524971529590221,0.998562894971431,0.1299663533732784,0.000840779142992,0.888698528424315,0.0002029185103068,0.0655687867978563,0.744738069547906,0.2297179975755858,0.3226759588743298,0.4795390312788146,0.3869585260674902,0.7122999315086683,0.3384193364242871,0.4399805827743853,0.572357103159748,0.5142012940582728,0.5506605763784594,0.1221470276265178,0.1282715225541673,0.1479051156907494,0.4534504804121283,0.4591042182441102,0.4313774227459992,0.75,43597
0,0,0.4866326999293595,-0.2896312917778125,0.0510803894426436,-0.8516609922317622,0.132484428370131,0.5715371617460968,0.0541864731373086,-0.1417806950288363,-0.4864685772839422,0.1846846336412927,-0.0009688720422725,0.4060468917952878,0.2341922650046989,0.5549974019961417,0.0140576463190273,0.3547591622186937,-0.4289470243255512,0.1273973104704045,0.0152293951960787,-0.4844704194330868,0.0027958011959606,0.1321402465769226,0.0524971529590221,0.998562894971431,0.1299663533732784,0.000840779142992,0.888698528424315,0.0002029185103068,0.0655687867978563,0.744738069547906,0.2297179975755858,0.3226759588743298,0.4795390312788146,0.3869585260674902,0.7122999315086683,0.3384193364242871,0.4399805827743853,0.572357103159748,0.5142012940582728,0.5506605763784594,0.1221470276265178,0.1282715225541673,0.1479051156907494,0.4534504804121283,0.4591042182441102,0.4313774227459992,0.75,43607
0,0,0.4866326999293595,-0.2896312917778125,0.0510803894426436,-0.8516609922317622,0.132484428370131,0.5715371617460968,0.0541864731373086,-0.1417806950288363,-0.4864685772839422,0.1846846336412927,-0.0009688720422725,0.4060468917952878,0.2341922650046989,0.5549974019961417,0.0140576463190273,0.3547591622186937,-0.4289470243255512,0.1273973104704045,0.0152293951960787,-0.4844704194330868,0.0027958011959606,0.1321402465769226,0.0524971529590221,0.998562894971431,0.1299663533732784,0.000840779142992,0.888698528424315,0.0002029185103068,0.0655687867978563,0.744738069547906,0.2297179975755858,0.3226759588743298,0.4795390312788146,0.3869585260674902,0.7122999315086683,0.3384193364242871,0.4399805827743853,0.572357103159748,0.5142012940582728,0.5506605763784594,0.1221470276265178,0.1282715225541673,0.1479051156907494,0.4534504804121283,0.4591042182441102,0.4313774227459992,0.75,43617
0,0,0.4866326999293595,-0.2896312917778125,0.0510803894426436,-0.8516609922317622,0.132484428370131,0.5715371617460968,0.0541864731373086,-0.1417806950288363,-0.4864685772839422,0.1846846336412927,-0.0009688720422725,0.4060468917952878,0.2341922650046989,0.5549974019961417,0.0140576463190273,0.3547591622186937,-0.4289470243255512,0.1273973104704045,0.0152293951960787,-0.4844704194330868,0.0027958011959606,0.1321402465769226,0.0524971529590221,0.998562894971431,0.1299663533732784,0.000840779142992,0.888698528424315,0.0002029185103068,0.0655687867978563,0.744738069547906,0.2297179975755858,0.3226759588743298,0.4795390312788146,0.3869585260674902,0.7122999315086683,0.3384193364242871,0.4399805827743853,0.572357103159748,0.5142012940582728,0.5506605763784594,0.1221470276265178,0.1282715225541673,0.1479051156907494,0.4534504804121283,0.4591042182441102,0.4313774227459992,0.75,43636
0,0,0.4866326999293595,-0.2896312917778125,0.0510803894426436,-0.8516609922317622,0.132484428370131,0.5715371617460968,0.0541864731373086,-0.1417806950288363,-0.4864685772839422,0.1846846336412927,-0.0009688720422725,0.4060468917952878,0.2341922650046989,0.5549974019961417,0.0140576463190273,0.3547591622186937,-0.4289470243255512,0.1273973104704045,0.0152293951960787,-0.4844704194330868,0.0027958011959606,0.1321402465769226,0.0524971529590221,0.998562894971431,0.1299663533732784,0.000840779142992,0.888698528424315,0.0002029185103068,0.0655687867978563,0.744738069547906,0.2297179975755858,0.3226759588743298,0.4795390312788146,0.3869585260674902,0.7122999315086683,0.3384193364242871,0.4399805827743853,0.572357103159748,0.5142012940582728,0.5506605763784594,0.1221470276265178,0.1282715225541673,0.1479051156907494,0.4534504804121283,0.4591042182441102,0.4313774227459992,0.75,43647
0,0,0.4866326999293595,-0.2896312917778125,0.0510803894426436,-0.8516609922317622,0.132484428370131,0.5715371617460968,0.0541864731373086,-0.1417806950288363,-0.4864685772839422,0.1846846336412927,-0.0009688720422725,0.4060468917952878,0.2341922650046989,0.5549974019961417,0.0140576463190273,0.3547591622186937,-0.4289470243255512,0.1273973104704045,0.0152293951960787,-0.4844704194330868,0.0027958011959606,0.1321402465769226,0.0524971529590221,0.998562894971431,0.1299663533732784,0.000840779142992,0.888698528424315,0.0002029185103068,0.0655687867978563,0.744738069547906,0.2297179975755858,0.3226759588743298,0.4795390312788146,0.3869585260674902,0.7122999315086683,0.3384193364242871,0.4399805827743853,0.572357103159748,0.5142012940582728,0.5506605763784594,0.1221470276265178,0.1282715225541673,0.1479051156907494,0.4534504804121283,0.4591042182441102,0.4313774227459992,0.75,43657
0,0,0.4866326999293595,-0.2896312917778125,0.0510803894426436,-0.8516609922317622,0.132484428370131,0.5715371617460968,0.0541864731373086,-0.1417806950288363,-0.4864685772839422,0.1846846336412927,-0.0009688720422725,0.4060468917952878,0.2341922650046989,0.5549974019961417,0.0140576463190273,0.3547591622186937,-0.4289470243255512,0.1273973104704045,0.0152293951960787,-0.4844704194330868,0.0027958011959606,0.1321402465769226,0.0524971529590221,0.998562894971431,0.1299663533732784,0.000840779142992,0.888698528424315,0.0002029185103068,0.0655687867978563,0.744738069547906,0.2297179975755858,0.3226759588743298,0.4795390312788146,0.3869585260674902,0.7122999315086683,0.3384193364242871,0.4399805827743853,0.572357103159748,0.5142012940582728,0.5506605763784594,0.1221470276265178,0.1282715225541673,0.1479051156907494,0.4534504804121283,0.4591042182441102,0.4313774227459992,0.75,43667
0,0,0.4866326999293595,-0.2896312917778125,0.0510803894426436,-0.8516609922317622,0.132484428370131,0.5715371617460968,0.0541864731373086,-0.1417806950288363,-0.4864685772839422,0.1846846336412927,-0.0009688720422725,0.4060468917952878,0.2341922650046989,0.5549974019961417,0.0140576463190273,0.3547591622186937,-0.4289470243255512,0.1273973104704045,0.0152293951960787,-0.4844704194330868,0.0027958011959606,0.1321402465769226,0.0524971529590221,0.998562894971431,0.1299663533732784,0.000840779142992,0.888698528424315,0.0002029185103068,0.0655687867978563,0.744738069547906,0.2297179975755858,0.3226759588743298,0.4795390312788146,0.3869585260674902,0.7122999315086683,0.3384193364242871,0.4399805827743853,0.572357103159748,0.5142012940582728,0.5506605763784594,0.1221470276265178,0.1282715225541673,0.1479051156907494,0.4534504804121283,0.4591042182441102,0.4313774227459992,0.75,43677
0,0,0.4866326999293595,-0.2896312917778125,0.0510803894426436,-0.8516609922317622,0.132484428370131,0.5715371617460968,0.0541864731373086,-0.1417806950288363,-0.4864685772839422,0.1846846336412927,-0.0009688720422725,0.4060468917952878,0.2341922650046989,0.5549974019961417,0.0140576463190273,0.3547591622186937,-0.4289470243255512,0.1273973104704045,0.0152293951960787,-0.4844704194330868,0.0027958011959606,0.1321402465769226,0.0524971529590221,0.998562894971431,0.1299663533732784,0.000840779142992,0.888698528424315,0.0002029185103068,0.0655687867978563,0.744738069547906,0.2297179975755858,0.3226759588743298,0.4795390312788146,0.3869585260674902,0.7122999315086683,0.3384193364242871,0.4399805827743853,0.572357103159748,0.5142012940582728,0.5506605763784594,0.1221470276265178,0.1282715225541673,0.1479051156907494,0.4534504804121283,0.4591042182441102,0.4313774227459992,0.75,43687
0,0,0.4866326999293595,-0.2896312917778125,0.0510803894426436,-0.8516609922317622,0.132484428370131,0.5715371617460968,0.0541864731373086,-0.1417806950288363,-0.4864685772839422,0.1846846336412927,-0.0009688720422725,0.4060468917952878,0.2341922650046989,0.5549974019961417,0.0140576463190273,0.3547591622186937,-0.4289470243255512,0.1273973104704045,0.0152293951960787,-0.4844704194330868,0.0027958011959606,0.1321402465769226,0.0524971529590221,0.998562894971431,0.1299663533732784,0.000840779142992,0.888698528424315,0.0002029185103068,0.0655687867978563,0.744738069547906,0.2297179975755858,0.3226759588743298,0.4795390312788146,0.3869585260674902,0.7122999315086683,0.3384193364242871,0.4399805827743853,0.572357103159748,0.5142012940582728,0.5506605763784594,0.1221470276265178,0.1282715225541673,0.1479051156907494,0.4534504804121283,0.4591042182441102,0.4313774227459992,0.75,43697
0,0,0.4866326999293595,-0.2896312917778125,0.0510803894426436,-0.8516609922317622,0.132484428370131,0.5715371617460968,0.0541864731373086,-0.1417806950288363,-0.4864685772839422,0.1846846336412927,-0.0009688720422725,0.4060468917952878,0.2341922650046989,0.5549974019961417,0.0140576463190273,0.3547591622186937,-0.4289470243255512,0.1273973104704045,0.0152293951960787,-0.4844704194330868,0.0027958011959606,0.1321402465769226,0.0524971529590221,0.998562894971431,0.1299663533732784,0.000840779142992,0.888698528424315,0.0002029185103068,0.0655687867978563,0.744738069547906,0.2297179975755858,0.3226759588743298,0.4795390312788146,0.3869585260674902,0.7122999315086683,0.3384193364242871,0.4399805827743853,0.572357103159748,0.5142012940582728,0.5506605763784594,0.1221470276265178,0.1282715225541673,0.1479051156907494,0.4534504804121283,0.4591042182441102,0.4313774227459992,0.75,43707
0,0,0.4866326999293595,-0.2896312917778125,0.0510803894426436,-0.8516609922317622,0.132484428370131,0.5715371617460968,0.0541864731373086,-0.1417806950288363,-0.4864685772839422,0.1846846336412927,-0.0009688720422725,0.4060468917952878,0.2341922650046989,0.5549974019961417,0.0140576463190273,0.3547591622186937,-0.4289470243255512,0.1273973104704045,0.0152293951960787,-0.4844704194330868,0.0027958011959606,0.1321402465769226,0.0524971529590221,0.998562894971431,0.1299663533732784,0.000840779142992,0.888698528424315,0.0002029185103068,0.0655687867978563,0.744738069547906,0.2297179975755858,0.3226759588743298,0.4795390312788146,0.3869585260674902,0.7122999315086683,0.3384193364242871,0.4399805827743853,0.572357103159748,0.5142012940582728,0.5506605763784594,0.1221470276265178,0.1282715225541673,0.1479051156907494,0.4534504804121283,0.4591042182441102,0.4313774227459992,0.75,43717
0,0,0.4866326999293595,-0.2896312917778125,0.0510803894426436,-0.8516609922317622,0.132484428370131,0.5715371617460968,0.0541864731373086,-0.1417806950288363,-0.4864685772839422,0.1846846336412927,-0.0009688720422725,0.4060468917952878,0.2341922650046989,0.5549974019961417,0.0140576463190273,0.3547591622186937,-0.4289470243255512,0.1273973104704045,0.0152293951960787,-0.4844704194330868,0.0027958011959606,0.1321402465769226,0.0524971529590221,0.998562894971431,0.1299663533732784,0.000840779142992,0.888698528424315,0.0002029185103068,0.0655687867978563,0.744738069547906,0.2297179975755858,0.3226759588743298,0.4795390312788146,0.3869585260674902,0.7122999315086683,0.3384193364242871,0.4399805827743853,0.572357103159748,0.5142012940582728,0.5506605763784594,0.1221470276265178,0.1282715225541673,0.1479051156907494,0.4534504804121283,0.4591042182441102,0.4313774227459992,0.75,43727
0,0,0.4866326999293595,-0.2896312917778125,0.0510803894426436,-0.8516609922317622,0.132484428370131,0.5715371617460968,0.0541864731373086,-0.1417806950288363,-0.4864685772839422,0.1846846336412927,-0.0009688720422725,0.4060468917952878,0.2341922650046989,0.5549974019961417,0.0140576463190273,0.3547591622186937,-0.4289470243255512,0.1273973104704045,0.0152293951960787,-0.4844704194330868,0.0027958011959606,0.1321402465769226,0.0524971529590221,0.998562894971431,0.1299663533732784,0.000840779142992,0.888698528424315,0.0002029185103068,0.0655687867978563,0.744738069547906,0.2297179975755858,0.3226759588743298,0.4795390312788146,0.3869585260674902,0.7122999315086683,0.3384193364242871,0.4399805827743853,0.572357103159748,0.5142012940582728,0.5506605763784594,0.1221470276265178,0.1282715225541673,0.1479051156907494,0.4534504804121283,0.4591042182441102,0.4313774227459992,0.75,43737
0,0,0.4866326999293595,-0.2896312917778125,0.0510803894426436,-0.8516609922317622,0.132484428370131,0.5715371617460968,0.0541864731373086,-0.1417806950288363,-0.4864685772839422,0.1846846336412927,-0.0009688720422725,0.4060468917952878,0.2341922650046989,0.5549974019961417,0.0140576463190273,0.3547591622186937,-0.4289470243255512,0.1273973104704045,0.0152293951960787,-0.4844704194330868,0.0027958011959606,0.1321402465769226,0.0524971529590221,0.998562894971431,0.1299663533732784,0.000840779142992,0.888698528424315,0.0002029185103068,0.0655687867978563,0.744738069547906,0.2297179975755858,0.3226759588743298,0.4795390312788146,0.3869585260674902,0.7122999315086683,0.3384193364242871,0.4399805827743853,0.572357103159748,0.5142012940582728,0.5506605763784594,0.1221470276265178,0.1282715225541673,0.1479051156907494,0.4534504804121283,0.4591042182441102,0.4313774227459992,0.75,43748
0,0,0.4866326999293595,-0.2896312917778125,0.0510803894426436,-0.8516609922317622,0.132484428370131,0.5715371617460968,0.0541864731373086,-0.1417806950288363,-0.4864685772839422,0.1846846336412927,-0.0009688720422725,0.4060468917952878,0.2341922650046989,0.5549974019961417,0.0140576463190273,0.3547591622186937,-0.4289470243255512,0.1273973104704045,0.0152293951960787,-0.4844704194330868,0.0027958011959606,0.1321402465769226,0.0524971529590221,0.998562894971431,0.1299663533732784,0.000840779142992,0.888698528424315,0.0002029185103068,0.0655687867978563,0.744738069547906,0.2297179975755858,0.3226759588743298,0.4795390312788146,0.3869585260674902,0.7122999315086683,0.3384193364242871,0.4399805827743853,0.572357103159748,0.5142012940582728,0.5506605763784594,0.1221470276265178,0.1282715225541673,0.1479051156907494,0.4534504804121283,0.4591042182441102,0.4313774227459992,0.75,43758
0,0,0.4866326999293595,-0.2896312917778125,0.0510803894426436,-0.8516609922317622,0.132484428370131,0.5715371617460968,0.0541864731373086,-0.1417806950288363,-0.4864685772839422,0.1846846336412927,-0.0009688720422725,0.4060468917952878,0.2341922650046989,0.5549974019961417,0.0140576463190273,0.3547591622186937,-0.4289470243255512,0.1273973104704045,0.0152293951960787,-0.4844704194330868,0.0027958011959606,0.1321402465769226,0.0524971529590221,0.998562894971431,0.1299663533732784,0.000840779142992,0.888698528424315,0.0002029185103068,0.0655687867978563,0.744738069547906,0.2297179975755858,0.3226759588743298,0.4795390312788146,0.3869585260674902,0.7122999315086683,0.3384193364242871,0.4399805827743853,0.572357103159748,0.5142012940582728,0.5506605763784594,0.1221470276265178,0.1282715225541673,0.1479051156907494,0.4534504804121283,0.4591042182441102,0.4313774227459992,0.75,43769
0,0,0.4866326999293595,-0.2896312917778125,0.0510803894426436,-0.8516609922317622,0.132484428370131,0.5715371617460968,0.0541864731373086,-0.1417806950288363,-0.4864685772839422,0.1846846336412927,-0.0009688720422725,0.4060468917952878,0.2341922650046989,0.5549974019961417,0.0140576463190273,0.3547591622186937,-0.4289470243255512,0.1273973104704045,0.0152293951960787,-0.4844704194330868,0.0027958011959606,0.1321402465769226,0.0524971529590221,0.998562894971431,0.1299663533732784,0.000840779142992,0.888698528424315,0.0002029185103068,0.0655687867978563,0.744738069547906,0.2297179975755858,0.3226759588743298,0.4795390312788146,0.3869585260674902,0.7122999315086683,0.3384193364242871,0.4399805827743853,0.572357103159748,0.5142012940582728,0.5506605763784594,0.1221470276265178,0.1282715225541673,0.1479051156907494,0.4534504804121283,0.4591042182441102,0.4313774227459992,0.75,43779
0,0,0.4866326999293595,-0.2896312917778125,0.0510803894426436,-0.8516609922317622,0.132484428370131,0.5715371617460968,0.0541864731373086,-0.1417806950288363,-0.4864685772839422,0.1846846336412927,-0.0009688720422725,0.4060468917952878,0.2341922650046989,0.5549974019961417,0.0140576463190273,0.3547591622186937,-0.4289470243255512,0.1273973104704045,0.0152293951960787,-0.4844704194330868,0.0027958011959606,0.1321402465769226,0.0524971529590221,0.998562894971431,0.1299663533732784,0.000840779142992,0.888698528424315,0.0002029185103068,0.0655687867978563,0.744738069547906,0.2297179975755858,0.3226759588743298,0.4795390312788146,0.3869585260674902,0.7122999315086683,0.3384193364242871,0.4399805827743853,0.572357103159748,0.5142012940582728,0.5506605763784594,0.1221470276265178,0.1282715225541673,0.1479051156907494,0.4534504804121283,0.4591042182441102,0.4313774227459992,0.75,43789
0,0,0.4866326999293595,-0.2896312917778125,0.0510803894426436,-0.8516609922317622,0.132484428370131,0.5715371617460968,0.0541864731373086,-0.1417806950288363,-0.4864685772839422,0.1846846336412927,-0.0009688720422725,0.4060468917952878,0.2341922650046989,0.5549974019961417,0.0140576463190273,0.3547591622186937,-0.4289470243255512,0.1273973104704045,0.0152293951960787,-0.4844704194330868,0.0027958011959606,0.1321402465769226,0.0524971529590221,0.998562894971431,0.1299663533732784,0.000840779142992,0.888698528424315,0.0002029185103068,0.0655687867978563,0.744738069547906,0.2297179975755858,0.3226759588743298,0.4795390312788146,0.3869585260674902,0.7122999315086683,0.3384193364242871,0.4399805827743853,0.572357103159748,0.5142012940582728,0.5506605763784594,0.1221470276265178,0.1282715225541673,0.1479051156907494,0.4534504804121283,0.4591042182441102,0.4313774227459992,0.75,43799
0,0,0.4866326999293595,-0.2896312917778125,0.0510803894426436,-0.8516609922317622,0.132484428370131,0.5715371617460968,0.0541864731373086,-0.1417806950288363,-0.4864685772839422,0.1846846336412927,-0.0009688720422725,0.4060468917952878,0.2341922650046989,0.5549974019961417,0.0140576463190273,0.3547591622186937,-0.4289470243255512,0.1273973104704045,0.0152293951960787,-0.4844704194330868,0.0027958011959606,0.1321402465769226,0.0524971529590221,0.998562894971431,0.1299663533732784,0.000840779142992,0.888698528424315,0.0002029185103068,0.0655687867978563,0.744738069547906,0.2297179975755858,0.3226759588743298,0.4795390312788146,0.3869585260674902,0.7122999315086683,0.3384193364242871,0.4399805827743853,0.572357103159748,0.5142012940582728,0.5506605763784594,0.1221470276265178,0.1282715225541673,0.1479051156907494,0.4534504804121283,0.4591042182441102,0.4313774227459992,0.75,43809
0,0,0.4866326999293595,-0.2896312917778125,0.0510803894426436,-0.8516609922317622,0.132484428370131,0.5715371617460968,0.0541864731373086,-0.1417806950288363,-0.4864685772839422,0.1846846336412927,-0.0009688720422725,0.4060468917952878,0.2341922650046989,0.5549974019961417,0.0140576463190273,0.3547591622186937,-0.4289470243255512,0.1273973104704045,0.0152293951960787,-0.4844704194330868,0.0027958011959606,0.1321402465769226,0.0524971529590221,0.998562894971431,0.1299663533732784,0.000840779142992,0.888698528424315,0.0002029185103068,0.0655687867978563,0.744738069547906,0.2297179975755858,0.3226759588743298,0.4795390312788146,0.3869585260674902,0.7122999315086683,0.3384193364242871,0.4399805827743853,0.572357103159748,0.5142012940582728,0.5506605763784594,0.1221470276265178,0.1282715225541673,0.1479051156907494,0.4534504804121283,0.4591042182441102,0.4313774227459992,0.75,43819
0,0,0.4866326999293595,-0.2896312917778125,0.0510803894426436,-0.8516609922317622,0.132484428370131,0.5715371617460968,0.0541864731373086,-0.1417806950288363,-0.4864685772839422,0.1846846336412927,-0.0009688720422725,0.4060468917952878,0.2341922650046989,0.5549974019961417,0.0140576463190273,0.3547591622186937,-0.4289470243255512,0.1273973104704045,0.0152293951960787,-0.4844704194330868,0.0027958011959606,0.1321402465769226,0.0524971529590221,0.998562894971431,0.1299663533732784,0.000840779142992,0.888698528424315,0.0002029185103068,0.0655687867978563,0.744738069547906,0.2297179975755858,0.3226759588743298,0.4795390312788146,0.3869585260674902,0.7122999315086683,0.3384193364242871,0.4399805827743853,0.572357103159748,0.5142012940582728,0.5506605763784594,0.1221470276265178,0.1282715225541673,0.1479051156907494,0.4534504804121283,0.4591042182441102,0.4313774227459992,0.75,43830
0,0,0.4866326999293595,-0.2896312917778125,0.0510803894426436,-0.8516609922317622,0.132484428370131,0.5715371617460968,0.0541864731373086,-0.1417806950288363,-0.4864685772839422,0.1846846336412927,-0.0009688720422725,0.4060468917952878,0.2341922650046989,0.5549974019961417,0.0140576463190273,0.3547591622186937,-0.4289470243255512,0.1273973104704045,0.0152293951960787,-0.4844704194330868,0.0027958011959606,0.1321402465769226,0.0524971529590221,0.998562894971431,0.1299663533732784,0.000840779142992,0.888698528424315,0.0002029185103068,0.0655687867978563,0.744738069547906,0.2297179975755858,0.3226759588743298,0.4795390312788146,0.3869585260674902,0.7122999315086683,0.3384193364242871,0.4399805827743853,0.572357103159748,0.5142012940582728,0.5506605763784594,0.1221470276265178,0.1282715225541673,0.1479051156907494,0.4534504804121283,0.4591042182441102,0.4313774227459992,0.75,43841
0,0,0.4866326999293595,-0.2896312917778125,0.0510803894426436,-0.8516609922317622,0.132484428370131,0.5715371617460968,0.0541864731373086,-0.1417806950288363,-0.4864685772839422,0.1846846336412927,-0.0009688720422725,0.4060468917952878,0.2341922650046989,0.5549974019961417,0.0140576463190273,0.3547591622186937,-0.4289470243255512,0.1273973104704045,0.0152293951960787,-0.4844704194330868,0.0027958011959606,0.1321402465769226,0.0524971529590221,0.998562894971431,0.1299663533732784,0.000840779142992,0.888698528424315,0.0002029185103068,0.0655687867978563,0.744738069547906,0.2297179975755858,0.3226759588743298,0.4795390312788146,0.3869585260674902,0.7122999315086683,0.3384193364242871,0.4399805827743853,0.572357103159748,0.5142012940582728,0.5506605763784594,0.1221470276265178,0.1282715225541673,0.1479051156907494,0.4534504804121283,0.4591042182441102,0.4313774227459992,0.75,43851
0,0,0.4866326999293595,-0.2896312917778125,0.0510803894426436,-0.8516609922317622,0.132484428370131,0.5715371617460968,0.0541864731373086,-0.1417806950288363,-0.4864685772839422,0.1846846336412927,-0.0009688720422725,0.4060468917952878,0.2341922650046989,0.5549974019961417,0.0140576463190273,0.3547591622186937,-0.4289470243255512,0.1273973104704045,0.0152293951960787,-0.4844704194330868,0.0027958011959606,0.1321402465769226,0.0524971529590221,0.998562894971431,0.1299663533732784,0.000840779142992,0.888698528424315,0.0002029185103068,0.0655687867978563,0.744738069547906,0.2297179975755858,0.3226759588743298,0.4795390312788146,0.3869585260674902,0.7122999315086683,0.3384193364242871,0.4399805827743853,0.572357103159748,0.5142012940582728,0.5506605763784594,0.1221470276265178,0.1282715225541673,0.1479051156907494,0.4534504804121283,0.4591042182441102,0.4313774227459992,0.75,43862
0,0,0.4866326999293595,-0.2896312917778125,0.0510803894426436,-0.8516609922317622,0.132484428370131,0.5715371617460968,0.0541864731373086,-0.1417806950288363,-0.4864685772839422,0.1846846336412927,-0.0009688720422725,0.4060468917952878,0.2341922650046989,0.5549974019961417,0.0140576463190273,0.3547591622186937,-0.4289470243255512,0.1273973104704045,0.0152293951960787,-0.4844704194330868,0.0027958011959606,0.1321402465769226,0.0524971529590221,0.998562894971431,0.1299663533732784,0.000840779142992,0.888698528424315,0.0002029185103068,0.0655687867978563,0.744738069547906,0.2297179975755858,0.3226759588743298,0.4795390312788146,0.3869585260674902,0.7122999315086683,0.3384193364242871,0.4399805827743853,0.572357103159748,0.5142012940582728,0.5506605763784594,0.1221470276265178,0.1282715225541673,0.1479051156907494,0.4534504804121283,0.4591042182441102,0.4313774227459992,0.75,43873
0,0,0.4866326999293595,-0.2896312917778125,0.0510803894426436,-0.8516609922317622,0.132484428370131,0.5715371617460968,0.0541864731373086,-0.1417806950288363,-0.4864685772839422,0.1846846336412927,-0.0009688720422725,0.4060468917952878,0.2341922650046989,0.5549974019961417,0.0140576463190273,0.3547591622186937,-0.4289470243255512,0.1273973104704045,0.0152293951960787,-0.4844704194330868,0.0027958011959606,0.1321402465769226,0.0524971529590221,0.998562894971431,0.1299663533732784,0.000840779142992,0.888698528424315,0.0002029185103068,0.0655687867978563,0.744738069547906,0.2297179975755858,0.3226759588743298,0.4795390312788146,0.3869585260674902,0.7122999315086683,0.3384193364242871,0.4399805827743853,0.572357103159748,0.5142012940582728,0.5506605763784594,0.1221470276265178,0.1282715225541673,0.1479051156907494,0.4534504804121283,0.4591042182441102,0.4313774227459992,0.75,43891
0,0,0.4866326999293595,-0.2896312917778125,0.0510803894426436,-0.8516609922317622,0.132484428370131,0.5715371617460968,0.0541864731373086,-0.1417806950288363,-0.4864685772839422,0.1846846336412927,-0.0009688720422725,0.4060468917952878,0.2341922650046989,0.5549974019961417,0.0140576463190273,0.3547591622186937,-0.4289470243255512,0.1273973104704045,0.0152293951960787,-0.4844704194330868,0.0027958011959606,0.1321402465769226,0.0524971529590221,0.998562894971431,0.1299663533732784,0.000840779142992,0.888698528424315,0.0002029185103068,0.0655687867978563,0.744738069547906,0.2297179975755858,0.3226759588743298,0.4795390312788146,0.3869585260674902,0.7122999315086683,0.3384193364242871,0.4399805827743853,0.572357103159748,0.5142012940582728,0.5506605763784594,0.1221470276265178,0.1282715225541673,0.1479051156907494,0.4534504804121283,0.4591042182441102,0.4313774227459992,0.75,43901
0,0,0.4866326999293595,-0.2896312917778125,0.0510803894426436,-0.8516609922317622,0.132484428370131,0.5715371617460968,0.0541864731373086,-0.1417806950288363,-0.4864685772839422,0.1846846336412927,-0.0009688720422725,0.4060468917952878,0.2341922650046989,0.5549974019961417,0.0140576463190273,0.3547591622186937,-0.4289470243255512,0.1273973104704045,0.0152293951960787,-0.4844704194330868,0.0027958011959606,0.1321402465769226,0.0524971529590221,0.998562894971431,0.1299663533732784,0.000840779142992,0.888698528424315,0.0002029185103068,0.0655687867978563,0.744738069547906,0.2297179975755858,0.3226759588743298,0.4795390312788146,0.3869585260674902,0.7122999315086683,0.3384193364242871,0.4399805827743853,0.572357103159748,0.5142012940582728,0.5506605763784594,0.1221470276265178,0.1282715225541673,0.1479051156907494,0.4534504804121283,0.4591042182441102,0.4313774227459992,0.75,43911
0,0,0.4866326999293595,-0.2896312917778125,0.0510803894426436,-0.8516609922317622,0.132484428370131,0.5715371617460968,0.0541864731373086,-0.1417806950288363,-0.4864685772839422,0.1846846336412927,-0.0009688720422725,0.4060468917952878,0.2341922650046989,0.5549974019961417,0.0140576463190273,0.3547591622186937,-0.4289470243255512,0.1273973104704045,0.0152293951960787,-0.4844704194330868,0.0027958011959606,0.1321402465769226,0.0524971529590221,0.998562894971431,0.1299663533732784,0.000840779142992,0.888698528424315,0.0002029185103068,0.0655687867978563,0.744738069547906,0.2297179975755858,0.3226759588743298,0.4795390312788146,0.3869585260674902,0.7122999315086683,0.3384193364242871,0.4399805827743853,0.572357103159748,0.5142012940582728,0.5506605763784594,0.1221470276265178,0.1282715225541673,0.1479051156907494,0.4534504804121283,0.4591042182441102,0.4313774227459992,0.75,43930
0,0,0.4866326999293595,-0.2896312917778125,0.0510803894426436,-0.8516609922317622,0.132484428370131,0.5715371617460968,0.0541864731373086,-0.1417806950288363,-0.4864685772839422,0.1846846336412927,-0.0009688720422725,0.4060468917952878,0.2341922650046989,0.5549974019961417,0.0140576463190273,0.3547591622186937,-0.4289470243255512,0.1273973104704045,0.0152293951960787,-0.4844704194330868,0.0027958011959606,0.1321402465769226,0.0524971529590221,0.998562894971431,0.1299663533732784,0.000840779142992,0.888698528424315,0.0002029185103068,0.0655687867978563,0.744738069547906,0.2297179975755858,0.3226759588743298,0.4795390312788146,0.3869585260674902,0.7122999315086683,0.3384193364242871,0.4399805827743853,0.572357103159748,0.5142012940582728,0.5506605763784594,0.1221470276265178,0.1282715225541673,0.1479051156907494,0.4534504804121283,0.4591042182441102,0.4313774227459992,0.75,43940
0,0,0.4866326999293595,-0.2896312917778125,0.0510803894426436,-0.8516609922317622,0.132484428370131,0.5715371617460968,0.0541864731373086,-0.1417806950288363,-0.4864685772839422,0.1846846336412927,-0.0009688720422725,0.4060468917952878,0.2341922650046989,0.5549974019961417,0.0140576463190273,0.3547591622186937,-0.4289470243255512,0.1273973104704045,0.0152293951960787,-0.4844704194330868,0.0027958011959606,0.1321402465769226,0.0524971529590221,0.998562894971431,0.1299663533732784,0.000840779142992,0.888698528424315,0.0002029185103068,0.0655687867978563,0.744738069547906,0.2297179975755858,0.3226759588743298,0.4795390312788146,0.3869585260674902,0.7122999315086683,0.3384193364242871,0.4399805827743853,0.572357103159748,0.5142012940582728,0.5506605763784594,0.1221470276265178,0.1282715225541673,0.1479051156907494,0.4534504804121283,0.4591042182441102,0.4313774227459992,0.75,43950
0,0,0.4866326999293595,-0.2896312917778125,0.0510803894426436,-0.8516609922317622,0.132484428370131,0.5715371617460968,0.0541864731373086,-0.1417806950288363,-0.4864685772839422,0.1846846336412927,-0.0009688720422725,0.4060468917952878,0.2341922650046989,0.5549974019961417,0.0140576463190273,0.3547591622186937,-0.4289470243255512,0.1273973104704045,0.0152293951960787,-0.4844704194330868,0.0027958011959606,0.1321402465769226,0.0524971529590221,0.998562894971431,0.1299663533732784,0.000840779142992,0.888698528424315,0.0002029185103068,0.0655687867978563,0.744738069547906,0.2297179975755858,0.3226759588743298,0.4795390312788146,0.3869585260674902,0.7122999315086683,0.3384193364242871,0.4399805827743853,0.572357103159748,0.5142012940582728,0.5506605763784594,0.1221470276265178,0.1282715225541673,0.1479051156907494,0.4534504804121283,0.4591042182441102,0.4313774227459992,0.75,43969
0,0,0.4866326999293595,-0.2896312917778125,0.0510803894426436,-0.8516609922317622,0.132484428370131,0.5715371617460968,0.0541864731373086,-0.1417806950288363,-0.4864685772839422,0.1846846336412927,-0.0009688720422725,0.4060468917952878,0.2341922650046989,0.5549974019961417,0.0140576463190273,0.3547591622186937,-0.4289470243255512,0.1273973104704045,0.0152293951960787,-0.4844704194330868,0.0027958011959606,0.1321402465769226,0.0524971529590221,0.998562894971431,0.1299663533732784,0.000840779142992,0.888698528424315,0.0002029185103068,0.0655687867978563,0.744738069547906,0.2297179975755858,0.3226759588743298,0.4795390312788146,0.3869585260674902,0.7122999315086683,0.3384193364242871,0.4399805827743853,0.572357103159748,0.5142012940582728,0.5506605763784594,0.1221470276265178,0.1282715225541673,0.1479051156907494,0.4534504804121283,0.4591042182441102,0.4313774227459992,0.75,43979
0,0,0.4866326999293595,-0.2896312917778125,0.0510803894426436,-0.8516609922317622,0.132484428370131,0.5715371617460968,0.0541864731373086,-0.1417806950288363,-0.4864685772839422,0.1846846336412927,-0.0009688720422725,0.4060468917952878,0.2341922650046989,0.5549974019961417,0.0140576463190273,0.3547591622186937,-0.4289470243255512,0.1273973104704045,0.0152293951960787,-0.4844704194330868,0.0027958011959606,0.1321402465769226,0.0524971529590221,0.998562894971431,0.1299663533732784,0.000840779142992,0.888698528424315,0.0002029185103068,0.0655687867978563,0.744738069547906,0.2297179975755858,0.3226759588743298,0.4795390312788146,0.3869585260674902,0.7122999315086683,0.3384193364242871,0.4399805827743853,0.572357103159748,0.5142012940582728,0.5506605763784594,0.1221470276265178,0.1282715225541673,0.1479051156907494,0.4534504804121283,0.4591042182441102,0.4313774227459992,0.75,43989
0,0,0.4866326999293595,-0.2896312917778125,0.0510803894426436,-0.8516609922317622,0.132484428370131,0.5715371617460968,0.0541864731373086,-0.1417806950288363,-0.4864685772839422,0.1846846336412927,-0.0009688720422725,0.4060468917952878,0.2341922650046989,0.5549974019961417,0.0140576463190273,0.3547591622186937,-0.4289470243255512,0.1273973104704045,0.0152293951960787,-0.4844704194330868,0.0027958011959606,0.1321402465769226,0.0524971529590221,0.998562894971431,0.1299663533732784,0.000840779142992,0.888698528424315,0.0002029185103068,0.0655687867978563,0.744738069547906,0.2297179975755858,0.3226759588743298,0.4795390312788146,0.3869585260674902,0.7122999315086683,0.3384193364242871,0.4399805827743853,0.572357103159748,0.5142012940582728,0.5506605763784594,0.1221470276265178,0.1282715225541673,0.1479051156907494,0.4534504804121283,0.4591042182441102,0.4313774227459992,0.75,43999
0,0,0.4866326999293595,-0.2896312917778125,0.0510803894426436,-0.8516609922317622,0.132484428370131,0.5715371617460968,0.0541864731373086,-0.1417806950288363,-0.4864685772839422,0.1846846336412927,-0.0009688720422725,0.4060468917952878,0.2341922650046989,0.5549974019961417,0.0140576463190273,0.3547591622186937,-0.4289470243255512,0.1273973104704045,0.0152293951960787,-0.4844704194330868,0.0027958011959606,0.1321402465769226,0.0524971529590221,0.998562894971431,0.1299663533732784,0.000840779142992,0.888698528424315,0.0002029185103068,0.0655687867978563,0.744738069547906,0.2297179975755858,0.3226759588743298,0.4795390312788146,0.3869585260674902,0.7122999315086683,0.3384193364242871,0.4399805827743853,0.572357103159748,0.5142012940582728,0.5506605763784594,0.1221470276265178,0.1282715225541673,0.1479051156907494,0.4534504804121283,0.4591042182441102,0.4313774227459992,0.75,44009
0,0,0.4866326999293595,-0.2896312917778125,0.0510803894426436,-0.8516609922317622,0.132484428370131,0.5715371617460968,0.0541864731373086,-0.1417806950288363,-0.4864685772839422,0.1846846336412927,-0.0009688720422725,0.4060468917952878,0.2341922650046989,0.5549974019961417,0.0140576463190273,0.3547591622186937,-0.4289470243255512,0.1273973104704045,0.0152293951960787,-0.4844704194330868,0.0027958011959606,0.1321402465769226,0.0524971529590221,0.998562894971431,0.1299663533732784,0.000840779142992,0.888698528424315,0.0002029185103068,0.0655687867978563,0.744738069547906,0.2297179975755858,0.3226759588743298,0.4795390312788146,0.3869585260674902,0.7122999315086683,0.3384193364242871,0.4399805827743853,0.572357103159748,0.5142012940582728,0.5506605763784594,0.1221470276265178,0.1282715225541673,0.1479051156907494,0.4534504804121283,0.4591042182441102,0.4313774227459992,0.75,44020
0,0,0.4866326999293595,-0.2896312917778125,0.0510803894426436,-0.8516609922317622,0.132484428370131,0.5715371617460968,0.0541864731373086,-0.1417806950288363,-0.4864685772839422,0.1846846336412927,-0.0009688720422725,0.4060468917952878,0.2341922650046989,0.5549974019961417,0.0140576463190273,0.3547591622186937,-0.4289470243255512,0.1273973104704045,0.0152293951960787,-0.4844704194330868,0.0027958011959606,0.1321402465769226,0.0524971529590221,0.998562894971431,0.1299663533732784,0.000840779142992,0.888698528424315,0.0002029185103068,0.0655687867978563,0.744738069547906,0.2297179975755858,0.3226759588743298,0.4795390312788146,0.3869585260674902,0.7122999315086683,0.3384193364242871,0.4399805827743853,0.572357103159748,0.5142012940582728,0.5506605763784594,0.1221470276265178,0.1282715225541673,0.1479051156907494,0.4534504804121283,0.4591042182441102,0.4313774227459992,0.75,44030
0,0,0.4866326999293595,-0.2896312917778125,0.0510803894426436,-0.8516609922317622,0.132484428370131,0.5715371617460968,0.0541864731373086,-0.1417806950288363,-0.4864685772839422,0.1846846336412927,-0.0009688720422725,0.4060468917952878,0.2341922650046989,0.5549974019961417,0.0140576463190273,0.3547591622186937,-0.4289470243255512,0.1273973104704045,0.0152293951960787,-0.4844704194330868,0.0027958011959606,0.1321402465769226,0.0524971529590221,0.998562894971431,0.1299663533732784,0.000840779142992,0.888698528424315,0.0002029185103068,0.0655687867978563,0.744738069547906,0.2297179975755858,0.3226759588743298,0.4795390312788146,0.3869585260674902,0.7122999315086683,0.3384193364242871,0.4399805827743853,0.572357103159748,0.5142012940582728,0.5506605763784594,0.1221470276265178,0.1282715225541673,0.1479051156907494,0.4534504804121283,0.4591042182441102,0.4313774227459992,0.75,44040
0,0,0.4866326999293595,-0.2896312917778125,0.0510803894426436,-0.8516609922317622,0.132484428370131,0.5715371617460968,0.0541864731373086,-0.1417806950288363,-0.4864685772839422,0.1846846336412927,-0.0009688720422725,0.4060468917952878,0.2341922650046989,0.5549974019961417,0.0140576463190273,0.3547591622186937,-0.4289470243255512,0.1273973104704045,0.0152293951960787,-0.4844704194330868,0.0027958011959606,0.1321402465769226,0.0524971529590221,0.998562894971431,0.1299663533732784,0.000840779142992,0.888698528424315,0.0002029185103068,0.0655687867978563,0.744738069547906,0.2297179975755858,0.3226759588743298,0.4795390312788146,0.3869585260674902,0.7122999315086683,0.3384193364242871,0.4399805827743853,0.572357103159748,0.5142012940582728,0.5506605763784594,0.1221470276265178,0.1282715225541673,0.1479051156907494,0.4534504804121283,0.4591042182441102,0.4313774227459992,0.75,44050
0,0,0.4866326999293595,-0.2896312917778125,0.0510803894426436,-0.8516609922317622,0.132484428370131,0.5715371617460968,0.0541864731373086,-0.1417806950288363,-0.4864685772839422,0.1846846336412927,-0.0009688720422725,0.4060468917952878,0.2341922650046989,0.5549974019961417,0.0140576463190273,0.3547591622186937,-0.4289470243255512,0.1273973104704045,0.0152293951960787,-0.4844704194330868,0.0027958011959606,0.1321402465769226,0.0524971529590221,0.998562894971431,0.1299663533732784,0.000840779142992,0.888698528424315,0.0002029185103068,0.0655687867978563,0.744738069547906,0.2297179975755858,0.3226759588743298,0.4795390312788146,0.3869585260674902,0.7122999315086683,0.3384193364242871,0.4399805827743853,0.572357103159748,0.5142012940582728,0.5506605763784594,0.1221470276265178,0.1282715225541673,0.1479051156907494,0.4534504804121283,0.4591042182441102,0.4313774227459992,0.75,44060
0,0,0.4866326999293595,-0.2896312917778125,0.0510803894426436,-0.8516609922317622,0.132484428370131,0.5715371617460968,0.0541864731373086,-0.1417806950288363,-0.4864685772839422,0.1846846336412927,-0.0009688720422725,0.4060468917952878,0.2341922650046989,0.5549974019961417,0.0140576463190273,0.3547591622186937,-0.4289470243255512,0.1273973104704045,0.0152293951960787,-0.4844704194330868,0.0027958011959606,0.1321402465769226,0.0524971529590221,0.998562894971431,0.1299663533732784,0.000840779142992,0.888698528424315,0.0002029185103068,0.0655687867978563,0.744738069547906,0.2297179975755858,0.3226759588743298,0.4795390312788146,0.3869585260674902,0.7122999315086683,0.3384193364242871,0.4399805827743853,0.572357103159748,0.5142012940582728,0.5506605763784594,0.1221470276265178,0.1282715225541673,0.1479051156907494,0.4534504804121283,0.4591042182441102,0.4313774227459992,0.75,44070
0,0,0.4866326999293595,-0.2896312917778125,0.0510803894426436,-0.8516609922317622,0.132484428370131,0.5715371617460968,0.0541864731373086,-0.1417806950288363,-0.4864685772839422,0.1846846336412927,-0.0009688720422725,0.4060468917952878,0.2341922650046989,0.5549974019961417,0.0140576463190273,0.3547591622186937,-0.4289470243255512,0.1273973104704045,0.0152293951960787,-0.4844704194330868,0.0027958011959606,0.1321402465769226,0.0524971529590221,0.998562894971431,0.1299663533732784,0.000840779142992,0.888698528424315,0.0002029185103068,0.0655687867978563,0.744738069547906,0.2297179975755858,0.3226759588743298,0.4795390312788146,0.3869585260674902,0.7122999315086683,0.3384193364242871,0.4399805827743853,0.572357103159748,0.5142012940582728,0.5506605763784594,0.1221470276265178,0.1282715225541673,0.1479051156907494,0.4534504804121283,0.4591042182441102,0.4313774227459992,0.75,44081
0,0,0.4866326999293595,-0.2896312917778125,0.0510803894426436,-0.8516609922317622,0.132484428370131,0.5715371617460968,0.0541864731373086,-0.1417806950288363,-0.4864685772839422,0.1846846336412927,-0.0009688720422725,0.4060468917952878,0.2341922650046989,0.5549974019961417,0.0140576463190273,0.3547591622186937,-0.4289470243255512,0.1273973104704045,0.0152293951960787,-0.4844704194330868,0.0027958011959606,0.1321402465769226,0.0524971529590221,0.998562894971431,0.1299663533732784,0.000840779142992,0.888698528424315,0.0002029185103068,0.0655687867978563,0.744738069547906,0.2297179975755858,0.3226759588743298,0.4795390312788146,0.3869585260674902,0.7122999315086683,0.3384193364242871,0.4399805827743853,0.572357103159748,0.5142012940582728,0.5506605763784594,0.1221470276265178,0.1282715225541673,0.1479051156907494,0.4534504804121283,0.4591042182441102,0.4313774227459992,0.75,44091
0,0,0.4866326999293595,-0.2896312917778125,0.0510803894426436,-0.8516609922317622,0.132484428370131,0.5715371617460968,0.0541864731373086,-0.1417806950288363,-0.4864685772839422,0.1846846336412927,-0.0009688720422725,0.4060468917952878,0.2341922650046989,0.5549974019961417,0.0140576463190273,0.3547591622186937,-0.4289470243255512,0.1273973104704045,0.0152293951960787,-0.4844704194330868,0.0027958011959606,0.1321402465769226,0.0524971529590221,0.998562894971431,0.1299663533732784,0.000840779142992,0.888698528424315,0.0002029185103068,0.0655687867978563,0.744738069547906,0.2297179975755858,0.3226759588743298,0.4795390312788146,0.3869585260674902,0.7122999315086683,0.3384193364242871,0.4399805827743853,0.572357103159748,0.5142012940582728,0.5506605763784594,0.1221470276265178,0.1282715225541673,0.1479051156907494,0.4534504804121283,0.4591042182441102,0.4313774227459992,0.75,44101
0,0,0.4866326999293595,-0.2896312917778125,0.0510803894426436,-0.8516609922317622,0.132484428370131,0.5715371617460968,0.0541864731373086,-0.1417806950288363,-0.4864685772839422,0.1846846336412927,-0.0009688720422725,0.4060468917952878,0.2341922650046989,0.5549974019961417,0.0140576463190273,0.3547591622186937,-0.4289470243255512,0.1273973104704045,0.0152293951960787,-0.4844704194330868,0.0027958011959606,0.1321402465769226,0.0524971529590221,0.998562894971431,0.1299663533732784,0.000840779142992,0.888698528424315,0.0002029185103068,0.0655687867978563,0.744738069547906,0.2297179975755858,0.3226759588743298,0.4795390312788146,0.3869585260674902,0.7122999315086683,0.3384193364242871,0.4399805827743853,0.572357103159748,0.5142012940582728,0.5506605763784594,0.1221470276265178,0.1282715225541673,0.1479051156907494,0.4534504804121283,0.4591042182441102,0.4313774227459992,0.75,44112
0,0,0.4866326999293595,-0.2896312917778125,0.0510803894426436,-0.8516609922317622,0.132484428370131,0.5715371617460968,0.0541864731373086,-0.1417806950288363,-0.4864685772839422,0.1846846336412927,-0.0009688720422725,0.4060468917952878,0.2341922650046989,0.5549974019961417,0.0140576463190273,0.3547591622186937,-0.4289470243255512,0.1273973104704045,0.0152293951960787,-0.4844704194330868,0.0027958011959606,0.1321402465769226,0.0524971529590221,0.998562894971431,0.1299663533732784,0.000840779142992,0.888698528424315,0.0002029185103068,0.0655687867978563,0.744738069547906,0.2297179975755858,0.3226759588743298,0.4795390312788146,0.3869585260674902,0.7122999315086683,0.3384193364242871,0.4399805827743853,0.572357103159748,0.5142012940582728,0.5506605763784594,0.1221470276265178,0.1282715225541673,0.1479051156907494,0.4534504804121283,0.4591042182441102,0.4313774227459992,0.75,44122
0,0,0.4866326999293595,-0.2896312917778125,0.0510803894426436,-0.8516609922317622,0.132484428370131,0.5715371617460968,0.0541864731373086,-0.1417806950288363,-0.4864685772839422,0.1846846336412927,-0.0009688720422725,0.4060468917952878,0.2341922650046989,0.5549974019961417,0.0140576463190273,0.3547591622186937,-0.4289470243255512,0.1273973104704045,0.0152293951960787,-0.4844704194330868,0.0027958011959606,0.1321402465769226,0.0524971529590221,0.998562894971431,0.1299663533732784,0.000840779142992,0.888698528424315,0.0002029185103068,0.0655687867978563,0.744738069547906,0.2297179975755858,0.3226759588743298,0.4795390312788146,0.3869585260674902,0.7122999315086683,0.3384193364242871,0.4399805827743853,0.572357103159748,0.5142012940582728,0.5506605763784594,0.1221470276265178,0.1282715225541673,0.1479051156907494,0.4534504804121283,0.4591042182441102,0.4313774227459992,0.75,44141
0,0,0.4866326999293595,-0.2896312917778125,0.0510803894426436,-0.8516609922317622,0.132484428370131,0.5715371617460968,0.0541864731373086,-0.1417806950288363,-0.4864685772839422,0.1846846336412927,-0.0009688720422725,0.4060468917952878,0.2341922650046989,0.5549974019961417,0.0140576463190273,0.3547591622186937,-0.4289470243255512,0.1273973104704045,0.0152293951960787,-0.4844704194330868,0.0027958011959606,0.1321402465769226,0.0524971529590221,0.998562894971431,0.1299663533732784,0.000840779142992,0.888698528424315,0.0002029185103068,0.0655687867978563,0.744738069547906,0.2297179975755858,0.3226759588743298,0.4795390312788146,0.3869585260674902,0.7122999315086683,0.3384193364242871,0.4399805827743853,0.572357103159748,0.5142012940582728,0.5506605763784594,0.1221470276265178,0.1282715225541673,0.1479051156907494,0.4534504804121283,0.4591042182441102,0.4313774227459992,0.75,44151
0,0,0.4866326999293595,-0.2896312917778125,0.0510803894426436,-0.8516609922317622,0.132484428370131,0.5715371617460968,0.0541864731373086,-0.1417806950288363,-0.4864685772839422,0.1846846336412927,-0.0009688720422725,0.4060468917952878,0.2341922650046989,0.5549974019961417,0.0140576463190273,0.3547591622186937,-0.4289470243255512,0.1273973104704045,0.0152293951960787,-0.4844704194330868,0.0027958011959606,0.1321402465769226,0.0524971529590221,0.998562894971431,0.1299663533732784,0.000840779142992,0.888698528424315,0.0002029185103068,0.0655687867978563,0.744738069547906,0.2297179975755858,0.3226759588743298,0.4795390312788146,0.3869585260674902,0.7122999315086683,0.3384193364242871,0.4399805827743853,0.572357103159748,0.5142012940582728,0.5506605763784594,0.1221470276265178,0.1282715225541673,0.1479051156907494,0.4534504804121283,0.4591042182441102,0.4313774227459992,0.75,44161
0,0,0.4866326999293595,-0.2896312917778125,0.0510803894426436,-0.8516609922317622,0.132484428370131,0.5715371617460968,0.0541864731373086,-0.1417806950288363,-0.4864685772839422,0.1846846336412927,-0.0009688720422725,0.4060468917952878,0.2341922650046989,0.5549974019961417,0.0140576463190273,0.3547591622186937,-0.4289470243255512,0.1273973104704045,0.0152293951960787,-0.4844704194330868,0.0027958011959606,0.1321402465769226,0.0524971529590221,0.998562894971431,0.1299663533732784,0.000840779142992,0.888698528424315,0.0002029185103068,0.0655687867978563,0.744738069547906,0.2297179975755858,0.3226759588743298,0.4795390312788146,0.3869585260674902,0.7122999315086683,0.3384193364242871,0.4399805827743853,0.572357103159748,0.5142012940582728,0.5506605763784594,0.1221470276265178,0.1282715225541673,0.1479051156907494,0.4534504804121283,0.4591042182441102,0.4313774227459992,0.75,44180
0,0,0.4866326999293595,-0.2896312917778125,0.0510803894426436,-0.8516609922317622,0.132484428370131,0.5715371617460968,0.0541864731373086,-0.1417806950288363,-0.4864685772839422,0.1846846336412927,-0.0009688720422725,0.4060468917952878,0.2341922650046989,0.5549974019961417,0.0140576463190273,0.3547591622186937,-0.4289470243255512,0.1273973104704045,0.0152293951960787,-0.4844704194330868,0.0027958011959606,0.1321402465769226,0.0524971529590221,0.998562894971431,0.1299663533732784,0.000840779142992,0.888698528424315,0.0002029185103068,0.0655687867978563,0.744738069547906,0.2297179975755858,0.3226759588743298,0.4795390312788146,0.3869585260674902,0.7122999315086683,0.3384193364242871,0.4399805827743853,0.572357103159748,0.5142012940582728,0.5506605763784594,0.1221470276265178,0.1282715225541673,0.1479051156907494,0.4534504804121283,0.4591042182441102,0.4313774227459992,0.75,44190
0,0,0.4866326999293595,-0.2896312917778125,0.0510803894426436,-0.8516609922317622,0.132484428370131,0.5715371617460968,0.0541864731373086,-0.1417806950288363,-0.4864685772839422,0.1846846336412927,-0.0009688720422725,0.4060468917952878,0.2341922650046989,0.5549974019961417,0.0140576463190273,0.3547591622186937,-0.4289470243255512,0.1273973104704045,0.0152293951960787,-0.4844704194330868,0.0027958011959606,0.1321402465769226,0.0524971529590221,0.998562894971431,0.1299663533732784,0.000840779142992,0.888698528424315,0.0002029185103068,0.0655687867978563,0.744738069547906,0.2297179975755858,0.3226759588743298,0.4795390312788146,0.3869585260674902,0.7122999315086683,0.3384193364242871,0.4399805827743853,0.572357103159748,0.5142012940582728,0.5506605763784594,0.1221470276265178,0.1282715225541673,0.1479051156907494,0.4534504804121283,0.4591042182441102,0.4313774227459992,0.75,44208
0,0,0.4866326999293595,-0.2896312917778125,0.0510803894426436,-0.8516609922317622,0.132484428370131,0.5715371617460968,0.0541864731373086,-0.1417806950288363,-0.4864685772839422,0.1846846336412927,-0.0009688720422725,0.4060468917952878,0.2341922650046989,0.5549974019961417,0.0140576463190273,0.3547591622186937,-0.4289470243255512,0.1273973104704045,0.0152293951960787,-0.4844704194330868,0.0027958011959606,0.1321402465769226,0.0524971529590221,0.998562894971431,0.1299663533732784,0.000840779142992,0.888698528424315,0.0002029185103068,0.0655687867978563,0.744738069547906,0.2297179975755858,0.3226759588743298,0.4795390312788146,0.3869585260674902,0.7122999315086683,0.3384193364242871,0.4399805827743853,0.572357103159748,0.5142012940582728,0.5506605763784594,0.1221470276265178,0.1282715225541673,0.1479051156907494,0.4534504804121283,0.4591042182441102,0.4313774227459992,0.75,44218
0,0,0.4866326999293595,-0.2896312917778125,0.0510803894426436,-0.8516609922317622,0.132484428370131,0.5715371617460968,0.0541864731373086,-0.1417806950288363,-0.4864685772839422,0.1846846336412927,-0.0009688720422725,0.4060468917952878,0.2341922650046989,0.5549974019961417,0.0140576463190273,0.3547591622186937,-0.4289470243255512,0.1273973104704045,0.0152293951960787,-0.4844704194330868,0.0027958011959606,0.1321402465769226,0.0524971529590221,0.998562894971431,0.1299663533732784,0.000840779142992,0.888698528424315,0.0002029185103068,0.0655687867978563,0.744738069547906,0.2297179975755858,0.3226759588743298,0.4795390312788146,0.3869585260674902,0.7122999315086683,0.3384193364242871,0.4399805827743853,0.572357103159748,0.5142012940582728,0.5506605763784594,0.1221470276265178,0.1282715225541673,0.1479051156907494,0.4534504804121283,0.4591042182441102,0.4313774227459992,0.75,44229
0,0,0.4866326999293595,-0.2896312917778125,0.0510803894426436,-0.8516609922317622,0.132484428370131,0.5715371617460968,0.0541864731373086,-0.1417806950288363,-0.4864685772839422,0.1846846336412927,-0.0009688720422725,0.4060468917952878,0.2341922650046989,0.5549974019961417,0.0140576463190273,0.3547591622186937,-0.4289470243255512,0.1273973104704045,0.0152293951960787,-0.4844704194330868,0.0027958011959606,0.1321402465769226,0.0524971529590221,0.998562894971431,0.1299663533732784,0.000840779142992,0.888698528424315,0.0002029185103068,0.0655687867978563,0.744738069547906,0.2297179975755858,0.3226759588743298,0.4795390312788146,0.3869585260674902,0.7122999315086683,0.3384193364242871,0.4399805827743853,0.572357103159748,0.5142012940582728,0.5506605763784594,0.1221470276265178,0.1282715225541673,0.1479051156907494,0.4534504804121283,0.4591042182441102,0.4313774227459992,0.75,44240
0,0,0.4866326999293595,-0.2896312917778125,0.0510803894426436,-0.8516609922317622,0.132484428370131,0.5715371617460968,0.0541864731373086,-0.1417806950288363,-0.4864685772839422,0.1846846336412927,-0.0009688720422725,0.4060468917952878,0.2341922650046989,0.5549974019961417,0.0140576463190273,0.3547591622186937,-0.4289470243255512,0.1273973104704045,0.0152293951960787,-0.4844704194330868,0.0027958011959606,0.1321402465769226,0.0524971529590221,0.998562894971431,0.1299663533732784,0.000840779142992,0.888698528424315,0.0002029185103068,0.0655687867978563,0.744738069547906,0.2297179975755858,0.3226759588743298,0.4795390312788146,0.3869585260674902,0.7122999315086683,0.3384193364242871,0.4399805827743853,0.572357103159748,0.5142012940582728,0.5506605763784594,0.1221470276265178,0.1282715225541673,0.1479051156907494,0.4534504804121283,0.4591042182441102,0.4313774227459992,0.75,44251
0,0,0.4866326999293595,-0.2896312917778125,0.0510803894426436,-0.8516609922317622,0.132484428370131,0.5715371617460968,0.0541864731373086,-0.1417806950288363,-0.4864685772839422,0.1846846336412927,-0.0009688720422725,0.4060468917952878,0.2341922650046989,0.5549974019961417,0.0140576463190273,0.3547591622186937,-0.4289470243255512,0.1273973104704045,0.0152293951960787,-0.4844704194330868,0.0027958011959606,0.1321402465769226,0.0524971529590221,0.998562894971431,0.1299663533732784,0.000840779142992,0.888698528424315,0.0002029185103068,0.0655687867978563,0.744738069547906,0.2297179975755858,0.3226759588743298,0.4795390312788146,0.3869585260674902,0.7122999315086683,0.3384193364242871,0.4399805827743853,0.572357103159748,0.5142012940582728,0.5506605763784594,0.1221470276265178,0.1282715225541673,0.1479051156907494,0.4534504804121283,0.4591042182441102,0.4313774227459992,0.75,44271
0,0,0.4866326999293595,-0.2896312917778125,0.0510803894426436,-0.8516609922317622,0.132484428370131,0.5715371617460968,0.0541864731373086,-0.1417806950288363,-0.4864685772839422,0.1846846336412927,-0.0009688720422725,0.4060468917952878,0.2341922650046989,0.5549974019961417,0.0140576463190273,0.3547591622186937,-0.4289470243255512,0.1273973104704045,0.0152293951960787,-0.4844704194330868,0.0027958011959606,0.1321402465769226,0.0524971529590221,0.998562894971431,0.1299663533732784,0.000840779142992,0.888698528424315,0.0002029185103068,0.0655687867978563,0.744738069547906,0.2297179975755858,0.3226759588743298,0.4795390312788146,0.3869585260674902,0.7122999315086683,0.3384193364242871,0.4399805827743853,0.572357103159748,0.5142012940582728,0.5506605763784594,0.1221470276265178,0.1282715225541673,0.1479051156907494,0.4534504804121283,0.4591042182441102,0.4313774227459992,0.75,44290
0,0,0.4866326999293595,-0.2896312917778125,0.0510803894426436,-0.8516609922317622,0.132484428370131,0.5715371617460968,0.0541864731373086,-0.1417806950288363,-0.4864685772839422,0.1846846336412927,-0.0009688720422725,0.4060468917952878,0.2341922650046989,0.5549974019961417,0.0140576463190273,0.3547591622186937,-0.4289470243255512,0.1273973104704045,0.0152293951960787,-0.4844704194330868,0.0027958011959606,0.1321402465769226,0.0524971529590221,0.998562894971431,0.1299663533732784,0.000840779142992,0.888698528424315,0.0002029185103068,0.0655687867978563,0.744738069547906,0.2297179975755858,0.3226759588743298,0.4795390312788146,0.3869585260674902,0.7122999315086683,0.3384193364242871,0.4399805827743853,0.572357103159748,0.5142012940582728,0.5506605763784594,0.1221470276265178,0.1282715225541673,0.1479051156907494,0.4534504804121283,0.4591042182441102,0.4313774227459992,0.75,44309
0,0,0.4866326999293595,-0.2896312917778125,0.0510803894426436,-0.8516609922317622,0.132484428370131,0.5715371617460968,0.0541864731373086,-0.1417806950288363,-0.4864685772839422,0.1846846336412927,-0.0009688720422725,0.4060468917952878,0.2341922650046989,0.5549974019961417,0.0140576463190273,0.3547591622186937,-0.4289470243255512,0.1273973104704045,0.0152293951960787,-0.4844704194330868,0.0027958011959606,0.1321402465769226,0.0524971529590221,0.998562894971431,0.1299663533732784,0.000840779142992,0.888698528424315,0.0002029185103068,0.0655687867978563,0.744738069547906,0.2297179975755858,0.3226759588743298,0.4795390312788146,0.3869585260674902,0.7122999315086683,0.3384193364242871,0.4399805827743853,0.572357103159748,0.5142012940582728,0.5506605763784594,0.1221470276265178,0.1282715225541673,0.1479051156907494,0.4534504804121283,0.4591042182441102,0.4313774227459992,0.75,44320
0,0,0.4866326999293595,-0.2896312917778125,0.0510803894426436,-0.8516609922317622,0.132484428370131,0.5715371617460968,0.0541864731373086,-0.1417806950288363,-0.4864685772839422,0.1846846336412927,-0.0009688720422725,0.4060468917952878,0.2341922650046989,0.5549974019961417,0.0140576463190273,0.3547591622186937,-0.4289470243255512,0.1273973104704045,0.0152293951960787,-0.4844704194330868,0.0027958011959606,0.1321402465769226,0.0524971529590221,0.998562894971431,0.1299663533732784,0.000840779142992,0.888698528424315,0.0002029185103068,0.0655687867978563,0.744738069547906,0.2297179975755858,0.3226759588743298,0.4795390312788146,0.3869585260674902,0.7122999315086683,0.3384193364242871,0.4399805827743853,0.572357103159748,0.5142012940582728,0.5506605763784594,0.1221470276265178,0.1282715225541673,0.1479051156907494,0.4534504804121283,0.4591042182441102,0.4313774227459992,0.75,44330
0,0,0.4866326999293595,-0.2896312917778125,0.0510803894426436,-0.8516609922317622,0.132484428370131,0.5715371617460968,0.0541864731373086,-0.1417806950288363,-0.4864685772839422,0.1846846336412927,-0.0009688720422725,0.4060468917952878,0.2341922650046989,0.5549974019961417,0.0140576463190273,0.3547591622186937,-0.4289470243255512,0.1273973104704045,0.0152293951960787,-0.4844704194330868,0.0027958011959606,0.1321402465769226,0.0524971529590221,0.998562894971431,0.1299663533732784,0.000840779142992,0.888698528424315,0.0002029185103068,0.0655687867978563,0.744738069547906,0.2297179975755858,0.3226759588743298,0.4795390312788146,0.3869585260674902,0.7122999315086683,0.3384193364242871,0.4399805827743853,0.572357103159748,0.5142012940582728,0.5506605763784594,0.1221470276265178,0.1282715225541673,0.1479051156907494,0.4534504804121283,0.4591042182441102,0.4313774227459992,0.75,44348
0,0,0.4866326999293595,-0.2896312917778125,0.0510803894426436,-0.8516609922317622,0.132484428370131,0.5715371617460968,0.0541864731373086,-0.1417806950288363,-0.4864685772839422,0.1846846336412927,-0.0009688720422725,0.4060468917952878,0.2341922650046989,0.5549974019961417,0.0140576463190273,0.3547591622186937,-0.4289470243255512,0.1273973104704045,0.0152293951960787,-0.4844704194330868,0.0027958011959606,0.1321402465769226,0.0524971529590221,0.998562894971431,0.1299663533732784,0.000840779142992,0.888698528424315,0.0002029185103068,0.0655687867978563,0.744738069547906,0.2297179975755858,0.3226759588743298,0.4795390312788146,0.3869585260674902,0.7122999315086683,0.3384193364242871,0.4399805827743853,0.572357103159748,0.5142012940582728,0.5506605763784594,0.1221470276265178,0.1282715225541673,0.1479051156907494,0.4534504804121283,0.4591042182441102,0.4313774227459992,0.75,44359
0,0,0.4866326999293595,-0.2896312917778125,0.0510803894426436,-0.8516609922317622,0.132484428370131,0.5715371617460968,0.0541864731373086,-0.1417806950288363,-0.4864685772839422,0.1846846336412927,-0.0009688720422725,0.4060468917952878,0.2341922650046989,0.5549974019961417,0.0140576463190273,0.3547591622186937,-0.4289470243255512,0.1273973104704045,0.0152293951960787,-0.4844704194330868,0.0027958011959606,0.1321402465769226,0.0524971529590221,0.998562894971431,0.1299663533732784,0.000840779142992,0.888698528424315,0.0002029185103068,0.0655687867978563,0.744738069547906,0.2297179975755858,0.3226759588743298,0.4795390312788146,0.3869585260674902,0.7122999315086683,0.3384193364242871,0.4399805827743853,0.572357103159748,0.5142012940582728,0.5506605763784594,0.1221470276265178,0.1282715225541673,0.1479051156907494,0.4534504804121283,0.4591042182441102,0.4313774227459992,0.75,44370
0,0,0.4866326999293595,-0.2896312917778125,0.0510803894426436,-0.8516609922317622,0.132484428370131,0.5715371617460968,0.0541864731373086,-0.1417806950288363,-0.4864685772839422,0.1846846336412927,-0.0009688720422725,0.4060468917952878,0.2341922650046989,0.5549974019961417,0.0140576463190273,0.3547591622186937,-0.4289470243255512,0.1273973104704045,0.0152293951960787,-0.4844704194330868,0.0027958011959606,0.1321402465769226,0.0524971529590221,0.998562894971431,0.1299663533732784,0.000840779142992,0.888698528424315,0.0002029185103068,0.0655687867978563,0.744738069547906,0.2297179975755858,0.3226759588743298,0.4795390312788146,0.3869585260674902,0.7122999315086683,0.3384193364242871,0.4399805827743853,0.572357103159748,0.5142012940582728,0.5506605763784594,0.1221470276265178,0.1282715225541673,0.1479051156907494,0.4534504804121283,0.4591042182441102,0.4313774227459992,0.75,44380
0,0,0.4866326999293595,-0.2896312917778125,0.0510803894426436,-0.8516609922317622,0.132484428370131,0.5715371617460968,0.0541864731373086,-0.1417806950288363,-0.4864685772839422,0.1846846336412927,-0.0009688720422725,0.4060468917952878,0.2341922650046989,0.5549974019961417,0.0140576463190273,0.3547591622186937,-0.4289470243255512,0.1273973104704045,0.0152293951960787,-0.4844704194330868,0.0027958011959606,0.1321402465769226,0.0524971529590221,0.998562894971431,0.1299663533732784,0.000840779142992,0.888698528424315,0.0002029185103068,0.0655687867978563,0.744738069547906,0.2297179975755858,0.3226759588743298,0.4795390312788146,0.3869585260674902,0.7122999315086683,0.3384193364242871,0.4399805827743853,0.572357103159748,0.5142012940582728,0.5506605763784594,0.1221470276265178,0.1282715225541673,0.1479051156907494,0.4534504804121283,0.4591042182441102,0.4313774227459992,0.75,44391
0,0,0.4866326999293595,-0.2896312917778125,0.0510803894426436,-0.8516609922317622,0.132484428370131,0.5715371617460968,0.0541864731373086,-0.1417806950288363,-0.4864685772839422,0.1846846336412927,-0.0009688720422725,0.4060468917952878,0.2341922650046989,0.5549974019961417,0.0140576463190273,0.3547591622186937,-0.4289470243255512,0.1273973104704045,0.0152293951960787,-0.4844704194330868,0.0027958011959606,0.1321402465769226,0.0524971529590221,0.998562894971431,0.1299663533732784,0.000840779142992,0.888698528424315,0.0002029185103068,0.0655687867978563,0.744738069547906,0.2297179975755858,0.3226759588743298,0.4795390312788146,0.3869585260674902,0.7122999315086683,0.3384193364242871,0.4399805827743853,0.572357103159748,0.5142012940582728,0.5506605763784594,0.1221470276265178,0.1282715225541673,0.1479051156907494,0.4534504804121283,0.4591042182441102,0.4313774227459992,0.75,44409
0,0,0.4866326999293595,-0.2896312917778125,0.0510803894426436,-0.8516609922317622,0.132484428370131,0.5715371617460968,0.0541864731373086,-0.1417806950288363,-0.4864685772839422,0.1846846336412927,-0.0009688720422725,0.4060468917952878,0.2341922650046989,0.5549974019961417,0.0140576463190273,0.3547591622186937,-0.4289470243255512,0.1273973104704045,0.0152293951960787,-0.4844704194330868,0.0027958011959606,0.1321402465769226,0.0524971529590221,0.998562894971431,0.1299663533732784,0.000840779142992,0.888698528424315,0.0002029185103068,0.0655687867978563,0.744738069547906,0.2297179975755858,0.3226759588743298,0.4795390312788146,0.3869585260674902,0.7122999315086683,0.3384193364242871,0.4399805827743853,0.572357103159748,0.5142012940582728,0.5506605763784594,0.1221470276265178,0.1282715225541673,0.1479051156907494,0.4534504804121283,0.4591042182441102,0.4313774227459992,0.75,44419
0,0,0.4866326999293595,-0.2896312917778125,0.0510803894426436,-0.8516609922317622,0.132484428370131,0.5715371617460968,0.0541864731373086,-0.1417806950288363,-0.4864685772839422,0.1846846336412927,-0.0009688720422725,0.4060468917952878,0.2341922650046989,0.5549974019961417,0.0140576463190273,0.3547591622186937,-0.4289470243255512,0.1273973104704045,0.0152293951960787,-0.4844704194330868,0.0027958011959606,0.1321402465769226,0.0524971529590221,0.998562894971431,0.1299663533732784,0.000840779142992,0.888698528424315,0.0002029185103068,0.0655687867978563,0.744738069547906,0.2297179975755858,0.3226759588743298,0.4795390312788146,0.3869585260674902,0.7122999315086683,0.3384193364242871,0.4399805827743853,0.572357103159748,0.5142012940582728,0.5506605763784594,0.1221470276265178,0.1282715225541673,0.1479051156907494,0.4534504804121283,0.4591042182441102,0.4313774227459992,0.75,44438
0,0,0.4866326999293595,-0.2896312917778125,0.0510803894426436,-0.8516609922317622,0.132484428370131,0.5715371617460968,0.0541864731373086,-0.1417806950288363,-0.4864685772839422,0.1846846336412927,-0.0009688720422725,0.4060468917952878,0.2341922650046989,0.5549974019961417,0.0140576463190273,0.3547591622186937,-0.4289470243255512,0.1273973104704045,0.0152293951960787,-0.4844704194330868,0.0027958011959606,0.1321402465769226,0.0524971529590221,0.998562894971431,0.1299663533732784,0.000840779142992,0.888698528424315,0.0002029185103068,0.0655687867978563,0.744738069547906,0.2297179975755858,0.3226759588743298,0.4795390312788146,0.3869585260674902,0.7122999315086683,0.3384193364242871,0.4399805827743853,0.572357103159748,0.5142012940582728,0.5506605763784594,0.1221470276265178,0.1282715225541673,0.1479051156907494,0.4534504804121283,0.4591042182441102,0.4313774227459992,0.75,44448
0,0,0.4866326999293595,-0.2896312917778125,0.0510803894426436,-0.8516609922317622,0.132484428370131,0.5715371617460968,0.0541864731373086,-0.1417806950288363,-0.4864685772839422,0.1846846336412927,-0.0009688720422725,0.4060468917952878,0.2341922650046989,0.5549974019961417,0.0140576463190273,0.3547591622186937,-0.4289470243255512,0.1273973104704045,0.0152293951960787,-0.4844704194330868,0.0027958011959606,0.1321402465769226,0.0524971529590221,0.998562894971431,0.1299663533732784,0.000840779142992,0.888698528424315,0.0002029185103068,0.0655687867978563,0.744738069547906,0.2297179975755858,0.3226759588743298,0.4795390312788146,0.3869585260674902,0.7122999315086683,0.3384193364242871,0.4399805827743853,0.572357103159748,0.5142012940582728,0.5506605763784594,0.1221470276265178,0.1282715225541673,0.1479051156907494,0.4534504804121283,0.4591042182441102,0.4313774227459992,0.75,44467
0,0,0.4866326999293595,-0.2896312917778125,0.0510803894426436,-0.8516609922317622,0.132484428370131,0.5715371617460968,0.0541864731373086,-0.1417806950288363,-0.4864685772839422,0.1846846336412927,-0.0009688720422725,0.4060468917952878,0.2341922650046989,0.5549974019961417,0.0140576463190273,0.3547591622186937,-0.4289470243255512,0.1273973104704045,0.0152293951960787,-0.4844704194330868,0.0027958011959606,0.1321402465769226,0.0524971529590221,0.998562894971431,0.1299663533732784,0.000840779142992,0.888698528424315,0.0002029185103068,0.0655687867978563,0.744738069547906,0.2297179975755858,0.3226759588743298,0.4795390312788146,0.3869585260674902,0.7122999315086683,0.3384193364242871,0.4399805827743853,0.572357103159748,0.5142012940582728,0.5506605763784594,0.1221470276265178,0.1282715225541673,0.1479051156907494,0.4534504804121283,0.4591042182441102,0.4313774227459992,0.75,44477
0,0,0.4866326999293595,-0.2896312917778125,0.0510803894426436,-0.8516609922317622,0.132484428370131,0.5715371617460968,0.0541864731373086,-0.1417806950288363,-0.4864685772839422,0.1846846336412927,-0.0009688720422725,0.4060468917952878,0.2341922650046989,0.5549974019961417,0.0140576463190273,0.3547591622186937,-0.4289470243255512,0.1273973104704045,0.0152293951960787,-0.4844704194330868,0.0027958011959606,0.1321402465769226,0.0524971529590221,0.998562894971431,0.1299663533732784,0.000840779142992,0.888698528424315,0.0002029185103068,0.0655687867978563,0.744738069547906,0.2297179975755858,0.3226759588743298,0.4795390312788146,0.3869585260674902,0.7122999315086683,0.3384193364242871,0.4399805827743853,0.572357103159748,0.5142012940582728,0.5506605763784594,0.1221470276265178,0.1282715225541673,0.1479051156907494,0.4534504804121283,0.4591042182441102,0.4313774227459992,0.75,44487
0,0,0.8611321369107228,-0.301765313277839,0.2117473313125712,-0.8501418016187574,0.7521058732402998,-0.1027081832994895,0.8487314495374609,-0.1405773520987076,-0.7614531420813382,0.3195284792462471,-0.4683383622028966,0.7007812987625246,0.797205673564499,0.6042248467728369,-0.0305665614562554,0.556618708774979,-0.7266260174938248,0.1404300000262652,-0.0909964321464445,-0.6106011249948362,0.0038035145228964,0.1318999270720717,0.0524298117699747,1.0,0.129918148463398,0.000411747047461,0.8906495881839059,0.0001,0.0669233232898114,0.7433629270429749,0.1477362283863928,0.0849414935212601,0.5211950576860817,0.2559109522357338,0.7577863878113864,0.1940930126760431,0.7380636312993897,0.6153528442287197,0.6228163957100423,0.5861793873806771,0.147043064999287,0.1764306161875003,0.1477649907541243,0.4539742404026295,0.4604631810018615,0.137491966583931,0.78,4450
0,0,0.4866326999293595,-0.2896312917778125,0.0510803894426436,-0.8516609922317622,0.132484428370131,0.5715371617460968,0.0541864731373086,-0.1417806950288363,-0.4864685772839422,0.1846846336412927,-0.0009688720422725,0.4060468917952878,0.2341922650046989,0.5549974019961417,0.0140576463190273,0.3547591622186937,-0.4289470243255512,0.1273973104704045,0.0152293951960787,-0.4844704194330868,0.0027958011959606,0.1321402465769226,0.0524971529590221,0.998562894971431,0.1299663533732784,0.000840779142992,0.888698528424315,0.0002029185103068,0.0655687867978563,0.744738069547906,0.2297179975755858,0.3226759588743298,0.4795390312788146,0.3869585260674902,0.7122999315086683,0.3384193364242871,0.4399805827743853,0.572357103159748,0.5142012940582728,0.5506605763784594,0.1221470276265178,0.1282715225541673,0.1479051156907494,0.4534504804121283,0.4591042182441102,0.4313774227459992,0.75,44507
0,0,0.4866326999293595,-0.2896312917778125,0.0510803894426436,-0.8516609922317622,0.132484428370131,0.5715371617460968,0.0541864731373086,-0.1417806950288363,-0.4864685772839422,0.1846846336412927,-0.0009688720422725,0.4060468917952878,0.2341922650046989,0.5549974019961417,0.0140576463190273,0.3547591622186937,-0.4289470243255512,0.1273973104704045,0.0152293951960787,-0.4844704194330868,0.0027958011959606,0.1321402465769226,0.0524971529590221,0.998562894971431,0.1299663533732784,0.000840779142992,0.888698528424315,0.0002029185103068,0.0655687867978563,0.744738069547906,0.2297179975755858,0.3226759588743298,0.4795390312788146,0.3869585260674902,0.7122999315086683,0.3384193364242871,0.4399805827743853,0.572357103159748,0.5142012940582728,0.5506605763784594,0.1221470276265178,0.1282715225541673,0.1479051156907494,0.4534504804121283,0.4591042182441102,0.4313774227459992,0.75,44518
0,0,0.4866326999293595,-0.2896312917778125,0.0510803894426436,-0.8516609922317622,0.132484428370131,0.5715371617460968,0.0541864731373086,-0.1417806950288363,-0.4864685772839422,0.1846846336412927,-0.0009688720422725,0.4060468917952878,0.2341922650046989,0.5549974019961417,0.0140576463190273,0.3547591622186937,-0.4289470243255512,0.1273973104704045,0.0152293951960787,-0.4844704194330868,0.0027958011959606,0.1321402465769226,0.0524971529590221,0.998562894971431,0.1299663533732784,0.000840779142992,0.888698528424315,0.0002029185103068,0.0655687867978563,0.744738069547906,0.2297179975755858,0.3226759588743298,0.4795390312788146,0.3869585260674902,0.7122999315086683,0.3384193364242871,0.4399805827743853,0.572357103159748,0.5142012940582728,0.5506605763784594,0.1221470276265178,0.1282715225541673,0.1479051156907494,0.4534504804121283,0.4591042182441102,0.4313774227459992,0.75,44529
0,0,0.4866326999293595,-0.2896312917778125,0.0510803894426436,-0.8516609922317622,0.132484428370131,0.5715371617460968,0.0541864731373086,-0.1417806950288363,-0.4864685772839422,0.1846846336412927,-0.0009688720422725,0.4060468917952878,0.2341922650046989,0.5549974019961417,0.0140576463190273,0.3547591622186937,-0.4289470243255512,0.1273973104704045,0.0152293951960787,-0.4844704194330868,0.0027958011959606,0.1321402465769226,0.0524971529590221,0.998562894971431,0.1299663533732784,0.000840779142992,0.888698528424315,0.0002029185103068,0.0655687867978563,0.744738069547906,0.2297179975755858,0.3226759588743298,0.4795390312788146,0.3869585260674902,0.7122999315086683,0.3384193364242871,0.4399805827743853,0.572357103159748,0.5142012940582728,0.5506605763784594,0.1221470276265178,0.1282715225541673,0.1479051156907494,0.4534504804121283,0.4591042182441102,0.4313774227459992,0.75,44539
0,0,0.4866326999293595,-0.2896312917778125,0.0510803894426436,-0.8516609922317622,0.132484428370131,0.5715371617460968,0.0541864731373086,-0.1417806950288363,-0.4864685772839422,0.1846846336412927,-0.0009688720422725,0.4060468917952878,0.2341922650046989,0.5549974019961417,0.0140576463190273,0.3547591622186937,-0.4289470243255512,0.1273973104704045,0.0152293951960787,-0.4844704194330868,0.0027958011959606,0.1321402465769226,0.0524971529590221,0.998562894971431,0.1299663533732784,0.000840779142992,0.888698528424315,0.0002029185103068,0.0655687867978563,0.744738069547906,0.2297179975755858,0.3226759588743298,0.4795390312788146,0.3869585260674902,0.7122999315086683,0.3384193364242871,0.4399805827743853,0.572357103159748,0.5142012940582728,0.5506605763784594,0.1221470276265178,0.1282715225541673,0.1479051156907494,0.4534504804121283,0.4591042182441102,0.4313774227459992,0.75,44558
0,0,0.4866326999293595,-0.2896312917778125,0.0510803894426436,-0.8516609922317622,0.132484428370131,0.5715371617460968,0.0541864731373086,-0.1417806950288363,-0.4864685772839422,0.1846846336412927,-0.0009688720422725,0.4060468917952878,0.2341922650046989,0.5549974019961417,0.0140576463190273,0.3547591622186937,-0.4289470243255512,0.1273973104704045,0.0152293951960787,-0.4844704194330868,0.0027958011959606,0.1321402465769226,0.0524971529590221,0.998562894971431,0.1299663533732784,0.000840779142992,0.888698528424315,0.0002029185103068,0.0655687867978563,0.744738069547906,0.2297179975755858,0.3226759588743298,0.4795390312788146,0.3869585260674902,0.7122999315086683,0.3384193364242871,0.4399805827743853,0.572357103159748,0.5142012940582728,0.5506605763784594,0.1221470276265178,0.1282715225541673,0.1479051156907494,0.4534504804121283,0.4591042182441102,0.4313774227459992,0.75,44569
0,0,0.4866326999293595,-0.2896312917778125,0.0510803894426436,-0.8516609922317622,0.132484428370131,0.5715371617460968,0.0541864731373086,-0.1417806950288363,-0.4864685772839422,0.1846846336412927,-0.0009688720422725,0.4060468917952878,0.2341922650046989,0.5549974019961417,0.0140576463190273,0.3547591622186937,-0.4289470243255512,0.1273973104704045,0.0152293951960787,-0.4844704194330868,0.0027958011959606,0.1321402465769226,0.0524971529590221,0.998562894971431,0.1299663533732784,0.000840779142992,0.888698528424315,0.0002029185103068,0.0655687867978563,0.744738069547906,0.2297179975755858,0.3226759588743298,0.4795390312788146,0.3869585260674902,0.7122999315086683,0.3384193364242871,0.4399805827743853,0.572357103159748,0.5142012940582728,0.5506605763784594,0.1221470276265178,0.1282715225541673,0.1479051156907494,0.4534504804121283,0.4591042182441102,0.4313774227459992,0.75,44580
0,0,0.4866326999293595,-0.2896312917778125,0.0510803894426436,-0.8516609922317622,0.132484428370131,0.5715371617460968,0.0541864731373086,-0.1417806950288363,-0.4864685772839422,0.1846846336412927,-0.0009688720422725,0.4060468917952878,0.2341922650046989,0.5549974019961417,0.0140576463190273,0.3547591622186937,-0.4289470243255512,0.1273973104704045,0.0152293951960787,-0.4844704194330868,0.0027958011959606,0.1321402465769226,0.0524971529590221,0.998562894971431,0.1299663533732784,0.000840779142992,0.888698528424315,0.0002029185103068,0.0655687867978563,0.744738069547906,0.2297179975755858,0.3226759588743298,0.4795390312788146,0.3869585260674902,0.7122999315086683,0.3384193364242871,0.4399805827743853,0.572357103159748,0.5142012940582728,0.5506605763784594,0.1221470276265178,0.1282715225541673,0.1479051156907494,0.4534504804121283,0.4591042182441102,0.4313774227459992,0.75,44590
0,0,0.4866326999293595,-0.2896312917778125,0.0510803894426436,-0.8516609922317622,0.132484428370131,0.5715371617460968,0.0541864731373086,-0.1417806950288363,-0.4864685772839422,0.1846846336412927,-0.0009688720422725,0.4060468917952878,0.2341922650046989,0.5549974019961417,0.0140576463190273,0.3547591622186937,-0.4289470243255512,0.1273973104704045,0.0152293951960787,-0.4844704194330868,0.0027958011959606,0.1321402465769226,0.0524971529590221,0.998562894971431,0.1299663533732784,0.000840779142992,0.888698528424315,0.0002029185103068,0.0655687867978563,0.744738069547906,0.2297179975755858,0.3226759588743298,0.4795390312788146,0.3869585260674902,0.7122999315086683,0.3384193364242871,0.4399805827743853,0.572357103159748,0.5142012940582728,0.5506605763784594,0.1221470276265178,0.1282715225541673,0.1479051156907494,0.4534504804121283,0.4591042182441102,0.4313774227459992,0.75,44600
0,0,0.4866326999293595,-0.2896312917778125,0.0510803894426436,-0.8516609922317622,0.132484428370131,0.5715371617460968,0.0541864731373086,-0.1417806950288363,-0.4864685772839422,0.1846846336412927,-0.0009688720422725,0.4060468917952878,0.2341922650046989,0.5549974019961417,0.0140576463190273,0.3547591622186937,-0.4289470243255512,0.1273973104704045,0.0152293951960787,-0.4844704194330868,0.0027958011959606,0.1321402465769226,0.0524971529590221,0.998562894971431,0.1299663533732784,0.000840779142992,0.888698528424315,0.0002029185103068,0.0655687867978563,0.744738069547906,0.2297179975755858,0.3226759588743298,0.4795390312788146,0.3869585260674902,0.7122999315086683,0.3384193364242871,0.4399805827743853,0.572357103159748,0.5142012940582728,0.5506605763784594,0.1221470276265178,0.1282715225541673,0.1479051156907494,0.4534504804121283,0.4591042182441102,0.4313774227459992,0.75,44618
0,0,0.4866326999293595,-0.2896312917778125,0.0510803894426436,-0.8516609922317622,0.132484428370131,0.5715371617460968,0.0541864731373086,-0.1417806950288363,-0.4864685772839422,0.1846846336412927,-0.0009688720422725,0.4060468917952878,0.2341922650046989,0.5549974019961417,0.0140576463190273,0.3547591622186937,-0.4289470243255512,0.1273973104704045,0.0152293951960787,-0.4844704194330868,0.0027958011959606,0.1321402465769226,0.0524971529590221,0.998562894971431,0.1299663533732784,0.000840779142992,0.888698528424315,0.0002029185103068,0.0655687867978563,0.744738069547906,0.2297179975755858,0.3226759588743298,0.4795390312788146,0.3869585260674902,0.7122999315086683,0.3384193364242871,0.4399805827743853,0.572357103159748,0.5142012940582728,0.5506605763784594,0.1221470276265178,0.1282715225541673,0.1479051156907494,0.4534504804121283,0.4591042182441102,0.4313774227459992,0.75,44629
0,0,0.4866326999293595,-0.2896312917778125,0.0510803894426436,-0.8516609922317622,0.132484428370131,0.5715371617460968,0.0541864731373086,-0.1417806950288363,-0.4864685772839422,0.1846846336412927,-0.0009688720422725,0.4060468917952878,0.2341922650046989,0.5549974019961417,0.0140576463190273,0.3547591622186937,-0.4289470243255512,0.1273973104704045,0.0152293951960787,-0.4844704194330868,0.0027958011959606,0.1321402465769226,0.0524971529590221,0.998562894971431,0.1299663533732784,0.000840779142992,0.888698528424315,0.0002029185103068,0.0655687867978563,0.744738069547906,0.2297179975755858,0.3226759588743298,0.4795390312788146,0.3869585260674902,0.7122999315086683,0.3384193364242871,0.4399805827743853,0.572357103159748,0.5142012940582728,0.5506605763784594,0.1221470276265178,0.1282715225541673,0.1479051156907494,0.4534504804121283,0.4591042182441102,0.4313774227459992,0.75,44639
0,0,0.4866326999293595,-0.2896312917778125,0.0510803894426436,-0.8516609922317622,0.132484428370131,0.5715371617460968,0.0541864731373086,-0.1417806950288363,-0.4864685772839422,0.1846846336412927,-0.0009688720422725,0.4060468917952878,0.2341922650046989,0.5549974019961417,0.0140576463190273,0.3547591622186937,-0.4289470243255512,0.1273973104704045,0.0152293951960787,-0.4844704194330868,0.0027958011959606,0.1321402465769226,0.0524971529590221,0.998562894971431,0.1299663533732784,0.000840779142992,0.888698528424315,0.0002029185103068,0.0655687867978563,0.744738069547906,0.2297179975755858,0.3226759588743298,0.4795390312788146,0.3869585260674902,0.7122999315086683,0.3384193364242871,0.4399805827743853,0.572357103159748,0.5142012940582728,0.5506605763784594,0.1221470276265178,0.1282715225541673,0.1479051156907494,0.4534504804121283,0.4591042182441102,0.4313774227459992,0.75,44649
0,0,0.4866326999293595,-0.2896312917778125,0.0510803894426436,-0.8516609922317622,0.132484428370131,0.5715371617460968,0.0541864731373086,-0.1417806950288363,-0.4864685772839422,0.1846846336412927,-0.0009688720422725,0.4060468917952878,0.2341922650046989,0.5549974019961417,0.0140576463190273,0.3547591622186937,-0.4289470243255512,0.1273973104704045,0.0152293951960787,-0.4844704194330868,0.0027958011959606,0.1321402465769226,0.0524971529590221,0.998562894971431,0.1299663533732784,0.000840779142992,0.888698528424315,0.0002029185103068,0.0655687867978563,0.744738069547906,0.2297179975755858,0.3226759588743298,0.4795390312788146,0.3869585260674902,0.7122999315086683,0.3384193364242871,0.4399805827743853,0.572357103159748,0.5142012940582728,0.5506605763784594,0.1221470276265178,0.1282715225541673,0.1479051156907494,0.4534504804121283,0.4591042182441102,0.4313774227459992,0.75,44659
0,0,0.4866326999293595,-0.2896312917778125,0.0510803894426436,-0.8516609922317622,0.132484428370131,0.5715371617460968,0.0541864731373086,-0.1417806950288363,-0.4864685772839422,0.1846846336412927,-0.0009688720422725,0.4060468917952878,0.2341922650046989,0.5549974019961417,0.0140576463190273,0.3547591622186937,-0.4289470243255512,0.1273973104704045,0.0152293951960787,-0.4844704194330868,0.0027958011959606,0.1321402465769226,0.0524971529590221,0.998562894971431,0.1299663533732784,0.000840779142992,0.888698528424315,0.0002029185103068,0.0655687867978563,0.744738069547906,0.2297179975755858,0.3226759588743298,0.4795390312788146,0.3869585260674902,0.7122999315086683,0.3384193364242871,0.4399805827743853,0.572357103159748,0.5142012940582728,0.5506605763784594,0.1221470276265178,0.1282715225541673,0.1479051156907494,0.4534504804121283,0.4591042182441102,0.4313774227459992,0.75,44678
0,0,0.4866326999293595,-0.2896312917778125,0.0510803894426436,-0.8516609922317622,0.132484428370131,0.5715371617460968,0.0541864731373086,-0.1417806950288363,-0.4864685772839422,0.1846846336412927,-0.0009688720422725,0.4060468917952878,0.2341922650046989,0.5549974019961417,0.0140576463190273,0.3547591622186937,-0.4289470243255512,0.1273973104704045,0.0152293951960787,-0.4844704194330868,0.0027958011959606,0.1321402465769226,0.0524971529590221,0.998562894971431,0.1299663533732784,0.000840779142992,0.888698528424315,0.0002029185103068,0.0655687867978563,0.744738069547906,0.2297179975755858,0.3226759588743298,0.4795390312788146,0.3869585260674902,0.7122999315086683,0.3384193364242871,0.4399805827743853,0.572357103159748,0.5142012940582728,0.5506605763784594,0.1221470276265178,0.1282715225541673,0.1479051156907494,0.4534504804121283,0.4591042182441102,0.4313774227459992,0.75,44688
0,0,0.4866326999293595,-0.2896312917778125,0.0510803894426436,-0.8516609922317622,0.132484428370131,0.5715371617460968,0.0541864731373086,-0.1417806950288363,-0.4864685772839422,0.1846846336412927,-0.0009688720422725,0.4060468917952878,0.2341922650046989,0.5549974019961417,0.0140576463190273,0.3547591622186937,-0.4289470243255512,0.1273973104704045,0.0152293951960787,-0.4844704194330868,0.0027958011959606,0.1321402465769226,0.0524971529590221,0.998562894971431,0.1299663533732784,0.000840779142992,0.888698528424315,0.0002029185103068,0.0655687867978563,0.744738069547906,0.2297179975755858,0.3226759588743298,0.4795390312788146,0.3869585260674902,0.7122999315086683,0.3384193364242871,0.4399805827743853,0.572357103159748,0.5142012940582728,0.5506605763784594,0.1221470276265178,0.1282715225541673,0.1479051156907494,0.4534504804121283,0.4591042182441102,0.4313774227459992,0.75,44698
0,0,0.4866326999293595,-0.2896312917778125,0.0510803894426436,-0.8516609922317622,0.132484428370131,0.5715371617460968,0.0541864731373086,-0.1417806950288363,-0.4864685772839422,0.1846846336412927,-0.0009688720422725,0.4060468917952878,0.2341922650046989,0.5549974019961417,0.0140576463190273,0.3547591622186937,-0.4289470243255512,0.1273973104704045,0.0152293951960787,-0.4844704194330868,0.0027958011959606,0.1321402465769226,0.0524971529590221,0.998562894971431,0.1299663533732784,0.000840779142992,0.888698528424315,0.0002029185103068,0.0655687867978563,0.744738069547906,0.2297179975755858,0.3226759588743298,0.4795390312788146,0.3869585260674902,0.7122999315086683,0.3384193364242871,0.4399805827743853,0.572357103159748,0.5142012940582728,0.5506605763784594,0.1221470276265178,0.1282715225541673,0.1479051156907494,0.4534504804121283,0.4591042182441102,0.4313774227459992,0.75,44709
0,0,0.4866326999293595,-0.2896312917778125,0.0510803894426436,-0.8516609922317622,0.132484428370131,0.5715371617460968,0.0541864731373086,-0.1417806950288363,-0.4864685772839422,0.1846846336412927,-0.0009688720422725,0.4060468917952878,0.2341922650046989,0.5549974019961417,0.0140576463190273,0.3547591622186937,-0.4289470243255512,0.1273973104704045,0.0152293951960787,-0.4844704194330868,0.0027958011959606,0.1321402465769226,0.0524971529590221,0.998562894971431,0.1299663533732784,0.000840779142992,0.888698528424315,0.0002029185103068,0.0655687867978563,0.744738069547906,0.2297179975755858,0.3226759588743298,0.4795390312788146,0.3869585260674902,0.7122999315086683,0.3384193364242871,0.4399805827743853,0.572357103159748,0.5142012940582728,0.5506605763784594,0.1221470276265178,0.1282715225541673,0.1479051156907494,0.4534504804121283,0.4591042182441102,0.4313774227459992,0.75,44728
0,0,0.4866326999293595,-0.2896312917778125,0.0510803894426436,-0.8516609922317622,0.132484428370131,0.5715371617460968,0.0541864731373086,-0.1417806950288363,-0.4864685772839422,0.1846846336412927,-0.0009688720422725,0.4060468917952878,0.2341922650046989,0.5549974019961417,0.0140576463190273,0.3547591622186937,-0.4289470243255512,0.1273973104704045,0.0152293951960787,-0.4844704194330868,0.0027958011959606,0.1321402465769226,0.0524971529590221,0.998562894971431,0.1299663533732784,0.000840779142992,0.888698528424315,0.0002029185103068,0.0655687867978563,0.744738069547906,0.2297179975755858,0.3226759588743298,0.4795390312788146,0.3869585260674902,0.7122999315086683,0.3384193364242871,0.4399805827743853,0.572357103159748,0.5142012940582728,0.5506605763784594,0.1221470276265178,0.1282715225541673,0.1479051156907494,0.4534504804121283,0.4591042182441102,0.4313774227459992,0.75,44739
0,0,0.4866326999293595,-0.2896312917778125,0.0510803894426436,-0.8516609922317622,0.132484428370131,0.5715371617460968,0.0541864731373086,-0.1417806950288363,-0.4864685772839422,0.1846846336412927,-0.0009688720422725,0.4060468917952878,0.2341922650046989,0.5549974019961417,0.0140576463190273,0.3547591622186937,-0.4289470243255512,0.1273973104704045,0.0152293951960787,-0.4844704194330868,0.0027958011959606,0.1321402465769226,0.0524971529590221,0.998562894971431,0.1299663533732784,0.000840779142992,0.888698528424315,0.0002029185103068,0.0655687867978563,0.744738069547906,0.2297179975755858,0.3226759588743298,0.4795390312788146,0.3869585260674902,0.7122999315086683,0.3384193364242871,0.4399805827743853,0.572357103159748,0.5142012940582728,0.5506605763784594,0.1221470276265178,0.1282715225541673,0.1479051156907494,0.4534504804121283,0.4591042182441102,0.4313774227459992,0.75,44749
0,0,0.4866326999293595,-0.2896312917778125,0.0510803894426436,-0.8516609922317622,0.132484428370131,0.5715371617460968,0.0541864731373086,-0.1417806950288363,-0.4864685772839422,0.1846846336412927,-0.0009688720422725,0.4060468917952878,0.2341922650046989,0.5549974019961417,0.0140576463190273,0.3547591622186937,-0.4289470243255512,0.1273973104704045,0.0152293951960787,-0.4844704194330868,0.0027958011959606,0.1321402465769226,0.0524971529590221,0.998562894971431,0.1299663533732784,0.000840779142992,0.888698528424315,0.0002029185103068,0.0655687867978563,0.744738069547906,0.2297179975755858,0.3226759588743298,0.4795390312788146,0.3869585260674902,0.7122999315086683,0.3384193364242871,0.4399805827743853,0.572357103159748,0.5142012940582728,0.5506605763784594,0.1221470276265178,0.1282715225541673,0.1479051156907494,0.4534504804121283,0.4591042182441102,0.4313774227459992,0.75,44760
0,0,0.4866326999293595,-0.2896312917778125,0.0510803894426436,-0.8516609922317622,0.132484428370131,0.5715371617460968,0.0541864731373086,-0.1417806950288363,-0.4864685772839422,0.1846846336412927,-0.0009688720422725,0.4060468917952878,0.2341922650046989,0.5549974019961417,0.0140576463190273,0.3547591622186937,-0.4289470243255512,0.1273973104704045,0.0152293951960787,-0.4844704194330868,0.0027958011959606,0.1321402465769226,0.0524971529590221,0.998562894971431,0.1299663533732784,0.000840779142992,0.888698528424315,0.0002029185103068,0.0655687867978563,0.744738069547906,0.2297179975755858,0.3226759588743298,0.4795390312788146,0.3869585260674902,0.7122999315086683,0.3384193364242871,0.4399805827743853,0.572357103159748,0.5142012940582728,0.5506605763784594,0.1221470276265178,0.1282715225541673,0.1479051156907494,0.4534504804121283,0.4591042182441102,0.4313774227459992,0.75,44771
0,0,0.4866326999293595,-0.2896312917778125,0.0510803894426436,-0.8516609922317622,0.132484428370131,0.5715371617460968,0.0541864731373086,-0.1417806950288363,-0.4864685772839422,0.1846846336412927,-0.0009688720422725,0.4060468917952878,0.2341922650046989,0.5549974019961417,0.0140576463190273,0.3547591622186937,-0.4289470243255512,0.1273973104704045,0.0152293951960787,-0.4844704194330868,0.0027958011959606,0.1321402465769226,0.0524971529590221,0.998562894971431,0.1299663533732784,0.000840779142992,0.888698528424315,0.0002029185103068,0.0655687867978563,0.744738069547906,0.2297179975755858,0.3226759588743298,0.4795390312788146,0.3869585260674902,0.7122999315086683,0.3384193364242871,0.4399805827743853,0.572357103159748,0.5142012940582728,0.5506605763784594,0.1221470276265178,0.1282715225541673,0.1479051156907494,0.4534504804121283,0.4591042182441102,0.4313774227459992,0.75,44782
0,0,0.4866326999293595,-0.2896312917778125,0.0510803894426436,-0.8516609922317622,0.132484428370131,0.5715371617460968,0.0541864731373086,-0.1417806950288363,-0.4864685772839422,0.1846846336412927,-0.0009688720422725,0.4060468917952878,0.2341922650046989,0.5549974019961417,0.0140576463190273,0.3547591622186937,-0.4289470243255512,0.1273973104704045,0.0152293951960787,-0.4844704194330868,0.0027958011959606,0.1321402465769226,0.0524971529590221,0.998562894971431,0.1299663533732784,0.000840779142992,0.888698528424315,0.0002029185103068,0.0655687867978563,0.744738069547906,0.2297179975755858,0.3226759588743298,0.4795390312788146,0.3869585260674902,0.7122999315086683,0.3384193364242871,0.4399805827743853,0.572357103159748,0.5142012940582728,0.5506605763784594,0.1221470276265178,0.1282715225541673,0.1479051156907494,0.4534504804121283,0.4591042182441102,0.4313774227459992,0.75,44793
0,0,0.4866326999293595,-0.2896312917778125,0.0510803894426436,-0.8516609922317622,0.132484428370131,0.5715371617460968,0.0541864731373086,-0.1417806950288363,-0.4864685772839422,0.1846846336412927,-0.0009688720422725,0.4060468917952878,0.2341922650046989,0.5549974019961417,0.0140576463190273,0.3547591622186937,-0.4289470243255512,0.1273973104704045,0.0152293951960787,-0.4844704194330868,0.0027958011959606,0.1321402465769226,0.0524971529590221,0.998562894971431,0.1299663533732784,0.000840779142992,0.888698528424315,0.0002029185103068,0.0655687867978563,0.744738069547906,0.2297179975755858,0.3226759588743298,0.4795390312788146,0.3869585260674902,0.7122999315086683,0.3384193364242871,0.4399805827743853,0.572357103159748,0.5142012940582728,0.5506605763784594,0.1221470276265178,0.1282715225541673,0.1479051156907494,0.4534504804121283,0.4591042182441102,0.4313774227459992,0.75,44803
0,0,0.4866326999293595,-0.2896312917778125,0.0510803894426436,-0.8516609922317622,0.132484428370131,0.5715371617460968,0.0541864731373086,-0.1417806950288363,-0.4864685772839422,0.1846846336412927,-0.0009688720422725,0.4060468917952878,0.2341922650046989,0.5549974019961417,0.0140576463190273,0.3547591622186937,-0.4289470243255512,0.1273973104704045,0.0152293951960787,-0.4844704194330868,0.0027958011959606,0.1321402465769226,0.0524971529590221,0.998562894971431,0.1299663533732784,0.000840779142992,0.888698528424315,0.0002029185103068,0.0655687867978563,0.744738069547906,0.2297179975755858,0.3226759588743298,0.4795390312788146,0.3869585260674902,0.7122999315086683,0.3384193364242871,0.4399805827743853,0.572357103159748,0.5142012940582728,0.5506605763784594,0.1221470276265178,0.1282715225541673,0.1479051156907494,0.4534504804121283,0.4591042182441102,0.4313774227459992,0.75,44813
0,0,0.4866326999293595,-0.2896312917778125,0.0510803894426436,-0.8516609922317622,0.132484428370131,0.5715371617460968,0.0541864731373086,-0.1417806950288363,-0.4864685772839422,0.1846846336412927,-0.0009688720422725,0.4060468917952878,0.2341922650046989,0.5549974019961417,0.0140576463190273,0.3547591622186937,-0.4289470243255512,0.1273973104704045,0.0152293951960787,-0.4844704194330868,0.0027958011959606,0.1321402465769226,0.0524971529590221,0.998562894971431,0.1299663533732784,0.000840779142992,0.888698528424315,0.0002029185103068,0.0655687867978563,0.744738069547906,0.2297179975755858,0.3226759588743298,0.4795390312788146,0.3869585260674902,0.7122999315086683,0.3384193364242871,0.4399805827743853,0.572357103159748,0.5142012940582728,0.5506605763784594,0.1221470276265178,0.1282715225541673,0.1479051156907494,0.4534504804121283,0.4591042182441102,0.4313774227459992,0.75,44823
0,0,0.4866326999293595,-0.2896312917778125,0.0510803894426436,-0.8516609922317622,0.132484428370131,0.5715371617460968,0.0541864731373086,-0.1417806950288363,-0.4864685772839422,0.1846846336412927,-0.0009688720422725,0.4060468917952878,0.2341922650046989,0.5549974019961417,0.0140576463190273,0.3547591622186937,-0.4289470243255512,0.1273973104704045,0.0152293951960787,-0.4844704194330868,0.0027958011959606,0.1321402465769226,0.0524971529590221,0.998562894971431,0.1299663533732784,0.000840779142992,0.888698528424315,0.0002029185103068,0.0655687867978563,0.744738069547906,0.2297179975755858,0.3226759588743298,0.4795390312788146,0.3869585260674902,0.7122999315086683,0.3384193364242871,0.4399805827743853,0.572357103159748,0.5142012940582728,0.5506605763784594,0.1221470276265178,0.1282715225541673,0.1479051156907494,0.4534504804121283,0.4591042182441102,0.4313774227459992,0.75,44842
0,0,0.4866326999293595,-0.2896312917778125,0.0510803894426436,-0.8516609922317622,0.132484428370131,0.5715371617460968,0.0541864731373086,-0.1417806950288363,-0.4864685772839422,0.1846846336412927,-0.0009688720422725,0.4060468917952878,0.2341922650046989,0.5549974019961417,0.0140576463190273,0.3547591622186937,-0.4289470243255512,0.1273973104704045,0.0152293951960787,-0.4844704194330868,0.0027958011959606,0.1321402465769226,0.0524971529590221,0.998562894971431,0.1299663533732784,0.000840779142992,0.888698528424315,0.0002029185103068,0.0655687867978563,0.744738069547906,0.2297179975755858,0.3226759588743298,0.4795390312788146,0.3869585260674902,0.7122999315086683,0.3384193364242871,0.4399805827743853,0.572357103159748,0.5142012940582728,0.5506605763784594,0.1221470276265178,0.1282715225541673,0.1479051156907494,0.4534504804121283,0.4591042182441102,0.4313774227459992,0.75,44853
0,0,0.4866326999293595,-0.2896312917778125,0.0510803894426436,-0.8516609922317622,0.132484428370131,0.5715371617460968,0.0541864731373086,-0.1417806950288363,-0.4864685772839422,0.1846846336412927,-0.0009688720422725,0.4060468917952878,0.2341922650046989,0.5549974019961417,0.0140576463190273,0.3547591622186937,-0.4289470243255512,0.1273973104704045,0.0152293951960787,-0.4844704194330868,0.0027958011959606,0.1321402465769226,0.0524971529590221,0.998562894971431,0.1299663533732784,0.000840779142992,0.888698528424315,0.0002029185103068,0.0655687867978563,0.744738069547906,0.2297179975755858,0.3226759588743298,0.4795390312788146,0.3869585260674902,0.7122999315086683,0.3384193364242871,0.4399805827743853,0.572357103159748,0.5142012940582728,0.5506605763784594,0.1221470276265178,0.1282715225541673,0.1479051156907494,0.4534504804121283,0.4591042182441102,0.4313774227459992,0.75,44863
0,0,0.4866326999293595,-0.2896312917778125,0.0510803894426436,-0.8516609922317622,0.132484428370131,0.5715371617460968,0.0541864731373086,-0.1417806950288363,-0.4864685772839422,0.1846846336412927,-0.0009688720422725,0.4060468917952878,0.2341922650046989,0.5549974019961417,0.0140576463190273,0.3547591622186937,-0.4289470243255512,0.1273973104704045,0.0152293951960787,-0.4844704194330868,0.0027958011959606,0.1321402465769226,0.0524971529590221,0.998562894971431,0.1299663533732784,0.000840779142992,0.888698528424315,0.0002029185103068,0.0655687867978563,0.744738069547906,0.2297179975755858,0.3226759588743298,0.4795390312788146,0.3869585260674902,0.7122999315086683,0.3384193364242871,0.4399805827743853,0.572357103159748,0.5142012940582728,0.5506605763784594,0.1221470276265178,0.1282715225541673,0.1479051156907494,0.4534504804121283,0.4591042182441102,0.4313774227459992,0.75,44874
0,0,0.4866326999293595,-0.2896312917778125,0.0510803894426436,-0.8516609922317622,0.132484428370131,0.5715371617460968,0.0541864731373086,-0.1417806950288363,-0.4864685772839422,0.1846846336412927,-0.0009688720422725,0.4060468917952878,0.2341922650046989,0.5549974019961417,0.0140576463190273,0.3547591622186937,-0.4289470243255512,0.1273973104704045,0.0152293951960787,-0.4844704194330868,0.0027958011959606,0.1321402465769226,0.0524971529590221,0.998562894971431,0.1299663533732784,0.000840779142992,0.888698528424315,0.0002029185103068,0.0655687867978563,0.744738069547906,0.2297179975755858,0.3226759588743298,0.4795390312788146,0.3869585260674902,0.7122999315086683,0.3384193364242871,0.4399805827743853,0.572357103159748,0.5142012940582728,0.5506605763784594,0.1221470276265178,0.1282715225541673,0.1479051156907494,0.4534504804121283,0.4591042182441102,0.4313774227459992,0.75,44885
0,0,0.4866326999293595,-0.2896312917778125,0.0510803894426436,-0.8516609922317622,0.132484428370131,0.5715371617460968,0.0541864731373086,-0.1417806950288363,-0.4864685772839422,0.1846846336412927,-0.0009688720422725,0.4060468917952878,0.2341922650046989,0.5549974019961417,0.0140576463190273,0.3547591622186937,-0.4289470243255512,0.1273973104704045,0.0152293951960787,-0.4844704194330868,0.0027958011959606,0.1321402465769226,0.0524971529590221,0.998562894971431,0.1299663533732784,0.000840779142992,0.888698528424315,0.0002029185103068,0.0655687867978563,0.744738069547906,0.2297179975755858,0.3226759588743298,0.4795390312788146,0.3869585260674902,0.7122999315086683,0.3384193364242871,0.4399805827743853,0.572357103159748,0.5142012940582728,0.5506605763784594,0.1221470276265178,0.1282715225541673,0.1479051156907494,0.4534504804121283,0.4591042182441102,0.4313774227459992,0.75,44895
0,0,0.4866326999293595,-0.2896312917778125,0.0510803894426436,-0.8516609922317622,0.132484428370131,0.5715371617460968,0.0541864731373086,-0.1417806950288363,-0.4864685772839422,0.1846846336412927,-0.0009688720422725,0.4060468917952878,0.2341922650046989,0.5549974019961417,0.0140576463190273,0.3547591622186937,-0.4289470243255512,0.1273973104704045,0.0152293951960787,-0.4844704194330868,0.0027958011959606,0.1321402465769226,0.0524971529590221,0.998562894971431,0.1299663533732784,0.000840779142992,0.888698528424315,0.0002029185103068,0.0655687867978563,0.744738069547906,0.2297179975755858,0.3226759588743298,0.4795390312788146,0.3869585260674902,0.7122999315086683,0.3384193364242871,0.4399805827743853,0.572357103159748,0.5142012940582728,0.5506605763784594,0.1221470276265178,0.1282715225541673,0.1479051156907494,0.4534504804121283,0.4591042182441102,0.4313774227459992,0.75,44905
0,0,0.4866326999293595,-0.2896312917778125,0.0510803894426436,-0.8516609922317622,0.132484428370131,0.5715371617460968,0.0541864731373086,-0.1417806950288363,-0.4864685772839422,0.1846846336412927,-0.0009688720422725,0.4060468917952878,0.2341922650046989,0.5549974019961417,0.0140576463190273,0.3547591622186937,-0.4289470243255512,0.1273973104704045,0.0152293951960787,-0.4844704194330868,0.0027958011959606,0.1321402465769226,0.0524971529590221,0.998562894971431,0.1299663533732784,0.000840779142992,0.888698528424315,0.0002029185103068,0.0655687867978563,0.744738069547906,0.2297179975755858,0.3226759588743298,0.4795390312788146,0.3869585260674902,0.7122999315086683,0.3384193364242871,0.4399805827743853,0.572357103159748,0.5142012940582728,0.5506605763784594,0.1221470276265178,0.1282715225541673,0.1479051156907494,0.4534504804121283,0.4591042182441102,0.4313774227459992,0.75,44915
0,0,0.4866326999293595,-0.2896312917778125,0.0510803894426436,-0.8516609922317622,0.132484428370131,0.5715371617460968,0.0541864731373086,-0.1417806950288363,-0.4864685772839422,0.1846846336412927,-0.0009688720422725,0.4060468917952878,0.2341922650046989,0.5549974019961417,0.0140576463190273,0.3547591622186937,-0.4289470243255512,0.1273973104704045,0.0152293951960787,-0.4844704194330868,0.0027958011959606,0.1321402465769226,0.0524971529590221,0.998562894971431,0.1299663533732784,0.000840779142992,0.888698528424315,0.0002029185103068,0.0655687867978563,0.744738069547906,0.2297179975755858,0.3226759588743298,0.4795390312788146,0.3869585260674902,0.7122999315086683,0.3384193364242871,0.4399805827743853,0.572357103159748,0.5142012940582728,0.5506605763784594,0.1221470276265178,0.1282715225541673,0.1479051156907494,0.4534504804121283,0.4591042182441102,0.4313774227459992,0.75,44925
0,0,0.4866326999293595,-0.2896312917778125,0.0510803894426436,-0.8516609922317622,0.132484428370131,0.5715371617460968,0.0541864731373086,-0.1417806950288363,-0.4864685772839422,0.1846846336412927,-0.0009688720422725,0.4060468917952878,0.2341922650046989,0.5549974019961417,0.0140576463190273,0.3547591622186937,-0.4289470243255512,0.1273973104704045,0.0152293951960787,-0.4844704194330868,0.0027958011959606,0.1321402465769226,0.0524971529590221,0.998562894971431,0.1299663533732784,0.000840779142992,0.888698528424315,0.0002029185103068,0.0655687867978563,0.744738069547906,0.2297179975755858,0.3226759588743298,0.4795390312788146,0.3869585260674902,0.7122999315086683,0.3384193364242871,0.4399805827743853,0.572357103159748,0.5142012940582728,0.5506605763784594,0.1221470276265178,0.1282715225541673,0.1479051156907494,0.4534504804121283,0.4591042182441102,0.4313774227459992,0.75,44936
0,0,0.4866326999293595,-0.2896312917778125,0.0510803894426436,-0.8516609922317622,0.132484428370131,0.5715371617460968,0.0541864731373086,-0.1417806950288363,-0.4864685772839422,0.1846846336412927,-0.0009688720422725,0.4060468917952878,0.2341922650046989,0.5549974019961417,0.0140576463190273,0.3547591622186937,-0.4289470243255512,0.1273973104704045,0.0152293951960787,-0.4844704194330868,0.0027958011959606,0.1321402465769226,0.0524971529590221,0.998562894971431,0.1299663533732784,0.000840779142992,0.888698528424315,0.0002029185103068,0.0655687867978563,0.744738069547906,0.2297179975755858,0.3226759588743298,0.4795390312788146,0.3869585260674902,0.7122999315086683,0.3384193364242871,0.4399805827743853,0.572357103159748,0.5142012940582728,0.5506605763784594,0.1221470276265178,0.1282715225541673,0.1479051156907494,0.4534504804121283,0.4591042182441102,0.4313774227459992,0.75,44947
0,0,0.4866326999293595,-0.2896312917778125,0.0510803894426436,-0.8516609922317622,0.132484428370131,0.5715371617460968,0.0541864731373086,-0.1417806950288363,-0.4864685772839422,0.1846846336412927,-0.0009688720422725,0.4060468917952878,0.2341922650046989,0.5549974019961417,0.0140576463190273,0.3547591622186937,-0.4289470243255512,0.1273973104704045,0.0152293951960787,-0.4844704194330868,0.0027958011959606,0.1321402465769226,0.0524971529590221,0.998562894971431,0.1299663533732784,0.000840779142992,0.888698528424315,0.0002029185103068,0.0655687867978563,0.744738069547906,0.2297179975755858,0.3226759588743298,0.4795390312788146,0.3869585260674902,0.7122999315086683,0.3384193364242871,0.4399805827743853,0.572357103159748,0.5142012940582728,0.5506605763784594,0.1221470276265178,0.1282715225541673,0.1479051156907494,0.4534504804121283,0.4591042182441102,0.4313774227459992,0.75,44964
0,0,0.4866326999293595,-0.2896312917778125,0.0510803894426436,-0.8516609922317622,0.132484428370131,0.5715371617460968,0.0541864731373086,-0.1417806950288363,-0.4864685772839422,0.1846846336412927,-0.0009688720422725,0.4060468917952878,0.2341922650046989,0.5549974019961417,0.0140576463190273,0.3547591622186937,-0.4289470243255512,0.1273973104704045,0.0152293951960787,-0.4844704194330868,0.0027958011959606,0.1321402465769226,0.0524971529590221,0.998562894971431,0.1299663533732784,0.000840779142992,0.888698528424315,0.0002029185103068,0.0655687867978563,0.744738069547906,0.2297179975755858,0.3226759588743298,0.4795390312788146,0.3869585260674902,0.7122999315086683,0.3384193364242871,0.4399805827743853,0.572357103159748,0.5142012940582728,0.5506605763784594,0.1221470276265178,0.1282715225541673,0.1479051156907494,0.4534504804121283,0.4591042182441102,0.4313774227459992,0.75,44982
0,0,0.4866326999293595,-0.2896312917778125,0.0510803894426436,-0.8516609922317622,0.132484428370131,0.5715371617460968,0.0541864731373086,-0.1417806950288363,-0.4864685772839422,0.1846846336412927,-0.0009688720422725,0.4060468917952878,0.2341922650046989,0.5549974019961417,0.0140576463190273,0.3547591622186937,-0.4289470243255512,0.1273973104704045,0.0152293951960787,-0.4844704194330868,0.0027958011959606,0.1321402465769226,0.0524971529590221,0.998562894971431,0.1299663533732784,0.000840779142992,0.888698528424315,0.0002029185103068,0.0655687867978563,0.744738069547906,0.2297179975755858,0.3226759588743298,0.4795390312788146,0.3869585260674902,0.7122999315086683,0.3384193364242871,0.4399805827743853,0.572357103159748,0.5142012940582728,0.5506605763784594,0.1221470276265178,0.1282715225541673,0.1479051156907494,0.4534504804121283,0.4591042182441102,0.4313774227459992,0.75,44993
0,0,0.4866326999293595,-0.2896312917778125,0.0510803894426436,-0.8516609922317622,0.132484428370131,0.5715371617460968,0.0541864731373086,-0.1417806950288363,-0.4864685772839422,0.1846846336412927,-0.0009688720422725,0.4060468917952878,0.2341922650046989,0.5549974019961417,0.0140576463190273,0.3547591622186937,-0.4289470243255512,0.1273973104704045,0.0152293951960787,-0.4844704194330868,0.0027958011959606,0.1321402465769226,0.0524971529590221,0.998562894971431,0.1299663533732784,0.000840779142992,0.888698528424315,0.0002029185103068,0.0655687867978563,0.744738069547906,0.2297179975755858,0.3226759588743298,0.4795390312788146,0.3869585260674902,0.7122999315086683,0.3384193364242871,0.4399805827743853,0.572357103159748,0.5142012940582728,0.5506605763784594,0.1221470276265178,0.1282715225541673,0.1479051156907494,0.4534504804121283,0.4591042182441102,0.4313774227459992,0.75,45003
0,0,0.4866326999293595,-0.2896312917778125,0.0510803894426436,-0.8516609922317622,0.132484428370131,0.5715371617460968,0.0541864731373086,-0.1417806950288363,-0.4864685772839422,0.1846846336412927,-0.0009688720422725,0.4060468917952878,0.2341922650046989,0.5549974019961417,0.0140576463190273,0.3547591622186937,-0.4289470243255512,0.1273973104704045,0.0152293951960787,-0.4844704194330868,0.0027958011959606,0.1321402465769226,0.0524971529590221,0.998562894971431,0.1299663533732784,0.000840779142992,0.888698528424315,0.0002029185103068,0.0655687867978563,0.744738069547906,0.2297179975755858,0.3226759588743298,0.4795390312788146,0.3869585260674902,0.7122999315086683,0.3384193364242871,0.4399805827743853,0.572357103159748,0.5142012940582728,0.5506605763784594,0.1221470276265178,0.1282715225541673,0.1479051156907494,0.4534504804121283,0.4591042182441102,0.4313774227459992,0.75,45023
0,0,0.4866326999293595,-0.2896312917778125,0.0510803894426436,-0.8516609922317622,0.132484428370131,0.5715371617460968,0.0541864731373086,-0.1417806950288363,-0.4864685772839422,0.1846846336412927,-0.0009688720422725,0.4060468917952878,0.2341922650046989,0.5549974019961417,0.0140576463190273,0.3547591622186937,-0.4289470243255512,0.1273973104704045,0.0152293951960787,-0.4844704194330868,0.0027958011959606,0.1321402465769226,0.0524971529590221,0.998562894971431,0.1299663533732784,0.000840779142992,0.888698528424315,0.0002029185103068,0.0655687867978563,0.744738069547906,0.2297179975755858,0.3226759588743298,0.4795390312788146,0.3869585260674902,0.7122999315086683,0.3384193364242871,0.4399805827743853,0.572357103159748,0.5142012940582728,0.5506605763784594,0.1221470276265178,0.1282715225541673,0.1479051156907494,0.4534504804121283,0.4591042182441102,0.4313774227459992,0.75,45033
0,0,0.4866326999293595,-0.2896312917778125,0.0510803894426436,-0.8516609922317622,0.132484428370131,0.5715371617460968,0.0541864731373086,-0.1417806950288363,-0.4864685772839422,0.1846846336412927,-0.0009688720422725,0.4060468917952878,0.2341922650046989,0.5549974019961417,0.0140576463190273,0.3547591622186937,-0.4289470243255512,0.1273973104704045,0.0152293951960787,-0.4844704194330868,0.0027958011959606,0.1321402465769226,0.0524971529590221,0.998562894971431,0.1299663533732784,0.000840779142992,0.888698528424315,0.0002029185103068,0.0655687867978563,0.744738069547906,0.2297179975755858,0.3226759588743298,0.4795390312788146,0.3869585260674902,0.7122999315086683,0.3384193364242871,0.4399805827743853,0.572357103159748,0.5142012940582728,0.5506605763784594,0.1221470276265178,0.1282715225541673,0.1479051156907494,0.4534504804121283,0.4591042182441102,0.4313774227459992,0.75,45043
0,0,0.4866326999293595,-0.2896312917778125,0.0510803894426436,-0.8516609922317622,0.132484428370131,0.5715371617460968,0.0541864731373086,-0.1417806950288363,-0.4864685772839422,0.1846846336412927,-0.0009688720422725,0.4060468917952878,0.2341922650046989,0.5549974019961417,0.0140576463190273,0.3547591622186937,-0.4289470243255512,0.1273973104704045,0.0152293951960787,-0.4844704194330868,0.0027958011959606,0.1321402465769226,0.0524971529590221,0.998562894971431,0.1299663533732784,0.000840779142992,0.888698528424315,0.0002029185103068,0.0655687867978563,0.744738069547906,0.2297179975755858,0.3226759588743298,0.4795390312788146,0.3869585260674902,0.7122999315086683,0.3384193364242871,0.4399805827743853,0.572357103159748,0.5142012940582728,0.5506605763784594,0.1221470276265178,0.1282715225541673,0.1479051156907494,0.4534504804121283,0.4591042182441102,0.4313774227459992,0.75,45054
0,0,0.4866326999293595,-0.2896312917778125,0.0510803894426436,-0.8516609922317622,0.132484428370131,0.5715371617460968,0.0541864731373086,-0.1417806950288363,-0.4864685772839422,0.1846846336412927,-0.0009688720422725,0.4060468917952878,0.2341922650046989,0.5549974019961417,0.0140576463190273,0.3547591622186937,-0.4289470243255512,0.1273973104704045,0.0152293951960787,-0.4844704194330868,0.0027958011959606,0.1321402465769226,0.0524971529590221,0.998562894971431,0.1299663533732784,0.000840779142992,0.888698528424315,0.0002029185103068,0.0655687867978563,0.744738069547906,0.2297179975755858,0.3226759588743298,0.4795390312788146,0.3869585260674902,0.7122999315086683,0.3384193364242871,0.4399805827743853,0.572357103159748,0.5142012940582728,0.5506605763784594,0.1221470276265178,0.1282715225541673,0.1479051156907494,0.4534504804121283,0.4591042182441102,0.4313774227459992,0.75,45064
0,0,0.4866326999293595,-0.2896312917778125,0.0510803894426436,-0.8516609922317622,0.132484428370131,0.5715371617460968,0.0541864731373086,-0.1417806950288363,-0.4864685772839422,0.1846846336412927,-0.0009688720422725,0.4060468917952878,0.2341922650046989,0.5549974019961417,0.0140576463190273,0.3547591622186937,-0.4289470243255512,0.1273973104704045,0.0152293951960787,-0.4844704194330868,0.0027958011959606,0.1321402465769226,0.0524971529590221,0.998562894971431,0.1299663533732784,0.000840779142992,0.888698528424315,0.0002029185103068,0.0655687867978563,0.744738069547906,0.2297179975755858,0.3226759588743298,0.4795390312788146,0.3869585260674902,0.7122999315086683,0.3384193364242871,0.4399805827743853,0.572357103159748,0.5142012940582728,0.5506605763784594,0.1221470276265178,0.1282715225541673,0.1479051156907494,0.4534504804121283,0.4591042182441102,0.4313774227459992,0.75,45074
0,0,0.4866326999293595,-0.2896312917778125,0.0510803894426436,-0.8516609922317622,0.132484428370131,0.5715371617460968,0.0541864731373086,-0.1417806950288363,-0.4864685772839422,0.1846846336412927,-0.0009688720422725,0.4060468917952878,0.2341922650046989,0.5549974019961417,0.0140576463190273,0.3547591622186937,-0.4289470243255512,0.1273973104704045,0.0152293951960787,-0.4844704194330868,0.0027958011959606,0.1321402465769226,0.0524971529590221,0.998562894971431,0.1299663533732784,0.000840779142992,0.888698528424315,0.0002029185103068,0.0655687867978563,0.744738069547906,0.2297179975755858,0.3226759588743298,0.4795390312788146,0.3869585260674902,0.7122999315086683,0.3384193364242871,0.4399805827743853,0.572357103159748,0.5142012940582728,0.5506605763784594,0.1221470276265178,0.1282715225541673,0.1479051156907494,0.4534504804121283,0.4591042182441102,0.4313774227459992,0.75,45085
0,0,0.4866326999293595,-0.2896312917778125,0.0510803894426436,-0.8516609922317622,0.132484428370131,0.5715371617460968,0.0541864731373086,-0.1417806950288363,-0.4864685772839422,0.1846846336412927,-0.0009688720422725,0.4060468917952878,0.2341922650046989,0.5549974019961417,0.0140576463190273,0.3547591622186937,-0.4289470243255512,0.1273973104704045,0.0152293951960787,-0.4844704194330868,0.0027958011959606,0.1321402465769226,0.0524971529590221,0.998562894971431,0.1299663533732784,0.000840779142992,0.888698528424315,0.0002029185103068,0.0655687867978563,0.744738069547906,0.2297179975755858,0.3226759588743298,0.4795390312788146,0.3869585260674902,0.7122999315086683,0.3384193364242871,0.4399805827743853,0.572357103159748,0.5142012940582728,0.5506605763784594,0.1221470276265178,0.1282715225541673,0.1479051156907494,0.4534504804121283,0.4591042182441102,0.4313774227459992,0.75,45103
0,0,0.4866326999293595,-0.2896312917778125,0.0510803894426436,-0.8516609922317622,0.132484428370131,0.5715371617460968,0.0541864731373086,-0.1417806950288363,-0.4864685772839422,0.1846846336412927,-0.0009688720422725,0.4060468917952878,0.2341922650046989,0.5549974019961417,0.0140576463190273,0.3547591622186937,-0.4289470243255512,0.1273973104704045,0.0152293951960787,-0.4844704194330868,0.0027958011959606,0.1321402465769226,0.0524971529590221,0.998562894971431,0.1299663533732784,0.000840779142992,0.888698528424315,0.0002029185103068,0.0655687867978563,0.744738069547906,0.2297179975755858,0.3226759588743298,0.4795390312788146,0.3869585260674902,0.7122999315086683,0.3384193364242871,0.4399805827743853,0.572357103159748,0.5142012940582728,0.5506605763784594,0.1221470276265178,0.1282715225541673,0.1479051156907494,0.4534504804121283,0.4591042182441102,0.4313774227459992,0.75,45114
0,0,0.4866326999293595,-0.2896312917778125,0.0510803894426436,-0.8516609922317622,0.132484428370131,0.5715371617460968,0.0541864731373086,-0.1417806950288363,-0.4864685772839422,0.1846846336412927,-0.0009688720422725,0.4060468917952878,0.2341922650046989,0.5549974019961417,0.0140576463190273,0.3547591622186937,-0.4289470243255512,0.1273973104704045,0.0152293951960787,-0.4844704194330868,0.0027958011959606,0.1321402465769226,0.0524971529590221,0.998562894971431,0.1299663533732784,0.000840779142992,0.888698528424315,0.0002029185103068,0.0655687867978563,0.744738069547906,0.2297179975755858,0.3226759588743298,0.4795390312788146,0.3869585260674902,0.7122999315086683,0.3384193364242871,0.4399805827743853,0.572357103159748,0.5142012940582728,0.5506605763784594,0.1221470276265178,0.1282715225541673,0.1479051156907494,0.4534504804121283,0.4591042182441102,0.4313774227459992,0.75,45124
0,0,0.4866326999293595,-0.2896312917778125,0.0510803894426436,-0.8516609922317622,0.132484428370131,0.5715371617460968,0.0541864731373086,-0.1417806950288363,-0.4864685772839422,0.1846846336412927,-0.0009688720422725,0.4060468917952878,0.2341922650046989,0.5549974019961417,0.0140576463190273,0.3547591622186937,-0.4289470243255512,0.1273973104704045,0.0152293951960787,-0.4844704194330868,0.0027958011959606,0.1321402465769226,0.0524971529590221,0.998562894971431,0.1299663533732784,0.000840779142992,0.888698528424315,0.0002029185103068,0.0655687867978563,0.744738069547906,0.2297179975755858,0.3226759588743298,0.4795390312788146,0.3869585260674902,0.7122999315086683,0.3384193364242871,0.4399805827743853,0.572357103159748,0.5142012940582728,0.5506605763784594,0.1221470276265178,0.1282715225541673,0.1479051156907494,0.4534504804121283,0.4591042182441102,0.4313774227459992,0.75,45135
0,0,0.4866326999293595,-0.2896312917778125,0.0510803894426436,-0.8516609922317622,0.132484428370131,0.5715371617460968,0.0541864731373086,-0.1417806950288363,-0.4864685772839422,0.1846846336412927,-0.0009688720422725,0.4060468917952878,0.2341922650046989,0.5549974019961417,0.0140576463190273,0.3547591622186937,-0.4289470243255512,0.1273973104704045,0.0152293951960787,-0.4844704194330868,0.0027958011959606,0.1321402465769226,0.0524971529590221,0.998562894971431,0.1299663533732784,0.000840779142992,0.888698528424315,0.0002029185103068,0.0655687867978563,0.744738069547906,0.2297179975755858,0.3226759588743298,0.4795390312788146,0.3869585260674902,0.7122999315086683,0.3384193364242871,0.4399805827743853,0.572357103159748,0.5142012940582728,0.5506605763784594,0.1221470276265178,0.1282715225541673,0.1479051156907494,0.4534504804121283,0.4591042182441102,0.4313774227459992,0.75,45154
0,0,0.4866326999293595,-0.2896312917778125,0.0510803894426436,-0.8516609922317622,0.132484428370131,0.5715371617460968,0.0541864731373086,-0.1417806950288363,-0.4864685772839422,0.1846846336412927,-0.0009688720422725,0.4060468917952878,0.2341922650046989,0.5549974019961417,0.0140576463190273,0.3547591622186937,-0.4289470243255512,0.1273973104704045,0.0152293951960787,-0.4844704194330868,0.0027958011959606,0.1321402465769226,0.0524971529590221,0.998562894971431,0.1299663533732784,0.000840779142992,0.888698528424315,0.0002029185103068,0.0655687867978563,0.744738069547906,0.2297179975755858,0.3226759588743298,0.4795390312788146,0.3869585260674902,0.7122999315086683,0.3384193364242871,0.4399805827743853,0.572357103159748,0.5142012940582728,0.5506605763784594,0.1221470276265178,0.1282715225541673,0.1479051156907494,0.4534504804121283,0.4591042182441102,0.4313774227459992,0.75,45164
0,0,0.4866326999293595,-0.2896312917778125,0.0510803894426436,-0.8516609922317622,0.132484428370131,0.5715371617460968,0.0541864731373086,-0.1417806950288363,-0.4864685772839422,0.1846846336412927,-0.0009688720422725,0.4060468917952878,0.2341922650046989,0.5549974019961417,0.0140576463190273,0.3547591622186937,-0.4289470243255512,0.1273973104704045,0.0152293951960787,-0.4844704194330868,0.0027958011959606,0.1321402465769226,0.0524971529590221,0.998562894971431,0.1299663533732784,0.000840779142992,0.888698528424315,0.0002029185103068,0.0655687867978563,0.744738069547906,0.2297179975755858,0.3226759588743298,0.4795390312788146,0.3869585260674902,0.7122999315086683,0.3384193364242871,0.4399805827743853,0.572357103159748,0.5142012940582728,0.5506605763784594,0.1221470276265178,0.1282715225541673,0.1479051156907494,0.4534504804121283,0.4591042182441102,0.4313774227459992,0.75,45175
0,0,0.4866326999293595,-0.2896312917778125,0.0510803894426436,-0.8516609922317622,0.132484428370131,0.5715371617460968,0.0541864731373086,-0.1417806950288363,-0.4864685772839422,0.1846846336412927,-0.0009688720422725,0.4060468917952878,0.2341922650046989,0.5549974019961417,0.0140576463190273,0.3547591622186937,-0.4289470243255512,0.1273973104704045,0.0152293951960787,-0.4844704194330868,0.0027958011959606,0.1321402465769226,0.0524971529590221,0.998562894971431,0.1299663533732784,0.000840779142992,0.888698528424315,0.0002029185103068,0.0655687867978563,0.744738069547906,0.2297179975755858,0.3226759588743298,0.4795390312788146,0.3869585260674902,0.7122999315086683,0.3384193364242871,0.4399805827743853,0.572357103159748,0.5142012940582728,0.5506605763784594,0.1221470276265178,0.1282715225541673,0.1479051156907494,0.4534504804121283,0.4591042182441102,0.4313774227459992,0.75,45185
0,0,0.4866326999293595,-0.2896312917778125,0.0510803894426436,-0.8516609922317622,0.132484428370131,0.5715371617460968,0.0541864731373086,-0.1417806950288363,-0.4864685772839422,0.1846846336412927,-0.0009688720422725,0.4060468917952878,0.2341922650046989,0.5549974019961417,0.0140576463190273,0.3547591622186937,-0.4289470243255512,0.1273973104704045,0.0152293951960787,-0.4844704194330868,0.0027958011959606,0.1321402465769226,0.0524971529590221,0.998562894971431,0.1299663533732784,0.000840779142992,0.888698528424315,0.0002029185103068,0.0655687867978563,0.744738069547906,0.2297179975755858,0.3226759588743298,0.4795390312788146,0.3869585260674902,0.7122999315086683,0.3384193364242871,0.4399805827743853,0.572357103159748,0.5142012940582728,0.5506605763784594,0.1221470276265178,0.1282715225541673,0.1479051156907494,0.4534504804121283,0.4591042182441102,0.4313774227459992,0.75,45195
0,0,0.4866326999293595,-0.2896312917778125,0.0510803894426436,-0.8516609922317622,0.132484428370131,0.5715371617460968,0.0541864731373086,-0.1417806950288363,-0.4864685772839422,0.1846846336412927,-0.0009688720422725,0.4060468917952878,0.2341922650046989,0.5549974019961417,0.0140576463190273,0.3547591622186937,-0.4289470243255512,0.1273973104704045,0.0152293951960787,-0.4844704194330868,0.0027958011959606,0.1321402465769226,0.0524971529590221,0.998562894971431,0.1299663533732784,0.000840779142992,0.888698528424315,0.0002029185103068,0.0655687867978563,0.744738069547906,0.2297179975755858,0.3226759588743298,0.4795390312788146,0.3869585260674902,0.7122999315086683,0.3384193364242871,0.4399805827743853,0.572357103159748,0.5142012940582728,0.5506605763784594,0.1221470276265178,0.1282715225541673,0.1479051156907494,0.4534504804121283,0.4591042182441102,0.4313774227459992,0.75,45206
0,0,0.4866326999293595,-0.2896312917778125,0.0510803894426436,-0.8516609922317622,0.132484428370131,0.5715371617460968,0.0541864731373086,-0.1417806950288363,-0.4864685772839422,0.1846846336412927,-0.0009688720422725,0.4060468917952878,0.2341922650046989,0.5549974019961417,0.0140576463190273,0.3547591622186937,-0.4289470243255512,0.1273973104704045,0.0152293951960787,-0.4844704194330868,0.0027958011959606,0.1321402465769226,0.0524971529590221,0.998562894971431,0.1299663533732784,0.000840779142992,0.888698528424315,0.0002029185103068,0.0655687867978563,0.744738069547906,0.2297179975755858,0.3226759588743298,0.4795390312788146,0.3869585260674902,0.7122999315086683,0.3384193364242871,0.4399805827743853,0.572357103159748,0.5142012940582728,0.5506605763784594,0.1221470276265178,0.1282715225541673,0.1479051156907494,0.4534504804121283,0.4591042182441102,0.4313774227459992,0.75,45225
0,0,0.4866326999293595,-0.2896312917778125,0.0510803894426436,-0.8516609922317622,0.132484428370131,0.5715371617460968,0.0541864731373086,-0.1417806950288363,-0.4864685772839422,0.1846846336412927,-0.0009688720422725,0.4060468917952878,0.2341922650046989,0.5549974019961417,0.0140576463190273,0.3547591622186937,-0.4289470243255512,0.1273973104704045,0.0152293951960787,-0.4844704194330868,0.0027958011959606,0.1321402465769226,0.0524971529590221,0.998562894971431,0.1299663533732784,0.000840779142992,0.888698528424315,0.0002029185103068,0.0655687867978563,0.744738069547906,0.2297179975755858,0.3226759588743298,0.4795390312788146,0.3869585260674902,0.7122999315086683,0.3384193364242871,0.4399805827743853,0.572357103159748,0.5142012940582728,0.5506605763784594,0.1221470276265178,0.1282715225541673,0.1479051156907494,0.4534504804121283,0.4591042182441102,0.4313774227459992,0.75,45235
0,0,0.4866326999293595,-0.2896312917778125,0.0510803894426436,-0.8516609922317622,0.132484428370131,0.5715371617460968,0.0541864731373086,-0.1417806950288363,-0.4864685772839422,0.1846846336412927,-0.0009688720422725,0.4060468917952878,0.2341922650046989,0.5549974019961417,0.0140576463190273,0.3547591622186937,-0.4289470243255512,0.1273973104704045,0.0152293951960787,-0.4844704194330868,0.0027958011959606,0.1321402465769226,0.0524971529590221,0.998562894971431,0.1299663533732784,0.000840779142992,0.888698528424315,0.0002029185103068,0.0655687867978563,0.744738069547906,0.2297179975755858,0.3226759588743298,0.4795390312788146,0.3869585260674902,0.7122999315086683,0.3384193364242871,0.4399805827743853,0.572357103159748,0.5142012940582728,0.5506605763784594,0.1221470276265178,0.1282715225541673,0.1479051156907494,0.4534504804121283,0.4591042182441102,0.4313774227459992,0.75,45245
0,0,0.4866326999293595,-0.2896312917778125,0.0510803894426436,-0.8516609922317622,0.132484428370131,0.5715371617460968,0.0541864731373086,-0.1417806950288363,-0.4864685772839422,0.1846846336412927,-0.0009688720422725,0.4060468917952878,0.2341922650046989,0.5549974019961417,0.0140576463190273,0.3547591622186937,-0.4289470243255512,0.1273973104704045,0.0152293951960787,-0.4844704194330868,0.0027958011959606,0.1321402465769226,0.0524971529590221,0.998562894971431,0.1299663533732784,0.000840779142992,0.888698528424315,0.0002029185103068,0.0655687867978563,0.744738069547906,0.2297179975755858,0.3226759588743298,0.4795390312788146,0.3869585260674902,0.7122999315086683,0.3384193364242871,0.4399805827743853,0.572357103159748,0.5142012940582728,0.5506605763784594,0.1221470276265178,0.1282715225541673,0.1479051156907494,0.4534504804121283,0.4591042182441102,0.4313774227459992,0.75,45255
0,0,0.4866326999293595,-0.2896312917778125,0.0510803894426436,-0.8516609922317622,0.132484428370131,0.5715371617460968,0.0541864731373086,-0.1417806950288363,-0.4864685772839422,0.1846846336412927,-0.0009688720422725,0.4060468917952878,0.2341922650046989,0.5549974019961417,0.0140576463190273,0.3547591622186937,-0.4289470243255512,0.1273973104704045,0.0152293951960787,-0.4844704194330868,0.0027958011959606,0.1321402465769226,0.0524971529590221,0.998562894971431,0.1299663533732784,0.000840779142992,0.888698528424315,0.0002029185103068,0.0655687867978563,0.744738069547906,0.2297179975755858,0.3226759588743298,0.4795390312788146,0.3869585260674902,0.7122999315086683,0.3384193364242871,0.4399805827743853,0.572357103159748,0.5142012940582728,0.5506605763784594,0.1221470276265178,0.1282715225541673,0.1479051156907494,0.4534504804121283,0.4591042182441102,0.4313774227459992,0.75,45265
0,0,0.4866326999293595,-0.2896312917778125,0.0510803894426436,-0.8516609922317622,0.132484428370131,0.5715371617460968,0.0541864731373086,-0.1417806950288363,-0.4864685772839422,0.1846846336412927,-0.0009688720422725,0.4060468917952878,0.2341922650046989,0.5549974019961417,0.0140576463190273,0.3547591622186937,-0.4289470243255512,0.1273973104704045,0.0152293951960787,-0.4844704194330868,0.0027958011959606,0.1321402465769226,0.0524971529590221,0.998562894971431,0.1299663533732784,0.000840779142992,0.888698528424315,0.0002029185103068,0.0655687867978563,0.744738069547906,0.2297179975755858,0.3226759588743298,0.4795390312788146,0.3869585260674902,0.7122999315086683,0.3384193364242871,0.4399805827743853,0.572357103159748,0.5142012940582728,0.5506605763784594,0.1221470276265178,0.1282715225541673,0.1479051156907494,0.4534504804121283,0.4591042182441102,0.4313774227459992,0.75,45276
0,0,0.4866326999293595,-0.2896312917778125,0.0510803894426436,-0.8516609922317622,0.132484428370131,0.5715371617460968,0.0541864731373086,-0.1417806950288363,-0.4864685772839422,0.1846846336412927,-0.0009688720422725,0.4060468917952878,0.2341922650046989,0.5549974019961417,0.0140576463190273,0.3547591622186937,-0.4289470243255512,0.1273973104704045,0.0152293951960787,-0.4844704194330868,0.0027958011959606,0.1321402465769226,0.0524971529590221,0.998562894971431,0.1299663533732784,0.000840779142992,0.888698528424315,0.0002029185103068,0.0655687867978563,0.744738069547906,0.2297179975755858,0.3226759588743298,0.4795390312788146,0.3869585260674902,0.7122999315086683,0.3384193364242871,0.4399805827743853,0.572357103159748,0.5142012940582728,0.5506605763784594,0.1221470276265178,0.1282715225541673,0.1479051156907494,0.4534504804121283,0.4591042182441102,0.4313774227459992,0.75,45294
0,0,0.4866326999293595,-0.2896312917778125,0.0510803894426436,-0.8516609922317622,0.132484428370131,0.5715371617460968,0.0541864731373086,-0.1417806950288363,-0.4864685772839422,0.1846846336412927,-0.0009688720422725,0.4060468917952878,0.2341922650046989,0.5549974019961417,0.0140576463190273,0.3547591622186937,-0.4289470243255512,0.1273973104704045,0.0152293951960787,-0.4844704194330868,0.0027958011959606,0.1321402465769226,0.0524971529590221,0.998562894971431,0.1299663533732784,0.000840779142992,0.888698528424315,0.0002029185103068,0.0655687867978563,0.744738069547906,0.2297179975755858,0.3226759588743298,0.4795390312788146,0.3869585260674902,0.7122999315086683,0.3384193364242871,0.4399805827743853,0.572357103159748,0.5142012940582728,0.5506605763784594,0.1221470276265178,0.1282715225541673,0.1479051156907494,0.4534504804121283,0.4591042182441102,0.4313774227459992,0.75,45304
0,0,0.4866326999293595,-0.2896312917778125,0.0510803894426436,-0.8516609922317622,0.132484428370131,0.5715371617460968,0.0541864731373086,-0.1417806950288363,-0.4864685772839422,0.1846846336412927,-0.0009688720422725,0.4060468917952878,0.2341922650046989,0.5549974019961417,0.0140576463190273,0.3547591622186937,-0.4289470243255512,0.1273973104704045,0.0152293951960787,-0.4844704194330868,0.0027958011959606,0.1321402465769226,0.0524971529590221,0.998562894971431,0.1299663533732784,0.000840779142992,0.888698528424315,0.0002029185103068,0.0655687867978563,0.744738069547906,0.2297179975755858,0.3226759588743298,0.4795390312788146,0.3869585260674902,0.7122999315086683,0.3384193364242871,0.4399805827743853,0.572357103159748,0.5142012940582728,0.5506605763784594,0.1221470276265178,0.1282715225541673,0.1479051156907494,0.4534504804121283,0.4591042182441102,0.4313774227459992,0.75,45315
0,0,0.4866326999293595,-0.2896312917778125,0.0510803894426436,-0.8516609922317622,0.132484428370131,0.5715371617460968,0.0541864731373086,-0.1417806950288363,-0.4864685772839422,0.1846846336412927,-0.0009688720422725,0.4060468917952878,0.2341922650046989,0.5549974019961417,0.0140576463190273,0.3547591622186937,-0.4289470243255512,0.1273973104704045,0.0152293951960787,-0.4844704194330868,0.0027958011959606,0.1321402465769226,0.0524971529590221,0.998562894971431,0.1299663533732784,0.000840779142992,0.888698528424315,0.0002029185103068,0.0655687867978563,0.744738069547906,0.2297179975755858,0.3226759588743298,0.4795390312788146,0.3869585260674902,0.7122999315086683,0.3384193364242871,0.4399805827743853,0.572357103159748,0.5142012940582728,0.5506605763784594,0.1221470276265178,0.1282715225541673,0.1479051156907494,0.4534504804121283,0.4591042182441102,0.4313774227459992,0.75,45326
0,0,0.4866326999293595,-0.2896312917778125,0.0510803894426436,-0.8516609922317622,0.132484428370131,0.5715371617460968,0.0541864731373086,-0.1417806950288363,-0.4864685772839422,0.1846846336412927,-0.0009688720422725,0.4060468917952878,0.2341922650046989,0.5549974019961417,0.0140576463190273,0.3547591622186937,-0.4289470243255512,0.1273973104704045,0.0152293951960787,-0.4844704194330868,0.0027958011959606,0.1321402465769226,0.0524971529590221,0.998562894971431,0.1299663533732784,0.000840779142992,0.888698528424315,0.0002029185103068,0.0655687867978563,0.744738069547906,0.2297179975755858,0.3226759588743298,0.4795390312788146,0.3869585260674902,0.7122999315086683,0.3384193364242871,0.4399805827743853,0.572357103159748,0.5142012940582728,0.5506605763784594,0.1221470276265178,0.1282715225541673,0.1479051156907494,0.4534504804121283,0.4591042182441102,0.4313774227459992,0.75,45346
0,0,0.4866326999293595,-0.2896312917778125,0.0510803894426436,-0.8516609922317622,0.132484428370131,0.5715371617460968,0.0541864731373086,-0.1417806950288363,-0.4864685772839422,0.1846846336412927,-0.0009688720422725,0.4060468917952878,0.2341922650046989,0.5549974019961417,0.0140576463190273,0.3547591622186937,-0.4289470243255512,0.1273973104704045,0.0152293951960787,-0.4844704194330868,0.0027958011959606,0.1321402465769226,0.0524971529590221,0.998562894971431,0.1299663533732784,0.000840779142992,0.888698528424315,0.0002029185103068,0.0655687867978563,0.744738069547906,0.2297179975755858,0.3226759588743298,0.4795390312788146,0.3869585260674902,0.7122999315086683,0.3384193364242871,0.4399805827743853,0.572357103159748,0.5142012940582728,0.5506605763784594,0.1221470276265178,0.1282715225541673,0.1479051156907494,0.4534504804121283,0.4591042182441102,0.4313774227459992,0.75,45357
0,0,0.4866326999293595,-0.2896312917778125,0.0510803894426436,-0.8516609922317622,0.132484428370131,0.5715371617460968,0.0541864731373086,-0.1417806950288363,-0.4864685772839422,0.1846846336412927,-0.0009688720422725,0.4060468917952878,0.2341922650046989,0.5549974019961417,0.0140576463190273,0.3547591622186937,-0.4289470243255512,0.1273973104704045,0.0152293951960787,-0.4844704194330868,0.0027958011959606,0.1321402465769226,0.0524971529590221,0.998562894971431,0.1299663533732784,0.000840779142992,0.888698528424315,0.0002029185103068,0.0655687867978563,0.744738069547906,0.2297179975755858,0.3226759588743298,0.4795390312788146,0.3869585260674902,0.7122999315086683,0.3384193364242871,0.4399805827743853,0.572357103159748,0.5142012940582728,0.5506605763784594,0.1221470276265178,0.1282715225541673,0.1479051156907494,0.4534504804121283,0.4591042182441102,0.4313774227459992,0.75,45376
0,0,0.4866326999293595,-0.2896312917778125,0.0510803894426436,-0.8516609922317622,0.132484428370131,0.5715371617460968,0.0541864731373086,-0.1417806950288363,-0.4864685772839422,0.1846846336412927,-0.0009688720422725,0.4060468917952878,0.2341922650046989,0.5549974019961417,0.0140576463190273,0.3547591622186937,-0.4289470243255512,0.1273973104704045,0.0152293951960787,-0.4844704194330868,0.0027958011959606,0.1321402465769226,0.0524971529590221,0.998562894971431,0.1299663533732784,0.000840779142992,0.888698528424315,0.0002029185103068,0.0655687867978563,0.744738069547906,0.2297179975755858,0.3226759588743298,0.4795390312788146,0.3869585260674902,0.7122999315086683,0.3384193364242871,0.4399805827743853,0.572357103159748,0.5142012940582728,0.5506605763784594,0.1221470276265178,0.1282715225541673,0.1479051156907494,0.4534504804121283,0.4591042182441102,0.4313774227459992,0.75,45386
0,0,0.4866326999293595,-0.2896312917778125,0.0510803894426436,-0.8516609922317622,0.132484428370131,0.5715371617460968,0.0541864731373086,-0.1417806950288363,-0.4864685772839422,0.1846846336412927,-0.0009688720422725,0.4060468917952878,0.2341922650046989,0.5549974019961417,0.0140576463190273,0.3547591622186937,-0.4289470243255512,0.1273973104704045,0.0152293951960787,-0.4844704194330868,0.0027958011959606,0.1321402465769226,0.0524971529590221,0.998562894971431,0.1299663533732784,0.000840779142992,0.888698528424315,0.0002029185103068,0.0655687867978563,0.744738069547906,0.2297179975755858,0.3226759588743298,0.4795390312788146,0.3869585260674902,0.7122999315086683,0.3384193364242871,0.4399805827743853,0.572357103159748,0.5142012940582728,0.5506605763784594,0.1221470276265178,0.1282715225541673,0.1479051156907494,0.4534504804121283,0.4591042182441102,0.4313774227459992,0.75,45405
0,0,0.4866326999293595,-0.2896312917778125,0.0510803894426436,-0.8516609922317622,0.132484428370131,0.5715371617460968,0.0541864731373086,-0.1417806950288363,-0.4864685772839422,0.1846846336412927,-0.0009688720422725,0.4060468917952878,0.2341922650046989,0.5549974019961417,0.0140576463190273,0.3547591622186937,-0.4289470243255512,0.1273973104704045,0.0152293951960787,-0.4844704194330868,0.0027958011959606,0.1321402465769226,0.0524971529590221,0.998562894971431,0.1299663533732784,0.000840779142992,0.888698528424315,0.0002029185103068,0.0655687867978563,0.744738069547906,0.2297179975755858,0.3226759588743298,0.4795390312788146,0.3869585260674902,0.7122999315086683,0.3384193364242871,0.4399805827743853,0.572357103159748,0.5142012940582728,0.5506605763784594,0.1221470276265178,0.1282715225541673,0.1479051156907494,0.4534504804121283,0.4591042182441102,0.4313774227459992,0.75,45416
0,0,0.4866326999293595,-0.2896312917778125,0.0510803894426436,-0.8516609922317622,0.132484428370131,0.5715371617460968,0.0541864731373086,-0.1417806950288363,-0.4864685772839422,0.1846846336412927,-0.0009688720422725,0.4060468917952878,0.2341922650046989,0.5549974019961417,0.0140576463190273,0.3547591622186937,-0.4289470243255512,0.1273973104704045,0.0152293951960787,-0.4844704194330868,0.0027958011959606,0.1321402465769226,0.0524971529590221,0.998562894971431,0.1299663533732784,0.000840779142992,0.888698528424315,0.0002029185103068,0.0655687867978563,0.744738069547906,0.2297179975755858,0.3226759588743298,0.4795390312788146,0.3869585260674902,0.7122999315086683,0.3384193364242871,0.4399805827743853,0.572357103159748,0.5142012940582728,0.5506605763784594,0.1221470276265178,0.1282715225541673,0.1479051156907494,0.4534504804121283,0.4591042182441102,0.4313774227459992,0.75,45426
0,0,0.4866326999293595,-0.2896312917778125,0.0510803894426436,-0.8516609922317622,0.132484428370131,0.5715371617460968,0.0541864731373086,-0.1417806950288363,-0.4864685772839422,0.1846846336412927,-0.0009688720422725,0.4060468917952878,0.2341922650046989,0.5549974019961417,0.0140576463190273,0.3547591622186937,-0.4289470243255512,0.1273973104704045,0.0152293951960787,-0.4844704194330868,0.0027958011959606,0.1321402465769226,0.0524971529590221,0.998562894971431,0.1299663533732784,0.000840779142992,0.888698528424315,0.0002029185103068,0.0655687867978563,0.744738069547906,0.2297179975755858,0.3226759588743298,0.4795390312788146,0.3869585260674902,0.7122999315086683,0.3384193364242871,0.4399805827743853,0.572357103159748,0.5142012940582728,0.5506605763784594,0.1221470276265178,0.1282715225541673,0.1479051156907494,0.4534504804121283,0.4591042182441102,0.4313774227459992,0.75,45437
0,0,0.4866326999293595,-0.2896312917778125,0.0510803894426436,-0.8516609922317622,0.132484428370131,0.5715371617460968,0.0541864731373086,-0.1417806950288363,-0.4864685772839422,0.1846846336412927,-0.0009688720422725,0.4060468917952878,0.2341922650046989,0.5549974019961417,0.0140576463190273,0.3547591622186937,-0.4289470243255512,0.1273973104704045,0.0152293951960787,-0.4844704194330868,0.0027958011959606,0.1321402465769226,0.0524971529590221,0.998562894971431,0.1299663533732784,0.000840779142992,0.888698528424315,0.0002029185103068,0.0655687867978563,0.744738069547906,0.2297179975755858,0.3226759588743298,0.4795390312788146,0.3869585260674902,0.7122999315086683,0.3384193364242871,0.4399805827743853,0.572357103159748,0.5142012940582728,0.5506605763784594,0.1221470276265178,0.1282715225541673,0.1479051156907494,0.4534504804121283,0.4591042182441102,0.4313774227459992,0.75,45447
0,0,0.4866326999293595,-0.2896312917778125,0.0510803894426436,-0.8516609922317622,0.132484428370131,0.5715371617460968,0.0541864731373086,-0.1417806950288363,-0.4864685772839422,0.1846846336412927,-0.0009688720422725,0.4060468917952878,0.2341922650046989,0.5549974019961417,0.0140576463190273,0.3547591622186937,-0.4289470243255512,0.1273973104704045,0.0152293951960787,-0.4844704194330868,0.0027958011959606,0.1321402465769226,0.0524971529590221,0.998562894971431,0.1299663533732784,0.000840779142992,0.888698528424315,0.0002029185103068,0.0655687867978563,0.744738069547906,0.2297179975755858,0.3226759588743298,0.4795390312788146,0.3869585260674902,0.7122999315086683,0.3384193364242871,0.4399805827743853,0.572357103159748,0.5142012940582728,0.5506605763784594,0.1221470276265178,0.1282715225541673,0.1479051156907494,0.4534504804121283,0.4591042182441102,0.4313774227459992,0.75,45457
0,0,0.8611321369107228,-0.301765313277839,0.2117473313125712,-0.8501418016187574,0.7521058732402998,-0.1027081832994895,0.8487314495374609,-0.1405773520987076,-0.7614531420813382,0.3195284792462471,-0.4683383622028966,0.7007812987625246,0.797205673564499,0.6042248467728369,-0.0305665614562554,0.556618708774979,-0.7266260174938248,0.1404300000262652,-0.0909964321464445,-0.6106011249948362,0.0038035145228964,0.1318999270720717,0.0524298117699747,1.0,0.129918148463398,0.000411747047461,0.8906495881839059,0.0001,0.0669233232898114,0.7433629270429749,0.1477362283863928,0.0849414935212601,0.5211950576860817,0.2559109522357338,0.7577863878113864,0.1940930126760431,0.7380636312993897,0.6153528442287197,0.6228163957100423,0.5861793873806771,0.147043064999287,0.1764306161875003,0.1477649907541243,0.4539742404026295,0.4604631810018615,0.137491966583931,0.78,4547
0,0,0.4866326999293595,-0.2896312917778125,0.0510803894426436,-0.8516609922317622,0.132484428370131,0.5715371617460968,0.0541864731373086,-0.1417806950288363,-0.4864685772839422,0.1846846336412927,-0.0009688720422725,0.4060468917952878,0.2341922650046989,0.5549974019961417,0.0140576463190273,0.3547591622186937,-0.4289470243255512,0.1273973104704045,0.0152293951960787,-0.4844704194330868,0.0027958011959606,0.1321402465769226,0.0524971529590221,0.998562894971431,0.1299663533732784,0.000840779142992,0.888698528424315,0.0002029185103068,0.0655687867978563,0.744738069547906,0.2297179975755858,0.3226759588743298,0.4795390312788146,0.3869585260674902,0.7122999315086683,0.3384193364242871,0.4399805827743853,0.572357103159748,0.5142012940582728,0.5506605763784594,0.1221470276265178,0.1282715225541673,0.1479051156907494,0.4534504804121283,0.4591042182441102,0.4313774227459992,0.75,45477
0,0,0.4866326999293595,-0.2896312917778125,0.0510803894426436,-0.8516609922317622,0.132484428370131,0.5715371617460968,0.0541864731373086,-0.1417806950288363,-0.4864685772839422,0.1846846336412927,-0.0009688720422725,0.4060468917952878,0.2341922650046989,0.5549974019961417,0.0140576463190273,0.3547591622186937,-0.4289470243255512,0.1273973104704045,0.0152293951960787,-0.4844704194330868,0.0027958011959606,0.1321402465769226,0.0524971529590221,0.998562894971431,0.1299663533732784,0.000840779142992,0.888698528424315,0.0002029185103068,0.0655687867978563,0.744738069547906,0.2297179975755858,0.3226759588743298,0.4795390312788146,0.3869585260674902,0.7122999315086683,0.3384193364242871,0.4399805827743853,0.572357103159748,0.5142012940582728,0.5506605763784594,0.1221470276265178,0.1282715225541673,0.1479051156907494,0.4534504804121283,0.4591042182441102,0.4313774227459992,0.75,45487
0,0,0.4866326999293595,-0.2896312917778125,0.0510803894426436,-0.8516609922317622,0.132484428370131,0.5715371617460968,0.0541864731373086,-0.1417806950288363,-0.4864685772839422,0.1846846336412927,-0.0009688720422725,0.4060468917952878,0.2341922650046989,0.5549974019961417,0.0140576463190273,0.3547591622186937,-0.4289470243255512,0.1273973104704045,0.0152293951960787,-0.4844704194330868,0.0027958011959606,0.1321402465769226,0.0524971529590221,0.998562894971431,0.1299663533732784,0.000840779142992,0.888698528424315,0.0002029185103068,0.0655687867978563,0.744738069547906,0.2297179975755858,0.3226759588743298,0.4795390312788146,0.3869585260674902,0.7122999315086683,0.3384193364242871,0.4399805827743853,0.572357103159748,0.5142012940582728,0.5506605763784594,0.1221470276265178,0.1282715225541673,0.1479051156907494,0.4534504804121283,0.4591042182441102,0.4313774227459992,0.75,45498
0,0,0.4866326999293595,-0.2896312917778125,0.0510803894426436,-0.8516609922317622,0.132484428370131,0.5715371617460968,0.0541864731373086,-0.1417806950288363,-0.4864685772839422,0.1846846336412927,-0.0009688720422725,0.4060468917952878,0.2341922650046989,0.5549974019961417,0.0140576463190273,0.3547591622186937,-0.4289470243255512,0.1273973104704045,0.0152293951960787,-0.4844704194330868,0.0027958011959606,0.1321402465769226,0.0524971529590221,0.998562894971431,0.1299663533732784,0.000840779142992,0.888698528424315,0.0002029185103068,0.0655687867978563,0.744738069547906,0.2297179975755858,0.3226759588743298,0.4795390312788146,0.3869585260674902,0.7122999315086683,0.3384193364242871,0.4399805827743853,0.572357103159748,0.5142012940582728,0.5506605763784594,0.1221470276265178,0.1282715225541673,0.1479051156907494,0.4534504804121283,0.4591042182441102,0.4313774227459992,0.75,45508
0,0,0.4866326999293595,-0.2896312917778125,0.0510803894426436,-0.8516609922317622,0.132484428370131,0.5715371617460968,0.0541864731373086,-0.1417806950288363,-0.4864685772839422,0.1846846336412927,-0.0009688720422725,0.4060468917952878,0.2341922650046989,0.5549974019961417,0.0140576463190273,0.3547591622186937,-0.4289470243255512,0.1273973104704045,0.0152293951960787,-0.4844704194330868,0.0027958011959606,0.1321402465769226,0.0524971529590221,0.998562894971431,0.1299663533732784,0.000840779142992,0.888698528424315,0.0002029185103068,0.0655687867978563,0.744738069547906,0.2297179975755858,0.3226759588743298,0.4795390312788146,0.3869585260674902,0.7122999315086683,0.3384193364242871,0.4399805827743853,0.572357103159748,0.5142012940582728,0.5506605763784594,0.1221470276265178,0.1282715225541673,0.1479051156907494,0.4534504804121283,0.4591042182441102,0.4313774227459992,0.75,45518
0,0,0.4866326999293595,-0.2896312917778125,0.0510803894426436,-0.8516609922317622,0.132484428370131,0.5715371617460968,0.0541864731373086,-0.1417806950288363,-0.4864685772839422,0.1846846336412927,-0.0009688720422725,0.4060468917952878,0.2341922650046989,0.5549974019961417,0.0140576463190273,0.3547591622186937,-0.4289470243255512,0.1273973104704045,0.0152293951960787,-0.4844704194330868,0.0027958011959606,0.1321402465769226,0.0524971529590221,0.998562894971431,0.1299663533732784,0.000840779142992,0.888698528424315,0.0002029185103068,0.0655687867978563,0.744738069547906,0.2297179975755858,0.3226759588743298,0.4795390312788146,0.3869585260674902,0.7122999315086683,0.3384193364242871,0.4399805827743853,0.572357103159748,0.5142012940582728,0.5506605763784594,0.1221470276265178,0.1282715225541673,0.1479051156907494,0.4534504804121283,0.4591042182441102,0.4313774227459992,0.75,45528
0,0,0.4866326999293595,-0.2896312917778125,0.0510803894426436,-0.8516609922317622,0.132484428370131,0.5715371617460968,0.0541864731373086,-0.1417806950288363,-0.4864685772839422,0.1846846336412927,-0.0009688720422725,0.4060468917952878,0.2341922650046989,0.5549974019961417,0.0140576463190273,0.3547591622186937,-0.4289470243255512,0.1273973104704045,0.0152293951960787,-0.4844704194330868,0.0027958011959606,0.1321402465769226,0.0524971529590221,0.998562894971431,0.1299663533732784,0.000840779142992,0.888698528424315,0.0002029185103068,0.0655687867978563,0.744738069547906,0.2297179975755858,0.3226759588743298,0.4795390312788146,0.3869585260674902,0.7122999315086683,0.3384193364242871,0.4399805827743853,0.572357103159748,0.5142012940582728,0.5506605763784594,0.1221470276265178,0.1282715225541673,0.1479051156907494,0.4534504804121283,0.4591042182441102,0.4313774227459992,0.75,45538
0,0,0.4866326999293595,-0.2896312917778125,0.0510803894426436,-0.8516609922317622,0.132484428370131,0.5715371617460968,0.0541864731373086,-0.1417806950288363,-0.4864685772839422,0.1846846336412927,-0.0009688720422725,0.4060468917952878,0.2341922650046989,0.5549974019961417,0.0140576463190273,0.3547591622186937,-0.4289470243255512,0.1273973104704045,0.0152293951960787,-0.4844704194330868,0.0027958011959606,0.1321402465769226,0.0524971529590221,0.998562894971431,0.1299663533732784,0.000840779142992,0.888698528424315,0.0002029185103068,0.0655687867978563,0.744738069547906,0.2297179975755858,0.3226759588743298,0.4795390312788146,0.3869585260674902,0.7122999315086683,0.3384193364242871,0.4399805827743853,0.572357103159748,0.5142012940582728,0.5506605763784594,0.1221470276265178,0.1282715225541673,0.1479051156907494,0.4534504804121283,0.4591042182441102,0.4313774227459992,0.75,45557
0,0,0.4866326999293595,-0.2896312917778125,0.0510803894426436,-0.8516609922317622,0.132484428370131,0.5715371617460968,0.0541864731373086,-0.1417806950288363,-0.4864685772839422,0.1846846336412927,-0.0009688720422725,0.4060468917952878,0.2341922650046989,0.5549974019961417,0.0140576463190273,0.3547591622186937,-0.4289470243255512,0.1273973104704045,0.0152293951960787,-0.4844704194330868,0.0027958011959606,0.1321402465769226,0.0524971529590221,0.998562894971431,0.1299663533732784,0.000840779142992,0.888698528424315,0.0002029185103068,0.0655687867978563,0.744738069547906,0.2297179975755858,0.3226759588743298,0.4795390312788146,0.3869585260674902,0.7122999315086683,0.3384193364242871,0.4399805827743853,0.572357103159748,0.5142012940582728,0.5506605763784594,0.1221470276265178,0.1282715225541673,0.1479051156907494,0.4534504804121283,0.4591042182441102,0.4313774227459992,0.75,45567
0,0,0.4866326999293595,-0.2896312917778125,0.0510803894426436,-0.8516609922317622,0.132484428370131,0.5715371617460968,0.0541864731373086,-0.1417806950288363,-0.4864685772839422,0.1846846336412927,-0.0009688720422725,0.4060468917952878,0.2341922650046989,0.5549974019961417,0.0140576463190273,0.3547591622186937,-0.4289470243255512,0.1273973104704045,0.0152293951960787,-0.4844704194330868,0.0027958011959606,0.1321402465769226,0.0524971529590221,0.998562894971431,0.1299663533732784,0.000840779142992,0.888698528424315,0.0002029185103068,0.0655687867978563,0.744738069547906,0.2297179975755858,0.3226759588743298,0.4795390312788146,0.3869585260674902,0.7122999315086683,0.3384193364242871,0.4399805827743853,0.572357103159748,0.5142012940582728,0.5506605763784594,0.1221470276265178,0.1282715225541673,0.1479051156907494,0.4534504804121283,0.4591042182441102,0.4313774227459992,0.75,45577
0,0,0.4866326999293595,-0.2896312917778125,0.0510803894426436,-0.8516609922317622,0.132484428370131,0.5715371617460968,0.0541864731373086,-0.1417806950288363,-0.4864685772839422,0.1846846336412927,-0.0009688720422725,0.4060468917952878,0.2341922650046989,0.5549974019961417,0.0140576463190273,0.3547591622186937,-0.4289470243255512,0.1273973104704045,0.0152293951960787,-0.4844704194330868,0.0027958011959606,0.1321402465769226,0.0524971529590221,0.998562894971431,0.1299663533732784,0.000840779142992,0.888698528424315,0.0002029185103068,0.0655687867978563,0.744738069547906,0.2297179975755858,0.3226759588743298,0.4795390312788146,0.3869585260674902,0.7122999315086683,0.3384193364242871,0.4399805827743853,0.572357103159748,0.5142012940582728,0.5506605763784594,0.1221470276265178,0.1282715225541673,0.1479051156907494,0.4534504804121283,0.4591042182441102,0.4313774227459992,0.75,45587
0,0,0.4866326999293595,-0.2896312917778125,0.0510803894426436,-0.8516609922317622,0.132484428370131,0.5715371617460968,0.0541864731373086,-0.1417806950288363,-0.4864685772839422,0.1846846336412927,-0.0009688720422725,0.4060468917952878,0.2341922650046989,0.5549974019961417,0.0140576463190273,0.3547591622186937,-0.4289470243255512,0.1273973104704045,0.0152293951960787,-0.4844704194330868,0.0027958011959606,0.1321402465769226,0.0524971529590221,0.998562894971431,0.1299663533732784,0.000840779142992,0.888698528424315,0.0002029185103068,0.0655687867978563,0.744738069547906,0.2297179975755858,0.3226759588743298,0.4795390312788146,0.3869585260674902,0.7122999315086683,0.3384193364242871,0.4399805827743853,0.572357103159748,0.5142012940582728,0.5506605763784594,0.1221470276265178,0.1282715225541673,0.1479051156907494,0.4534504804121283,0.4591042182441102,0.4313774227459992,0.75,45598
0,0,0.4866326999293595,-0.2896312917778125,0.0510803894426436,-0.8516609922317622,0.132484428370131,0.5715371617460968,0.0541864731373086,-0.1417806950288363,-0.4864685772839422,0.1846846336412927,-0.0009688720422725,0.4060468917952878,0.2341922650046989,0.5549974019961417,0.0140576463190273,0.3547591622186937,-0.4289470243255512,0.1273973104704045,0.0152293951960787,-0.4844704194330868,0.0027958011959606,0.1321402465769226,0.0524971529590221,0.998562894971431,0.1299663533732784,0.000840779142992,0.888698528424315,0.0002029185103068,0.0655687867978563,0.744738069547906,0.2297179975755858,0.3226759588743298,0.4795390312788146,0.3869585260674902,0.7122999315086683,0.3384193364242871,0.4399805827743853,0.572357103159748,0.5142012940582728,0.5506605763784594,0.1221470276265178,0.1282715225541673,0.1479051156907494,0.4534504804121283,0.4591042182441102,0.4313774227459992,0.75,45609
0,0,0.4866326999293595,-0.2896312917778125,0.0510803894426436,-0.8516609922317622,0.132484428370131,0.5715371617460968,0.0541864731373086,-0.1417806950288363,-0.4864685772839422,0.1846846336412927,-0.0009688720422725,0.4060468917952878,0.2341922650046989,0.5549974019961417,0.0140576463190273,0.3547591622186937,-0.4289470243255512,0.1273973104704045,0.0152293951960787,-0.4844704194330868,0.0027958011959606,0.1321402465769226,0.0524971529590221,0.998562894971431,0.1299663533732784,0.000840779142992,0.888698528424315,0.0002029185103068,0.0655687867978563,0.744738069547906,0.2297179975755858,0.3226759588743298,0.4795390312788146,0.3869585260674902,0.7122999315086683,0.3384193364242871,0.4399805827743853,0.572357103159748,0.5142012940582728,0.5506605763784594,0.1221470276265178,0.1282715225541673,0.1479051156907494,0.4534504804121283,0.4591042182441102,0.4313774227459992,0.75,45619
0,0,0.4866326999293595,-0.2896312917778125,0.0510803894426436,-0.8516609922317622,0.132484428370131,0.5715371617460968,0.0541864731373086,-0.1417806950288363,-0.4864685772839422,0.1846846336412927,-0.0009688720422725,0.4060468917952878,0.2341922650046989,0.5549974019961417,0.0140576463190273,0.3547591622186937,-0.4289470243255512,0.1273973104704045,0.0152293951960787,-0.4844704194330868,0.0027958011959606,0.1321402465769226,0.0524971529590221,0.998562894971431,0.1299663533732784,0.000840779142992,0.888698528424315,0.0002029185103068,0.0655687867978563,0.744738069547906,0.2297179975755858,0.3226759588743298,0.4795390312788146,0.3869585260674902,0.7122999315086683,0.3384193364242871,0.4399805827743853,0.572357103159748,0.5142012940582728,0.5506605763784594,0.1221470276265178,0.1282715225541673,0.1479051156907494,0.4534504804121283,0.4591042182441102,0.4313774227459992,0.75,45630
0,0,0.4866326999293595,-0.2896312917778125,0.0510803894426436,-0.8516609922317622,0.132484428370131,0.5715371617460968,0.0541864731373086,-0.1417806950288363,-0.4864685772839422,0.1846846336412927,-0.0009688720422725,0.4060468917952878,0.2341922650046989,0.5549974019961417,0.0140576463190273,0.3547591622186937,-0.4289470243255512,0.1273973104704045,0.0152293951960787,-0.4844704194330868,0.0027958011959606,0.1321402465769226,0.0524971529590221,0.998562894971431,0.1299663533732784,0.000840779142992,0.888698528424315,0.0002029185103068,0.0655687867978563,0.744738069547906,0.2297179975755858,0.3226759588743298,0.4795390312788146,0.3869585260674902,0.7122999315086683,0.3384193364242871,0.4399805827743853,0.572357103159748,0.5142012940582728,0.5506605763784594,0.1221470276265178,0.1282715225541673,0.1479051156907494,0.4534504804121283,0.4591042182441102,0.4313774227459992,0.75,45648
0,0,0.4866326999293595,-0.2896312917778125,0.0510803894426436,-0.8516609922317622,0.132484428370131,0.5715371617460968,0.0541864731373086,-0.1417806950288363,-0.4864685772839422,0.1846846336412927,-0.0009688720422725,0.4060468917952878,0.2341922650046989,0.5549974019961417,0.0140576463190273,0.3547591622186937,-0.4289470243255512,0.1273973104704045,0.0152293951960787,-0.4844704194330868,0.0027958011959606,0.1321402465769226,0.0524971529590221,0.998562894971431,0.1299663533732784,0.000840779142992,0.888698528424315,0.0002029185103068,0.0655687867978563,0.744738069547906,0.2297179975755858,0.3226759588743298,0.4795390312788146,0.3869585260674902,0.7122999315086683,0.3384193364242871,0.4399805827743853,0.572357103159748,0.5142012940582728,0.5506605763784594,0.1221470276265178,0.1282715225541673,0.1479051156907494,0.4534504804121283,0.4591042182441102,0.4313774227459992,0.75,45659
0,0,0.4866326999293595,-0.2896312917778125,0.0510803894426436,-0.8516609922317622,0.132484428370131,0.5715371617460968,0.0541864731373086,-0.1417806950288363,-0.4864685772839422,0.1846846336412927,-0.0009688720422725,0.4060468917952878,0.2341922650046989,0.5549974019961417,0.0140576463190273,0.3547591622186937,-0.4289470243255512,0.1273973104704045,0.0152293951960787,-0.4844704194330868,0.0027958011959606,0.1321402465769226,0.0524971529590221,0.998562894971431,0.1299663533732784,0.000840779142992,0.888698528424315,0.0002029185103068,0.0655687867978563,0.744738069547906,0.2297179975755858,0.3226759588743298,0.4795390312788146,0.3869585260674902,0.7122999315086683,0.3384193364242871,0.4399805827743853,0.572357103159748,0.5142012940582728,0.5506605763784594,0.1221470276265178,0.1282715225541673,0.1479051156907494,0.4534504804121283,0.4591042182441102,0.4313774227459992,0.75,45669
0,0,0.4866326999293595,-0.2896312917778125,0.0510803894426436,-0.8516609922317622,0.132484428370131,0.5715371617460968,0.0541864731373086,-0.1417806950288363,-0.4864685772839422,0.1846846336412927,-0.0009688720422725,0.4060468917952878,0.2341922650046989,0.5549974019961417,0.0140576463190273,0.3547591622186937,-0.4289470243255512,0.1273973104704045,0.0152293951960787,-0.4844704194330868,0.0027958011959606,0.1321402465769226,0.0524971529590221,0.998562894971431,0.1299663533732784,0.000840779142992,0.888698528424315,0.0002029185103068,0.0655687867978563,0.744738069547906,0.2297179975755858,0.3226759588743298,0.4795390312788146,0.3869585260674902,0.7122999315086683,0.3384193364242871,0.4399805827743853,0.572357103159748,0.5142012940582728,0.5506605763784594,0.1221470276265178,0.1282715225541673,0.1479051156907494,0.4534504804121283,0.4591042182441102,0.4313774227459992,0.75,45679
0,0,0.4866326999293595,-0.2896312917778125,0.0510803894426436,-0.8516609922317622,0.132484428370131,0.5715371617460968,0.0541864731373086,-0.1417806950288363,-0.4864685772839422,0.1846846336412927,-0.0009688720422725,0.4060468917952878,0.2341922650046989,0.5549974019961417,0.0140576463190273,0.3547591622186937,-0.4289470243255512,0.1273973104704045,0.0152293951960787,-0.4844704194330868,0.0027958011959606,0.1321402465769226,0.0524971529590221,0.998562894971431,0.1299663533732784,0.000840779142992,0.888698528424315,0.0002029185103068,0.0655687867978563,0.744738069547906,0.2297179975755858,0.3226759588743298,0.4795390312788146,0.3869585260674902,0.7122999315086683,0.3384193364242871,0.4399805827743853,0.572357103159748,0.5142012940582728,0.5506605763784594,0.1221470276265178,0.1282715225541673,0.1479051156907494,0.4534504804121283,0.4591042182441102,0.4313774227459992,0.75,45690
0,0,0.4866326999293595,-0.2896312917778125,0.0510803894426436,-0.8516609922317622,0.132484428370131,0.5715371617460968,0.0541864731373086,-0.1417806950288363,-0.4864685772839422,0.1846846336412927,-0.0009688720422725,0.4060468917952878,0.2341922650046989,0.5549974019961417,0.0140576463190273,0.3547591622186937,-0.4289470243255512,0.1273973104704045,0.0152293951960787,-0.4844704194330868,0.0027958011959606,0.1321402465769226,0.0524971529590221,0.998562894971431,0.1299663533732784,0.000840779142992,0.888698528424315,0.0002029185103068,0.0655687867978563,0.744738069547906,0.2297179975755858,0.3226759588743298,0.4795390312788146,0.3869585260674902,0.7122999315086683,0.3384193364242871,0.4399805827743853,0.572357103159748,0.5142012940582728,0.5506605763784594,0.1221470276265178,0.1282715225541673,0.1479051156907494,0.4534504804121283,0.4591042182441102,0.4313774227459992,0.75,45709
0,0,0.4866326999293595,-0.2896312917778125,0.0510803894426436,-0.8516609922317622,0.132484428370131,0.5715371617460968,0.0541864731373086,-0.1417806950288363,-0.4864685772839422,0.1846846336412927,-0.0009688720422725,0.4060468917952878,0.2341922650046989,0.5549974019961417,0.0140576463190273,0.3547591622186937,-0.4289470243255512,0.1273973104704045,0.0152293951960787,-0.4844704194330868,0.0027958011959606,0.1321402465769226,0.0524971529590221,0.998562894971431,0.1299663533732784,0.000840779142992,0.888698528424315,0.0002029185103068,0.0655687867978563,0.744738069547906,0.2297179975755858,0.3226759588743298,0.4795390312788146,0.3869585260674902,0.7122999315086683,0.3384193364242871,0.4399805827743853,0.572357103159748,0.5142012940582728,0.5506605763784594,0.1221470276265178,0.1282715225541673,0.1479051156907494,0.4534504804121283,0.4591042182441102,0.4313774227459992,0.75,45727
0,0,0.4866326999293595,-0.2896312917778125,0.0510803894426436,-0.8516609922317622,0.132484428370131,0.5715371617460968,0.0541864731373086,-0.1417806950288363,-0.4864685772839422,0.1846846336412927,-0.0009688720422725,0.4060468917952878,0.2341922650046989,0.5549974019961417,0.0140576463190273,0.3547591622186937,-0.4289470243255512,0.1273973104704045,0.0152293951960787,-0.4844704194330868,0.0027958011959606,0.1321402465769226,0.0524971529590221,0.998562894971431,0.1299663533732784,0.000840779142992,0.888698528424315,0.0002029185103068,0.0655687867978563,0.744738069547906,0.2297179975755858,0.3226759588743298,0.4795390312788146,0.3869585260674902,0.7122999315086683,0.3384193364242871,0.4399805827743853,0.572357103159748,0.5142012940582728,0.5506605763784594,0.1221470276265178,0.1282715225541673,0.1479051156907494,0.4534504804121283,0.4591042182441102,0.4313774227459992,0.75,45737
0,0,0.4866326999293595,-0.2896312917778125,0.0510803894426436,-0.8516609922317622,0.132484428370131,0.5715371617460968,0.0541864731373086,-0.1417806950288363,-0.4864685772839422,0.1846846336412927,-0.0009688720422725,0.4060468917952878,0.2341922650046989,0.5549974019961417,0.0140576463190273,0.3547591622186937,-0.4289470243255512,0.1273973104704045,0.0152293951960787,-0.4844704194330868,0.0027958011959606,0.1321402465769226,0.0524971529590221,0.998562894971431,0.1299663533732784,0.000840779142992,0.888698528424315,0.0002029185103068,0.0655687867978563,0.744738069547906,0.2297179975755858,0.3226759588743298,0.4795390312788146,0.3869585260674902,0.7122999315086683,0.3384193364242871,0.4399805827743853,0.572357103159748,0.5142012940582728,0.5506605763784594,0.1221470276265178,0.1282715225541673,0.1479051156907494,0.4534504804121283,0.4591042182441102,0.4313774227459992,0.75,45747
0,0,0.4866326999293595,-0.2896312917778125,0.0510803894426436,-0.8516609922317622,0.132484428370131,0.5715371617460968,0.0541864731373086,-0.1417806950288363,-0.4864685772839422,0.1846846336412927,-0.0009688720422725,0.4060468917952878,0.2341922650046989,0.5549974019961417,0.0140576463190273,0.3547591622186937,-0.4289470243255512,0.1273973104704045,0.0152293951960787,-0.4844704194330868,0.0027958011959606,0.1321402465769226,0.0524971529590221,0.998562894971431,0.1299663533732784,0.000840779142992,0.888698528424315,0.0002029185103068,0.0655687867978563,0.744738069547906,0.2297179975755858,0.3226759588743298,0.4795390312788146,0.3869585260674902,0.7122999315086683,0.3384193364242871,0.4399805827743853,0.572357103159748,0.5142012940582728,0.5506605763784594,0.1221470276265178,0.1282715225541673,0.1479051156907494,0.4534504804121283,0.4591042182441102,0.4313774227459992,0.75,45757
0,0,0.4866326999293595,-0.2896312917778125,0.0510803894426436,-0.8516609922317622,0.132484428370131,0.5715371617460968,0.0541864731373086,-0.1417806950288363,-0.4864685772839422,0.1846846336412927,-0.0009688720422725,0.4060468917952878,0.2341922650046989,0.5549974019961417,0.0140576463190273,0.3547591622186937,-0.4289470243255512,0.1273973104704045,0.0152293951960787,-0.4844704194330868,0.0027958011959606,0.1321402465769226,0.0524971529590221,0.998562894971431,0.1299663533732784,0.000840779142992,0.888698528424315,0.0002029185103068,0.0655687867978563,0.744738069547906,0.2297179975755858,0.3226759588743298,0.4795390312788146,0.3869585260674902,0.7122999315086683,0.3384193364242871,0.4399805827743853,0.572357103159748,0.5142012940582728,0.5506605763784594,0.1221470276265178,0.1282715225541673,0.1479051156907494,0.4534504804121283,0.4591042182441102,0.4313774227459992,0.75,45767
0,0,0.4866326999293595,-0.2896312917778125,0.0510803894426436,-0.8516609922317622,0.132484428370131,0.5715371617460968,0.0541864731373086,-0.1417806950288363,-0.4864685772839422,0.1846846336412927,-0.0009688720422725,0.4060468917952878,0.2341922650046989,0.5549974019961417,0.0140576463190273,0.3547591622186937,-0.4289470243255512,0.1273973104704045,0.0152293951960787,-0.4844704194330868,0.0027958011959606,0.1321402465769226,0.0524971529590221,0.998562894971431,0.1299663533732784,0.000840779142992,0.888698528424315,0.0002029185103068,0.0655687867978563,0.744738069547906,0.2297179975755858,0.3226759588743298,0.4795390312788146,0.3869585260674902,0.7122999315086683,0.3384193364242871,0.4399805827743853,0.572357103159748,0.5142012940582728,0.5506605763784594,0.1221470276265178,0.1282715225541673,0.1479051156907494,0.4534504804121283,0.4591042182441102,0.4313774227459992,0.75,45777
0,0,0.4866326999293595,-0.2896312917778125,0.0510803894426436,-0.8516609922317622,0.132484428370131,0.5715371617460968,0.0541864731373086,-0.1417806950288363,-0.4864685772839422,0.1846846336412927,-0.0009688720422725,0.4060468917952878,0.2341922650046989,0.5549974019961417,0.0140576463190273,0.3547591622186937,-0.4289470243255512,0.1273973104704045,0.0152293951960787,-0.4844704194330868,0.0027958011959606,0.1321402465769226,0.0524971529590221,0.998562894971431,0.1299663533732784,0.000840779142992,0.888698528424315,0.0002029185103068,0.0655687867978563,0.744738069547906,0.2297179975755858,0.3226759588743298,0.4795390312788146,0.3869585260674902,0.7122999315086683,0.3384193364242871,0.4399805827743853,0.572357103159748,0.5142012940582728,0.5506605763784594,0.1221470276265178,0.1282715225541673,0.1479051156907494,0.4534504804121283,0.4591042182441102,0.4313774227459992,0.75,45787
0,0,0.4866326999293595,-0.2896312917778125,0.0510803894426436,-0.8516609922317622,0.132484428370131,0.5715371617460968,0.0541864731373086,-0.1417806950288363,-0.4864685772839422,0.1846846336412927,-0.0009688720422725,0.4060468917952878,0.2341922650046989,0.5549974019961417,0.0140576463190273,0.3547591622186937,-0.4289470243255512,0.1273973104704045,0.0152293951960787,-0.4844704194330868,0.0027958011959606,0.1321402465769226,0.0524971529590221,0.998562894971431,0.1299663533732784,0.000840779142992,0.888698528424315,0.0002029185103068,0.0655687867978563,0.744738069547906,0.2297179975755858,0.3226759588743298,0.4795390312788146,0.3869585260674902,0.7122999315086683,0.3384193364242871,0.4399805827743853,0.572357103159748,0.5142012940582728,0.5506605763784594,0.1221470276265178,0.1282715225541673,0.1479051156907494,0.4534504804121283,0.4591042182441102,0.4313774227459992,0.75,45798
0,0,0.4866326999293595,-0.2896312917778125,0.0510803894426436,-0.8516609922317622,0.132484428370131,0.5715371617460968,0.0541864731373086,-0.1417806950288363,-0.4864685772839422,0.1846846336412927,-0.0009688720422725,0.4060468917952878,0.2341922650046989,0.5549974019961417,0.0140576463190273,0.3547591622186937,-0.4289470243255512,0.1273973104704045,0.0152293951960787,-0.4844704194330868,0.0027958011959606,0.1321402465769226,0.0524971529590221,0.998562894971431,0.1299663533732784,0.000840779142992,0.888698528424315,0.0002029185103068,0.0655687867978563,0.744738069547906,0.2297179975755858,0.3226759588743298,0.4795390312788146,0.3869585260674902,0.7122999315086683,0.3384193364242871,0.4399805827743853,0.572357103159748,0.5142012940582728,0.5506605763784594,0.1221470276265178,0.1282715225541673,0.1479051156907494,0.4534504804121283,0.4591042182441102,0.4313774227459992,0.75,45817
0,0,0.4866326999293595,-0.2896312917778125,0.0510803894426436,-0.8516609922317622,0.132484428370131,0.5715371617460968,0.0541864731373086,-0.1417806950288363,-0.4864685772839422,0.1846846336412927,-0.0009688720422725,0.4060468917952878,0.2341922650046989,0.5549974019961417,0.0140576463190273,0.3547591622186937,-0.4289470243255512,0.1273973104704045,0.0152293951960787,-0.4844704194330868,0.0027958011959606,0.1321402465769226,0.0524971529590221,0.998562894971431,0.1299663533732784,0.000840779142992,0.888698528424315,0.0002029185103068,0.0655687867978563,0.744738069547906,0.2297179975755858,0.3226759588743298,0.4795390312788146,0.3869585260674902,0.7122999315086683,0.3384193364242871,0.4399805827743853,0.572357103159748,0.5142012940582728,0.5506605763784594,0.1221470276265178,0.1282715225541673,0.1479051156907494,0.4534504804121283,0.4591042182441102,0.4313774227459992,0.75,45828
0,0,0.4866326999293595,-0.2896312917778125,0.0510803894426436,-0.8516609922317622,0.132484428370131,0.5715371617460968,0.0541864731373086,-0.1417806950288363,-0.4864685772839422,0.1846846336412927,-0.0009688720422725,0.4060468917952878,0.2341922650046989,0.5549974019961417,0.0140576463190273,0.3547591622186937,-0.4289470243255512,0.1273973104704045,0.0152293951960787,-0.4844704194330868,0.0027958011959606,0.1321402465769226,0.0524971529590221,0.998562894971431,0.1299663533732784,0.000840779142992,0.888698528424315,0.0002029185103068,0.0655687867978563,0.744738069547906,0.2297179975755858,0.3226759588743298,0.4795390312788146,0.3869585260674902,0.7122999315086683,0.3384193364242871,0.4399805827743853,0.572357103159748,0.5142012940582728,0.5506605763784594,0.1221470276265178,0.1282715225541673,0.1479051156907494,0.4534504804121283,0.4591042182441102,0.4313774227459992,0.75,45839
0,0,0.4866326999293595,-0.2896312917778125,0.0510803894426436,-0.8516609922317622,0.132484428370131,0.5715371617460968,0.0541864731373086,-0.1417806950288363,-0.4864685772839422,0.1846846336412927,-0.0009688720422725,0.4060468917952878,0.2341922650046989,0.5549974019961417,0.0140576463190273,0.3547591622186937,-0.4289470243255512,0.1273973104704045,0.0152293951960787,-0.4844704194330868,0.0027958011959606,0.1321402465769226,0.0524971529590221,0.998562894971431,0.1299663533732784,0.000840779142992,0.888698528424315,0.0002029185103068,0.0655687867978563,0.744738069547906,0.2297179975755858,0.3226759588743298,0.4795390312788146,0.3869585260674902,0.7122999315086683,0.3384193364242871,0.4399805827743853,0.572357103159748,0.5142012940582728,0.5506605763784594,0.1221470276265178,0.1282715225541673,0.1479051156907494,0.4534504804121283,0.4591042182441102,0.4313774227459992,0.75,45858
0,0,0.4866326999293595,-0.2896312917778125,0.0510803894426436,-0.8516609922317622,0.132484428370131,0.5715371617460968,0.0541864731373086,-0.1417806950288363,-0.4864685772839422,0.1846846336412927,-0.0009688720422725,0.4060468917952878,0.2341922650046989,0.5549974019961417,0.0140576463190273,0.3547591622186937,-0.4289470243255512,0.1273973104704045,0.0152293951960787,-0.4844704194330868,0.0027958011959606,0.1321402465769226,0.0524971529590221,0.998562894971431,0.1299663533732784,0.000840779142992,0.888698528424315,0.0002029185103068,0.0655687867978563,0.744738069547906,0.2297179975755858,0.3226759588743298,0.4795390312788146,0.3869585260674902,0.7122999315086683,0.3384193364242871,0.4399805827743853,0.572357103159748,0.5142012940582728,0.5506605763784594,0.1221470276265178,0.1282715225541673,0.1479051156907494,0.4534504804121283,0.4591042182441102,0.4313774227459992,0.75,45868
0,0,0.4866326999293595,-0.2896312917778125,0.0510803894426436,-0.8516609922317622,0.132484428370131,0.5715371617460968,0.0541864731373086,-0.1417806950288363,-0.4864685772839422,0.1846846336412927,-0.0009688720422725,0.4060468917952878,0.2341922650046989,0.5549974019961417,0.0140576463190273,0.3547591622186937,-0.4289470243255512,0.1273973104704045,0.0152293951960787,-0.4844704194330868,0.0027958011959606,0.1321402465769226,0.0524971529590221,0.998562894971431,0.1299663533732784,0.000840779142992,0.888698528424315,0.0002029185103068,0.0655687867978563,0.744738069547906,0.2297179975755858,0.3226759588743298,0.4795390312788146,0.3869585260674902,0.7122999315086683,0.3384193364242871,0.4399805827743853,0.572357103159748,0.5142012940582728,0.5506605763784594,0.1221470276265178,0.1282715225541673,0.1479051156907494,0.4534504804121283,0.4591042182441102,0.4313774227459992,0.75,45879
0,0,0.4866326999293595,-0.2896312917778125,0.0510803894426436,-0.8516609922317622,0.132484428370131,0.5715371617460968,0.0541864731373086,-0.1417806950288363,-0.4864685772839422,0.1846846336412927,-0.0009688720422725,0.4060468917952878,0.2341922650046989,0.5549974019961417,0.0140576463190273,0.3547591622186937,-0.4289470243255512,0.1273973104704045,0.0152293951960787,-0.4844704194330868,0.0027958011959606,0.1321402465769226,0.0524971529590221,0.998562894971431,0.1299663533732784,0.000840779142992,0.888698528424315,0.0002029185103068,0.0655687867978563,0.744738069547906,0.2297179975755858,0.3226759588743298,0.4795390312788146,0.3869585260674902,0.7122999315086683,0.3384193364242871,0.4399805827743853,0.572357103159748,0.5142012940582728,0.5506605763784594,0.1221470276265178,0.1282715225541673,0.1479051156907494,0.4534504804121283,0.4591042182441102,0.4313774227459992,0.75,45889
0,0,0.4866326999293595,-0.2896312917778125,0.0510803894426436,-0.8516609922317622,0.132484428370131,0.5715371617460968,0.0541864731373086,-0.1417806950288363,-0.4864685772839422,0.1846846336412927,-0.0009688720422725,0.4060468917952878,0.2341922650046989,0.5549974019961417,0.0140576463190273,0.3547591622186937,-0.4289470243255512,0.1273973104704045,0.0152293951960787,-0.4844704194330868,0.0027958011959606,0.1321402465769226,0.0524971529590221,0.998562894971431,0.1299663533732784,0.000840779142992,0.888698528424315,0.0002029185103068,0.0655687867978563,0.744738069547906,0.2297179975755858,0.3226759588743298,0.4795390312788146,0.3869585260674902,0.7122999315086683,0.3384193364242871,0.4399805827743853,0.572357103159748,0.5142012940582728,0.5506605763784594,0.1221470276265178,0.1282715225541673,0.1479051156907494,0.4534504804121283,0.4591042182441102,0.4313774227459992,0.75,45900
0,0,0.4866326999293595,-0.2896312917778125,0.0510803894426436,-0.8516609922317622,0.132484428370131,0.5715371617460968,0.0541864731373086,-0.1417806950288363,-0.4864685772839422,0.1846846336412927,-0.0009688720422725,0.4060468917952878,0.2341922650046989,0.5549974019961417,0.0140576463190273,0.3547591622186937,-0.4289470243255512,0.1273973104704045,0.0152293951960787,-0.4844704194330868,0.0027958011959606,0.1321402465769226,0.0524971529590221,0.998562894971431,0.1299663533732784,0.000840779142992,0.888698528424315,0.0002029185103068,0.0655687867978563,0.744738069547906,0.2297179975755858,0.3226759588743298,0.4795390312788146,0.3869585260674902,0.7122999315086683,0.3384193364242871,0.4399805827743853,0.572357103159748,0.5142012940582728,0.5506605763784594,0.1221470276265178,0.1282715225541673,0.1479051156907494,0.4534504804121283,0.4591042182441102,0.4313774227459992,0.75,45911
0,0,0.4866326999293595,-0.2896312917778125,0.0510803894426436,-0.8516609922317622,0.132484428370131,0.5715371617460968,0.0541864731373086,-0.1417806950288363,-0.4864685772839422,0.1846846336412927,-0.0009688720422725,0.4060468917952878,0.2341922650046989,0.5549974019961417,0.0140576463190273,0.3547591622186937,-0.4289470243255512,0.1273973104704045,0.0152293951960787,-0.4844704194330868,0.0027958011959606,0.1321402465769226,0.0524971529590221,0.998562894971431,0.1299663533732784,0.000840779142992,0.888698528424315,0.0002029185103068,0.0655687867978563,0.744738069547906,0.2297179975755858,0.3226759588743298,0.4795390312788146,0.3869585260674902,0.7122999315086683,0.3384193364242871,0.4399805827743853,0.572357103159748,0.5142012940582728,0.5506605763784594,0.1221470276265178,0.1282715225541673,0.1479051156907494,0.4534504804121283,0.4591042182441102,0.4313774227459992,0.75,45921
0,0,0.4866326999293595,-0.2896312917778125,0.0510803894426436,-0.8516609922317622,0.132484428370131,0.5715371617460968,0.0541864731373086,-0.1417806950288363,-0.4864685772839422,0.1846846336412927,-0.0009688720422725,0.4060468917952878,0.2341922650046989,0.5549974019961417,0.0140576463190273,0.3547591622186937,-0.4289470243255512,0.1273973104704045,0.0152293951960787,-0.4844704194330868,0.0027958011959606,0.1321402465769226,0.0524971529590221,0.998562894971431,0.1299663533732784,0.000840779142992,0.888698528424315,0.0002029185103068,0.0655687867978563,0.744738069547906,0.2297179975755858,0.3226759588743298,0.4795390312788146,0.3869585260674902,0.7122999315086683,0.3384193364242871,0.4399805827743853,0.572357103159748,0.5142012940582728,0.5506605763784594,0.1221470276265178,0.1282715225541673,0.1479051156907494,0.4534504804121283,0.4591042182441102,0.4313774227459992,0.75,45931
0,0,0.4866326999293595,-0.2896312917778125,0.0510803894426436,-0.8516609922317622,0.132484428370131,0.5715371617460968,0.0541864731373086,-0.1417806950288363,-0.4864685772839422,0.1846846336412927,-0.0009688720422725,0.4060468917952878,0.2341922650046989,0.5549974019961417,0.0140576463190273,0.3547591622186937,-0.4289470243255512,0.1273973104704045,0.0152293951960787,-0.4844704194330868,0.0027958011959606,0.1321402465769226,0.0524971529590221,0.998562894971431,0.1299663533732784,0.000840779142992,0.888698528424315,0.0002029185103068,0.0655687867978563,0.744738069547906,0.2297179975755858,0.3226759588743298,0.4795390312788146,0.3869585260674902,0.7122999315086683,0.3384193364242871,0.4399805827743853,0.572357103159748,0.5142012940582728,0.5506605763784594,0.1221470276265178,0.1282715225541673,0.1479051156907494,0.4534504804121283,0.4591042182441102,0.4313774227459992,0.75,45941
0,0,0.4866326999293595,-0.2896312917778125,0.0510803894426436,-0.8516609922317622,0.132484428370131,0.5715371617460968,0.0541864731373086,-0.1417806950288363,-0.4864685772839422,0.1846846336412927,-0.0009688720422725,0.4060468917952878,0.2341922650046989,0.5549974019961417,0.0140576463190273,0.3547591622186937,-0.4289470243255512,0.1273973104704045,0.0152293951960787,-0.4844704194330868,0.0027958011959606,0.1321402465769226,0.0524971529590221,0.998562894971431,0.1299663533732784,0.000840779142992,0.888698528424315,0.0002029185103068,0.0655687867978563,0.744738069547906,0.2297179975755858,0.3226759588743298,0.4795390312788146,0.3869585260674902,0.7122999315086683,0.3384193364242871,0.4399805827743853,0.572357103159748,0.5142012940582728,0.5506605763784594,0.1221470276265178,0.1282715225541673,0.1479051156907494,0.4534504804121283,0.4591042182441102,0.4313774227459992,0.75,45952
0,0,0.4866326999293595,-0.2896312917778125,0.0510803894426436,-0.8516609922317622,0.132484428370131,0.5715371617460968,0.0541864731373086,-0.1417806950288363,-0.4864685772839422,0.1846846336412927,-0.0009688720422725,0.4060468917952878,0.2341922650046989,0.5549974019961417,0.0140576463190273,0.3547591622186937,-0.4289470243255512,0.1273973104704045,0.0152293951960787,-0.4844704194330868,0.0027958011959606,0.1321402465769226,0.0524971529590221,0.998562894971431,0.1299663533732784,0.000840779142992,0.888698528424315,0.0002029185103068,0.0655687867978563,0.744738069547906,0.2297179975755858,0.3226759588743298,0.4795390312788146,0.3869585260674902,0.7122999315086683,0.3384193364242871,0.4399805827743853,0.572357103159748,0.5142012940582728,0.5506605763784594,0.1221470276265178,0.1282715225541673,0.1479051156907494,0.4534504804121283,0.4591042182441102,0.4313774227459992,0.75,45972
0,0,0.4866326999293595,-0.2896312917778125,0.0510803894426436,-0.8516609922317622,0.132484428370131,0.5715371617460968,0.0541864731373086,-0.1417806950288363,-0.4864685772839422,0.1846846336412927,-0.0009688720422725,0.4060468917952878,0.2341922650046989,0.5549974019961417,0.0140576463190273,0.3547591622186937,-0.4289470243255512,0.1273973104704045,0.0152293951960787,-0.4844704194330868,0.0027958011959606,0.1321402465769226,0.0524971529590221,0.998562894971431,0.1299663533732784,0.000840779142992,0.888698528424315,0.0002029185103068,0.0655687867978563,0.744738069547906,0.2297179975755858,0.3226759588743298,0.4795390312788146,0.3869585260674902,0.7122999315086683,0.3384193364242871,0.4399805827743853,0.572357103159748,0.5142012940582728,0.5506605763784594,0.1221470276265178,0.1282715225541673,0.1479051156907494,0.4534504804121283,0.4591042182441102,0.4313774227459992,0.75,45982
0,0,0.4866326999293595,-0.2896312917778125,0.0510803894426436,-0.8516609922317622,0.132484428370131,0.5715371617460968,0.0541864731373086,-0.1417806950288363,-0.4864685772839422,0.1846846336412927,-0.0009688720422725,0.4060468917952878,0.2341922650046989,0.5549974019961417,0.0140576463190273,0.3547591622186937,-0.4289470243255512,0.1273973104704045,0.0152293951960787,-0.4844704194330868,0.0027958011959606,0.1321402465769226,0.0524971529590221,0.998562894971431,0.1299663533732784,0.000840779142992,0.888698528424315,0.0002029185103068,0.0655687867978563,0.744738069547906,0.2297179975755858,0.3226759588743298,0.4795390312788146,0.3869585260674902,0.7122999315086683,0.3384193364242871,0.4399805827743853,0.572357103159748,0.5142012940582728,0.5506605763784594,0.1221470276265178,0.1282715225541673,0.1479051156907494,0.4534504804121283,0.4591042182441102,0.4313774227459992,0.75,46001
0,0,0.4866326999293595,-0.2896312917778125,0.0510803894426436,-0.8516609922317622,0.132484428370131,0.5715371617460968,0.0541864731373086,-0.1417806950288363,-0.4864685772839422,0.1846846336412927,-0.0009688720422725,0.4060468917952878,0.2341922650046989,0.5549974019961417,0.0140576463190273,0.3547591622186937,-0.4289470243255512,0.1273973104704045,0.0152293951960787,-0.4844704194330868,0.0027958011959606,0.1321402465769226,0.0524971529590221,0.998562894971431,0.1299663533732784,0.000840779142992,0.888698528424315,0.0002029185103068,0.0655687867978563,0.744738069547906,0.2297179975755858,0.3226759588743298,0.4795390312788146,0.3869585260674902,0.7122999315086683,0.3384193364242871,0.4399805827743853,0.572357103159748,0.5142012940582728,0.5506605763784594,0.1221470276265178,0.1282715225541673,0.1479051156907494,0.4534504804121283,0.4591042182441102,0.4313774227459992,0.75,46012
0,0,0.4866326999293595,-0.2896312917778125,0.0510803894426436,-0.8516609922317622,0.132484428370131,0.5715371617460968,0.0541864731373086,-0.1417806950288363,-0.4864685772839422,0.1846846336412927,-0.0009688720422725,0.4060468917952878,0.2341922650046989,0.5549974019961417,0.0140576463190273,0.3547591622186937,-0.4289470243255512,0.1273973104704045,0.0152293951960787,-0.4844704194330868,0.0027958011959606,0.1321402465769226,0.0524971529590221,0.998562894971431,0.1299663533732784,0.000840779142992,0.888698528424315,0.0002029185103068,0.0655687867978563,0.744738069547906,0.2297179975755858,0.3226759588743298,0.4795390312788146,0.3869585260674902,0.7122999315086683,0.3384193364242871,0.4399805827743853,0.572357103159748,0.5142012940582728,0.5506605763784594,0.1221470276265178,0.1282715225541673,0.1479051156907494,0.4534504804121283,0.4591042182441102,0.4313774227459992,0.75,46022
0,0,0.4866326999293595,-0.2896312917778125,0.0510803894426436,-0.8516609922317622,0.132484428370131,0.5715371617460968,0.0541864731373086,-0.1417806950288363,-0.4864685772839422,0.1846846336412927,-0.0009688720422725,0.4060468917952878,0.2341922650046989,0.5549974019961417,0.0140576463190273,0.3547591622186937,-0.4289470243255512,0.1273973104704045,0.0152293951960787,-0.4844704194330868,0.0027958011959606,0.1321402465769226,0.0524971529590221,0.998562894971431,0.1299663533732784,0.000840779142992,0.888698528424315,0.0002029185103068,0.0655687867978563,0.744738069547906,0.2297179975755858,0.3226759588743298,0.4795390312788146,0.3869585260674902,0.7122999315086683,0.3384193364242871,0.4399805827743853,0.572357103159748,0.5142012940582728,0.5506605763784594,0.1221470276265178,0.1282715225541673,0.1479051156907494,0.4534504804121283,0.4591042182441102,0.4313774227459992,0.75,46032
0,0,0.4866326999293595,-0.2896312917778125,0.0510803894426436,-0.8516609922317622,0.132484428370131,0.5715371617460968,0.0541864731373086,-0.1417806950288363,-0.4864685772839422,0.1846846336412927,-0.0009688720422725,0.4060468917952878,0.2341922650046989,0.5549974019961417,0.0140576463190273,0.3547591622186937,-0.4289470243255512,0.1273973104704045,0.0152293951960787,-0.4844704194330868,0.0027958011959606,0.1321402465769226,0.0524971529590221,0.998562894971431,0.1299663533732784,0.000840779142992,0.888698528424315,0.0002029185103068,0.0655687867978563,0.744738069547906,0.2297179975755858,0.3226759588743298,0.4795390312788146,0.3869585260674902,0.7122999315086683,0.3384193364242871,0.4399805827743853,0.572357103159748,0.5142012940582728,0.5506605763784594,0.1221470276265178,0.1282715225541673,0.1479051156907494,0.4534504804121283,0.4591042182441102,0.4313774227459992,0.75,46043
0,0,0.4866326999293595,-0.2896312917778125,0.0510803894426436,-0.8516609922317622,0.132484428370131,0.5715371617460968,0.0541864731373086,-0.1417806950288363,-0.4864685772839422,0.1846846336412927,-0.0009688720422725,0.4060468917952878,0.2341922650046989,0.5549974019961417,0.0140576463190273,0.3547591622186937,-0.4289470243255512,0.1273973104704045,0.0152293951960787,-0.4844704194330868,0.0027958011959606,0.1321402465769226,0.0524971529590221,0.998562894971431,0.1299663533732784,0.000840779142992,0.888698528424315,0.0002029185103068,0.0655687867978563,0.744738069547906,0.2297179975755858,0.3226759588743298,0.4795390312788146,0.3869585260674902,0.7122999315086683,0.3384193364242871,0.4399805827743853,0.572357103159748,0.5142012940582728,0.5506605763784594,0.1221470276265178,0.1282715225541673,0.1479051156907494,0.4534504804121283,0.4591042182441102,0.4313774227459992,0.75,46053
0,0,0.4866326999293595,-0.2896312917778125,0.0510803894426436,-0.8516609922317622,0.132484428370131,0.5715371617460968,0.0541864731373086,-0.1417806950288363,-0.4864685772839422,0.1846846336412927,-0.0009688720422725,0.4060468917952878,0.2341922650046989,0.5549974019961417,0.0140576463190273,0.3547591622186937,-0.4289470243255512,0.1273973104704045,0.0152293951960787,-0.4844704194330868,0.0027958011959606,0.1321402465769226,0.0524971529590221,0.998562894971431,0.1299663533732784,0.000840779142992,0.888698528424315,0.0002029185103068,0.0655687867978563,0.744738069547906,0.2297179975755858,0.3226759588743298,0.4795390312788146,0.3869585260674902,0.7122999315086683,0.3384193364242871,0.4399805827743853,0.572357103159748,0.5142012940582728,0.5506605763784594,0.1221470276265178,0.1282715225541673,0.1479051156907494,0.4534504804121283,0.4591042182441102,0.4313774227459992,0.75,46063
0,0,0.4866326999293595,-0.2896312917778125,0.0510803894426436,-0.8516609922317622,0.132484428370131,0.5715371617460968,0.0541864731373086,-0.1417806950288363,-0.4864685772839422,0.1846846336412927,-0.0009688720422725,0.4060468917952878,0.2341922650046989,0.5549974019961417,0.0140576463190273,0.3547591622186937,-0.4289470243255512,0.1273973104704045,0.0152293951960787,-0.4844704194330868,0.0027958011959606,0.1321402465769226,0.0524971529590221,0.998562894971431,0.1299663533732784,0.000840779142992,0.888698528424315,0.0002029185103068,0.0655687867978563,0.744738069547906,0.2297179975755858,0.3226759588743298,0.4795390312788146,0.3869585260674902,0.7122999315086683,0.3384193364242871,0.4399805827743853,0.572357103159748,0.5142012940582728,0.5506605763784594,0.1221470276265178,0.1282715225541673,0.1479051156907494,0.4534504804121283,0.4591042182441102,0.4313774227459992,0.75,46073
0,0,0.4866326999293595,-0.2896312917778125,0.0510803894426436,-0.8516609922317622,0.132484428370131,0.5715371617460968,0.0541864731373086,-0.1417806950288363,-0.4864685772839422,0.1846846336412927,-0.0009688720422725,0.4060468917952878,0.2341922650046989,0.5549974019961417,0.0140576463190273,0.3547591622186937,-0.4289470243255512,0.1273973104704045,0.0152293951960787,-0.4844704194330868,0.0027958011959606,0.1321402465769226,0.0524971529590221,0.998562894971431,0.1299663533732784,0.000840779142992,0.888698528424315,0.0002029185103068,0.0655687867978563,0.744738069547906,0.2297179975755858,0.3226759588743298,0.4795390312788146,0.3869585260674902,0.7122999315086683,0.3384193364242871,0.4399805827743853,0.572357103159748,0.5142012940582728,0.5506605763784594,0.1221470276265178,0.1282715225541673,0.1479051156907494,0.4534504804121283,0.4591042182441102,0.4313774227459992,0.75,46083
0,0,0.4866326999293595,-0.2896312917778125,0.0510803894426436,-0.8516609922317622,0.132484428370131,0.5715371617460968,0.0541864731373086,-0.1417806950288363,-0.4864685772839422,0.1846846336412927,-0.0009688720422725,0.4060468917952878,0.2341922650046989,0.5549974019961417,0.0140576463190273,0.3547591622186937,-0.4289470243255512,0.1273973104704045,0.0152293951960787,-0.4844704194330868,0.0027958011959606,0.1321402465769226,0.0524971529590221,0.998562894971431,0.1299663533732784,0.000840779142992,0.888698528424315,0.0002029185103068,0.0655687867978563,0.744738069547906,0.2297179975755858,0.3226759588743298,0.4795390312788146,0.3869585260674902,0.7122999315086683,0.3384193364242871,0.4399805827743853,0.572357103159748,0.5142012940582728,0.5506605763784594,0.1221470276265178,0.1282715225541673,0.1479051156907494,0.4534504804121283,0.4591042182441102,0.4313774227459992,0.75,46094
0,0,0.4866326999293595,-0.2896312917778125,0.0510803894426436,-0.8516609922317622,0.132484428370131,0.5715371617460968,0.0541864731373086,-0.1417806950288363,-0.4864685772839422,0.1846846336412927,-0.0009688720422725,0.4060468917952878,0.2341922650046989,0.5549974019961417,0.0140576463190273,0.3547591622186937,-0.4289470243255512,0.1273973104704045,0.0152293951960787,-0.4844704194330868,0.0027958011959606,0.1321402465769226,0.0524971529590221,0.998562894971431,0.1299663533732784,0.000840779142992,0.888698528424315,0.0002029185103068,0.0655687867978563,0.744738069547906,0.2297179975755858,0.3226759588743298,0.4795390312788146,0.3869585260674902,0.7122999315086683,0.3384193364242871,0.4399805827743853,0.572357103159748,0.5142012940582728,0.5506605763784594,0.1221470276265178,0.1282715225541673,0.1479051156907494,0.4534504804121283,0.4591042182441102,0.4313774227459992,0.75,46104
0,0,0.4866326999293595,-0.2896312917778125,0.0510803894426436,-0.8516609922317622,0.132484428370131,0.5715371617460968,0.0541864731373086,-0.1417806950288363,-0.4864685772839422,0.1846846336412927,-0.0009688720422725,0.4060468917952878,0.2341922650046989,0.5549974019961417,0.0140576463190273,0.3547591622186937,-0.4289470243255512,0.1273973104704045,0.0152293951960787,-0.4844704194330868,0.0027958011959606,0.1321402465769226,0.0524971529590221,0.998562894971431,0.1299663533732784,0.000840779142992,0.888698528424315,0.0002029185103068,0.0655687867978563,0.744738069547906,0.2297179975755858,0.3226759588743298,0.4795390312788146,0.3869585260674902,0.7122999315086683,0.3384193364242871,0.4399805827743853,0.572357103159748,0.5142012940582728,0.5506605763784594,0.1221470276265178,0.1282715225541673,0.1479051156907494,0.4534504804121283,0.4591042182441102,0.4313774227459992,0.75,46115
0,0,0.4866326999293595,-0.2896312917778125,0.0510803894426436,-0.8516609922317622,0.132484428370131,0.5715371617460968,0.0541864731373086,-0.1417806950288363,-0.4864685772839422,0.1846846336412927,-0.0009688720422725,0.4060468917952878,0.2341922650046989,0.5549974019961417,0.0140576463190273,0.3547591622186937,-0.4289470243255512,0.1273973104704045,0.0152293951960787,-0.4844704194330868,0.0027958011959606,0.1321402465769226,0.0524971529590221,0.998562894971431,0.1299663533732784,0.000840779142992,0.888698528424315,0.0002029185103068,0.0655687867978563,0.744738069547906,0.2297179975755858,0.3226759588743298,0.4795390312788146,0.3869585260674902,0.7122999315086683,0.3384193364242871,0.4399805827743853,0.572357103159748,0.5142012940582728,0.5506605763784594,0.1221470276265178,0.1282715225541673,0.1479051156907494,0.4534504804121283,0.4591042182441102,0.4313774227459992,0.75,46125
0,0,0.4866326999293595,-0.2896312917778125,0.0510803894426436,-0.8516609922317622,0.132484428370131,0.5715371617460968,0.0541864731373086,-0.1417806950288363,-0.4864685772839422,0.1846846336412927,-0.0009688720422725,0.4060468917952878,0.2341922650046989,0.5549974019961417,0.0140576463190273,0.3547591622186937,-0.4289470243255512,0.1273973104704045,0.0152293951960787,-0.4844704194330868,0.0027958011959606,0.1321402465769226,0.0524971529590221,0.998562894971431,0.1299663533732784,0.000840779142992,0.888698528424315,0.0002029185103068,0.0655687867978563,0.744738069547906,0.2297179975755858,0.3226759588743298,0.4795390312788146,0.3869585260674902,0.7122999315086683,0.3384193364242871,0.4399805827743853,0.572357103159748,0.5142012940582728,0.5506605763784594,0.1221470276265178,0.1282715225541673,0.1479051156907494,0.4534504804121283,0.4591042182441102,0.4313774227459992,0.75,46136
0,0,0.4866326999293595,-0.2896312917778125,0.0510803894426436,-0.8516609922317622,0.132484428370131,0.5715371617460968,0.0541864731373086,-0.1417806950288363,-0.4864685772839422,0.1846846336412927,-0.0009688720422725,0.4060468917952878,0.2341922650046989,0.5549974019961417,0.0140576463190273,0.3547591622186937,-0.4289470243255512,0.1273973104704045,0.0152293951960787,-0.4844704194330868,0.0027958011959606,0.1321402465769226,0.0524971529590221,0.998562894971431,0.1299663533732784,0.000840779142992,0.888698528424315,0.0002029185103068,0.0655687867978563,0.744738069547906,0.2297179975755858,0.3226759588743298,0.4795390312788146,0.3869585260674902,0.7122999315086683,0.3384193364242871,0.4399805827743853,0.572357103159748,0.5142012940582728,0.5506605763784594,0.1221470276265178,0.1282715225541673,0.1479051156907494,0.4534504804121283,0.4591042182441102,0.4313774227459992,0.75,46146
0,0,0.4866326999293595,-0.2896312917778125,0.0510803894426436,-0.8516609922317622,0.132484428370131,0.5715371617460968,0.0541864731373086,-0.1417806950288363,-0.4864685772839422,0.1846846336412927,-0.0009688720422725,0.4060468917952878,0.2341922650046989,0.5549974019961417,0.0140576463190273,0.3547591622186937,-0.4289470243255512,0.1273973104704045,0.0152293951960787,-0.4844704194330868,0.0027958011959606,0.1321402465769226,0.0524971529590221,0.998562894971431,0.1299663533732784,0.000840779142992,0.888698528424315,0.0002029185103068,0.0655687867978563,0.744738069547906,0.2297179975755858,0.3226759588743298,0.4795390312788146,0.3869585260674902,0.7122999315086683,0.3384193364242871,0.4399805827743853,0.572357103159748,0.5142012940582728,0.5506605763784594,0.1221470276265178,0.1282715225541673,0.1479051156907494,0.4534504804121283,0.4591042182441102,0.4313774227459992,0.75,46166
0,0,0.4866326999293595,-0.2896312917778125,0.0510803894426436,-0.8516609922317622,0.132484428370131,0.5715371617460968,0.0541864731373086,-0.1417806950288363,-0.4864685772839422,0.1846846336412927,-0.0009688720422725,0.4060468917952878,0.2341922650046989,0.5549974019961417,0.0140576463190273,0.3547591622186937,-0.4289470243255512,0.1273973104704045,0.0152293951960787,-0.4844704194330868,0.0027958011959606,0.1321402465769226,0.0524971529590221,0.998562894971431,0.1299663533732784,0.000840779142992,0.888698528424315,0.0002029185103068,0.0655687867978563,0.744738069547906,0.2297179975755858,0.3226759588743298,0.4795390312788146,0.3869585260674902,0.7122999315086683,0.3384193364242871,0.4399805827743853,0.572357103159748,0.5142012940582728,0.5506605763784594,0.1221470276265178,0.1282715225541673,0.1479051156907494,0.4534504804121283,0.4591042182441102,0.4313774227459992,0.75,46184
0,0,0.4866326999293595,-0.2896312917778125,0.0510803894426436,-0.8516609922317622,0.132484428370131,0.5715371617460968,0.0541864731373086,-0.1417806950288363,-0.4864685772839422,0.1846846336412927,-0.0009688720422725,0.4060468917952878,0.2341922650046989,0.5549974019961417,0.0140576463190273,0.3547591622186937,-0.4289470243255512,0.1273973104704045,0.0152293951960787,-0.4844704194330868,0.0027958011959606,0.1321402465769226,0.0524971529590221,0.998562894971431,0.1299663533732784,0.000840779142992,0.888698528424315,0.0002029185103068,0.0655687867978563,0.744738069547906,0.2297179975755858,0.3226759588743298,0.4795390312788146,0.3869585260674902,0.7122999315086683,0.3384193364242871,0.4399805827743853,0.572357103159748,0.5142012940582728,0.5506605763784594,0.1221470276265178,0.1282715225541673,0.1479051156907494,0.4534504804121283,0.4591042182441102,0.4313774227459992,0.75,46204
0,0,0.4866326999293595,-0.2896312917778125,0.0510803894426436,-0.8516609922317622,0.132484428370131,0.5715371617460968,0.0541864731373086,-0.1417806950288363,-0.4864685772839422,0.1846846336412927,-0.0009688720422725,0.4060468917952878,0.2341922650046989,0.5549974019961417,0.0140576463190273,0.3547591622186937,-0.4289470243255512,0.1273973104704045,0.0152293951960787,-0.4844704194330868,0.0027958011959606,0.1321402465769226,0.0524971529590221,0.998562894971431,0.1299663533732784,0.000840779142992,0.888698528424315,0.0002029185103068,0.0655687867978563,0.744738069547906,0.2297179975755858,0.3226759588743298,0.4795390312788146,0.3869585260674902,0.7122999315086683,0.3384193364242871,0.4399805827743853,0.572357103159748,0.5142012940582728,0.5506605763784594,0.1221470276265178,0.1282715225541673,0.1479051156907494,0.4534504804121283,0.4591042182441102,0.4313774227459992,0.75,46214
0,0,0.4866326999293595,-0.2896312917778125,0.0510803894426436,-0.8516609922317622,0.132484428370131,0.5715371617460968,0.0541864731373086,-0.1417806950288363,-0.4864685772839422,0.1846846336412927,-0.0009688720422725,0.4060468917952878,0.2341922650046989,0.5549974019961417,0.0140576463190273,0.3547591622186937,-0.4289470243255512,0.1273973104704045,0.0152293951960787,-0.4844704194330868,0.0027958011959606,0.1321402465769226,0.0524971529590221,0.998562894971431,0.1299663533732784,0.000840779142992,0.888698528424315,0.0002029185103068,0.0655687867978563,0.744738069547906,0.2297179975755858,0.3226759588743298,0.4795390312788146,0.3869585260674902,0.7122999315086683,0.3384193364242871,0.4399805827743853,0.572357103159748,0.5142012940582728,0.5506605763784594,0.1221470276265178,0.1282715225541673,0.1479051156907494,0.4534504804121283,0.4591042182441102,0.4313774227459992,0.75,46224
0,0,0.4866326999293595,-0.2896312917778125,0.0510803894426436,-0.8516609922317622,0.132484428370131,0.5715371617460968,0.0541864731373086,-0.1417806950288363,-0.4864685772839422,0.1846846336412927,-0.0009688720422725,0.4060468917952878,0.2341922650046989,0.5549974019961417,0.0140576463190273,0.3547591622186937,-0.4289470243255512,0.1273973104704045,0.0152293951960787,-0.4844704194330868,0.0027958011959606,0.1321402465769226,0.0524971529590221,0.998562894971431,0.1299663533732784,0.000840779142992,0.888698528424315,0.0002029185103068,0.0655687867978563,0.744738069547906,0.2297179975755858,0.3226759588743298,0.4795390312788146,0.3869585260674902,0.7122999315086683,0.3384193364242871,0.4399805827743853,0.572357103159748,0.5142012940582728,0.5506605763784594,0.1221470276265178,0.1282715225541673,0.1479051156907494,0.4534504804121283,0.4591042182441102,0.4313774227459992,0.75,46234
0,0,0.4866326999293595,-0.2896312917778125,0.0510803894426436,-0.8516609922317622,0.132484428370131,0.5715371617460968,0.0541864731373086,-0.1417806950288363,-0.4864685772839422,0.1846846336412927,-0.0009688720422725,0.4060468917952878,0.2341922650046989,0.5549974019961417,0.0140576463190273,0.3547591622186937,-0.4289470243255512,0.1273973104704045,0.0152293951960787,-0.4844704194330868,0.0027958011959606,0.1321402465769226,0.0524971529590221,0.998562894971431,0.1299663533732784,0.000840779142992,0.888698528424315,0.0002029185103068,0.0655687867978563,0.744738069547906,0.2297179975755858,0.3226759588743298,0.4795390312788146,0.3869585260674902,0.7122999315086683,0.3384193364242871,0.4399805827743853,0.572357103159748,0.5142012940582728,0.5506605763784594,0.1221470276265178,0.1282715225541673,0.1479051156907494,0.4534504804121283,0.4591042182441102,0.4313774227459992,0.75,46244
0,0,0.4866326999293595,-0.2896312917778125,0.0510803894426436,-0.8516609922317622,0.132484428370131,0.5715371617460968,0.0541864731373086,-0.1417806950288363,-0.4864685772839422,0.1846846336412927,-0.0009688720422725,0.4060468917952878,0.2341922650046989,0.5549974019961417,0.0140576463190273,0.3547591622186937,-0.4289470243255512,0.1273973104704045,0.0152293951960787,-0.4844704194330868,0.0027958011959606,0.1321402465769226,0.0524971529590221,0.998562894971431,0.1299663533732784,0.000840779142992,0.888698528424315,0.0002029185103068,0.0655687867978563,0.744738069547906,0.2297179975755858,0.3226759588743298,0.4795390312788146,0.3869585260674902,0.7122999315086683,0.3384193364242871,0.4399805827743853,0.572357103159748,0.5142012940582728,0.5506605763784594,0.1221470276265178,0.1282715225541673,0.1479051156907494,0.4534504804121283,0.4591042182441102,0.4313774227459992,0.75,46255
0,0,0.4866326999293595,-0.2896312917778125,0.0510803894426436,-0.8516609922317622,0.132484428370131,0.5715371617460968,0.0541864731373086,-0.1417806950288363,-0.4864685772839422,0.1846846336412927,-0.0009688720422725,0.4060468917952878,0.2341922650046989,0.5549974019961417,0.0140576463190273,0.3547591622186937,-0.4289470243255512,0.1273973104704045,0.0152293951960787,-0.4844704194330868,0.0027958011959606,0.1321402465769226,0.0524971529590221,0.998562894971431,0.1299663533732784,0.000840779142992,0.888698528424315,0.0002029185103068,0.0655687867978563,0.744738069547906,0.2297179975755858,0.3226759588743298,0.4795390312788146,0.3869585260674902,0.7122999315086683,0.3384193364242871,0.4399805827743853,0.572357103159748,0.5142012940582728,0.5506605763784594,0.1221470276265178,0.1282715225541673,0.1479051156907494,0.4534504804121283,0.4591042182441102,0.4313774227459992,0.75,46274
0,0,0.4866326999293595,-0.2896312917778125,0.0510803894426436,-0.8516609922317622,0.132484428370131,0.5715371617460968,0.0541864731373086,-0.1417806950288363,-0.4864685772839422,0.1846846336412927,-0.0009688720422725,0.4060468917952878,0.2341922650046989,0.5549974019961417,0.0140576463190273,0.3547591622186937,-0.4289470243255512,0.1273973104704045,0.0152293951960787,-0.4844704194330868,0.0027958011959606,0.1321402465769226,0.0524971529590221,0.998562894971431,0.1299663533732784,0.000840779142992,0.888698528424315,0.0002029185103068,0.0655687867978563,0.744738069547906,0.2297179975755858,0.3226759588743298,0.4795390312788146,0.3869585260674902,0.7122999315086683,0.3384193364242871,0.4399805827743853,0.572357103159748,0.5142012940582728,0.5506605763784594,0.1221470276265178,0.1282715225541673,0.1479051156907494,0.4534504804121283,0.4591042182441102,0.4313774227459992,0.75,46284
0,0,0.4866326999293595,-0.2896312917778125,0.0510803894426436,-0.8516609922317622,0.132484428370131,0.5715371617460968,0.0541864731373086,-0.1417806950288363,-0.4864685772839422,0.1846846336412927,-0.0009688720422725,0.4060468917952878,0.2341922650046989,0.5549974019961417,0.0140576463190273,0.3547591622186937,-0.4289470243255512,0.1273973104704045,0.0152293951960787,-0.4844704194330868,0.0027958011959606,0.1321402465769226,0.0524971529590221,0.998562894971431,0.1299663533732784,0.000840779142992,0.888698528424315,0.0002029185103068,0.0655687867978563,0.744738069547906,0.2297179975755858,0.3226759588743298,0.4795390312788146,0.3869585260674902,0.7122999315086683,0.3384193364242871,0.4399805827743853,0.572357103159748,0.5142012940582728,0.5506605763784594,0.1221470276265178,0.1282715225541673,0.1479051156907494,0.4534504804121283,0.4591042182441102,0.4313774227459992,0.75,46295
0,0,0.4866326999293595,-0.2896312917778125,0.0510803894426436,-0.8516609922317622,0.132484428370131,0.5715371617460968,0.0541864731373086,-0.1417806950288363,-0.4864685772839422,0.1846846336412927,-0.0009688720422725,0.4060468917952878,0.2341922650046989,0.5549974019961417,0.0140576463190273,0.3547591622186937,-0.4289470243255512,0.1273973104704045,0.0152293951960787,-0.4844704194330868,0.0027958011959606,0.1321402465769226,0.0524971529590221,0.998562894971431,0.1299663533732784,0.000840779142992,0.888698528424315,0.0002029185103068,0.0655687867978563,0.744738069547906,0.2297179975755858,0.3226759588743298,0.4795390312788146,0.3869585260674902,0.7122999315086683,0.3384193364242871,0.4399805827743853,0.572357103159748,0.5142012940582728,0.5506605763784594,0.1221470276265178,0.1282715225541673,0.1479051156907494,0.4534504804121283,0.4591042182441102,0.4313774227459992,0.75,46314
0,0,0.4866326999293595,-0.2896312917778125,0.0510803894426436,-0.8516609922317622,0.132484428370131,0.5715371617460968,0.0541864731373086,-0.1417806950288363,-0.4864685772839422,0.1846846336412927,-0.0009688720422725,0.4060468917952878,0.2341922650046989,0.5549974019961417,0.0140576463190273,0.3547591622186937,-0.4289470243255512,0.1273973104704045,0.0152293951960787,-0.4844704194330868,0.0027958011959606,0.1321402465769226,0.0524971529590221,0.998562894971431,0.1299663533732784,0.000840779142992,0.888698528424315,0.0002029185103068,0.0655687867978563,0.744738069547906,0.2297179975755858,0.3226759588743298,0.4795390312788146,0.3869585260674902,0.7122999315086683,0.3384193364242871,0.4399805827743853,0.572357103159748,0.5142012940582728,0.5506605763784594,0.1221470276265178,0.1282715225541673,0.1479051156907494,0.4534504804121283,0.4591042182441102,0.4313774227459992,0.75,46325
0,0,0.4866326999293595,-0.2896312917778125,0.0510803894426436,-0.8516609922317622,0.132484428370131,0.5715371617460968,0.0541864731373086,-0.1417806950288363,-0.4864685772839422,0.1846846336412927,-0.0009688720422725,0.4060468917952878,0.2341922650046989,0.5549974019961417,0.0140576463190273,0.3547591622186937,-0.4289470243255512,0.1273973104704045,0.0152293951960787,-0.4844704194330868,0.0027958011959606,0.1321402465769226,0.0524971529590221,0.998562894971431,0.1299663533732784,0.000840779142992,0.888698528424315,0.0002029185103068,0.0655687867978563,0.744738069547906,0.2297179975755858,0.3226759588743298,0.4795390312788146,0.3869585260674902,0.7122999315086683,0.3384193364242871,0.4399805827743853,0.572357103159748,0.5142012940582728,0.5506605763784594,0.1221470276265178,0.1282715225541673,0.1479051156907494,0.4534504804121283,0.4591042182441102,0.4313774227459992,0.75,46336
0,0,0.4866326999293595,-0.2896312917778125,0.0510803894426436,-0.8516609922317622,0.132484428370131,0.5715371617460968,0.0541864731373086,-0.1417806950288363,-0.4864685772839422,0.1846846336412927,-0.0009688720422725,0.4060468917952878,0.2341922650046989,0.5549974019961417,0.0140576463190273,0.3547591622186937,-0.4289470243255512,0.1273973104704045,0.0152293951960787,-0.4844704194330868,0.0027958011959606,0.1321402465769226,0.0524971529590221,0.998562894971431,0.1299663533732784,0.000840779142992,0.888698528424315,0.0002029185103068,0.0655687867978563,0.744738069547906,0.2297179975755858,0.3226759588743298,0.4795390312788146,0.3869585260674902,0.7122999315086683,0.3384193364242871,0.4399805827743853,0.572357103159748,0.5142012940582728,0.5506605763784594,0.1221470276265178,0.1282715225541673,0.1479051156907494,0.4534504804121283,0.4591042182441102,0.4313774227459992,0.75,46346
0,0,0.4866326999293595,-0.2896312917778125,0.0510803894426436,-0.8516609922317622,0.132484428370131,0.5715371617460968,0.0541864731373086,-0.1417806950288363,-0.4864685772839422,0.1846846336412927,-0.0009688720422725,0.4060468917952878,0.2341922650046989,0.5549974019961417,0.0140576463190273,0.3547591622186937,-0.4289470243255512,0.1273973104704045,0.0152293951960787,-0.4844704194330868,0.0027958011959606,0.1321402465769226,0.0524971529590221,0.998562894971431,0.1299663533732784,0.000840779142992,0.888698528424315,0.0002029185103068,0.0655687867978563,0.744738069547906,0.2297179975755858,0.3226759588743298,0.4795390312788146,0.3869585260674902,0.7122999315086683,0.3384193364242871,0.4399805827743853,0.572357103159748,0.5142012940582728,0.5506605763784594,0.1221470276265178,0.1282715225541673,0.1479051156907494,0.4534504804121283,0.4591042182441102,0.4313774227459992,0.75,46356
0,0,0.4866326999293595,-0.2896312917778125,0.0510803894426436,-0.8516609922317622,0.132484428370131,0.5715371617460968,0.0541864731373086,-0.1417806950288363,-0.4864685772839422,0.1846846336412927,-0.0009688720422725,0.4060468917952878,0.2341922650046989,0.5549974019961417,0.0140576463190273,0.3547591622186937,-0.4289470243255512,0.1273973104704045,0.0152293951960787,-0.4844704194330868,0.0027958011959606,0.1321402465769226,0.0524971529590221,0.998562894971431,0.1299663533732784,0.000840779142992,0.888698528424315,0.0002029185103068,0.0655687867978563,0.744738069547906,0.2297179975755858,0.3226759588743298,0.4795390312788146,0.3869585260674902,0.7122999315086683,0.3384193364242871,0.4399805827743853,0.572357103159748,0.5142012940582728,0.5506605763784594,0.1221470276265178,0.1282715225541673,0.1479051156907494,0.4534504804121283,0.4591042182441102,0.4313774227459992,0.75,46366
0,0,0.4866326999293595,-0.2896312917778125,0.0510803894426436,-0.8516609922317622,0.132484428370131,0.5715371617460968,0.0541864731373086,-0.1417806950288363,-0.4864685772839422,0.1846846336412927,-0.0009688720422725,0.4060468917952878,0.2341922650046989,0.5549974019961417,0.0140576463190273,0.3547591622186937,-0.4289470243255512,0.1273973104704045,0.0152293951960787,-0.4844704194330868,0.0027958011959606,0.1321402465769226,0.0524971529590221,0.998562894971431,0.1299663533732784,0.000840779142992,0.888698528424315,0.0002029185103068,0.0655687867978563,0.744738069547906,0.2297179975755858,0.3226759588743298,0.4795390312788146,0.3869585260674902,0.7122999315086683,0.3384193364242871,0.4399805827743853,0.572357103159748,0.5142012940582728,0.5506605763784594,0.1221470276265178,0.1282715225541673,0.1479051156907494,0.4534504804121283,0.4591042182441102,0.4313774227459992,0.75,46376
0,0,0.4866326999293595,-0.2896312917778125,0.0510803894426436,-0.8516609922317622,0.132484428370131,0.5715371617460968,0.0541864731373086,-0.1417806950288363,-0.4864685772839422,0.1846846336412927,-0.0009688720422725,0.4060468917952878,0.2341922650046989,0.5549974019961417,0.0140576463190273,0.3547591622186937,-0.4289470243255512,0.1273973104704045,0.0152293951960787,-0.4844704194330868,0.0027958011959606,0.1321402465769226,0.0524971529590221,0.998562894971431,0.1299663533732784,0.000840779142992,0.888698528424315,0.0002029185103068,0.0655687867978563,0.744738069547906,0.2297179975755858,0.3226759588743298,0.4795390312788146,0.3869585260674902,0.7122999315086683,0.3384193364242871,0.4399805827743853,0.572357103159748,0.5142012940582728,0.5506605763784594,0.1221470276265178,0.1282715225541673,0.1479051156907494,0.4534504804121283,0.4591042182441102,0.4313774227459992,0.75,46387
0,0,0.4866326999293595,-0.2896312917778125,0.0510803894426436,-0.8516609922317622,0.132484428370131,0.5715371617460968,0.0541864731373086,-0.1417806950288363,-0.4864685772839422,0.1846846336412927,-0.0009688720422725,0.4060468917952878,0.2341922650046989,0.5549974019961417,0.0140576463190273,0.3547591622186937,-0.4289470243255512,0.1273973104704045,0.0152293951960787,-0.4844704194330868,0.0027958011959606,0.1321402465769226,0.0524971529590221,0.998562894971431,0.1299663533732784,0.000840779142992,0.888698528424315,0.0002029185103068,0.0655687867978563,0.744738069547906,0.2297179975755858,0.3226759588743298,0.4795390312788146,0.3869585260674902,0.7122999315086683,0.3384193364242871,0.4399805827743853,0.572357103159748,0.5142012940582728,0.5506605763784594,0.1221470276265178,0.1282715225541673,0.1479051156907494,0.4534504804121283,0.4591042182441102,0.4313774227459992,0.75,46397
0,0,0.4866326999293595,-0.2896312917778125,0.0510803894426436,-0.8516609922317622,0.132484428370131,0.5715371617460968,0.0541864731373086,-0.1417806950288363,-0.4864685772839422,0.1846846336412927,-0.0009688720422725,0.4060468917952878,0.2341922650046989,0.5549974019961417,0.0140576463190273,0.3547591622186937,-0.4289470243255512,0.1273973104704045,0.0152293951960787,-0.4844704194330868,0.0027958011959606,0.1321402465769226,0.0524971529590221,0.998562894971431,0.1299663533732784,0.000840779142992,0.888698528424315,0.0002029185103068,0.0655687867978563,0.744738069547906,0.2297179975755858,0.3226759588743298,0.4795390312788146,0.3869585260674902,0.7122999315086683,0.3384193364242871,0.4399805827743853,0.572357103159748,0.5142012940582728,0.5506605763784594,0.1221470276265178,0.1282715225541673,0.1479051156907494,0.4534504804121283,0.4591042182441102,0.4313774227459992,0.75,46407
0,0,0.4866326999293595,-0.2896312917778125,0.0510803894426436,-0.8516609922317622,0.132484428370131,0.5715371617460968,0.0541864731373086,-0.1417806950288363,-0.4864685772839422,0.1846846336412927,-0.0009688720422725,0.4060468917952878,0.2341922650046989,0.5549974019961417,0.0140576463190273,0.3547591622186937,-0.4289470243255512,0.1273973104704045,0.0152293951960787,-0.4844704194330868,0.0027958011959606,0.1321402465769226,0.0524971529590221,0.998562894971431,0.1299663533732784,0.000840779142992,0.888698528424315,0.0002029185103068,0.0655687867978563,0.744738069547906,0.2297179975755858,0.3226759588743298,0.4795390312788146,0.3869585260674902,0.7122999315086683,0.3384193364242871,0.4399805827743853,0.572357103159748,0.5142012940582728,0.5506605763784594,0.1221470276265178,0.1282715225541673,0.1479051156907494,0.4534504804121283,0.4591042182441102,0.4313774227459992,0.75,46417
0,0,0.4866326999293595,-0.2896312917778125,0.0510803894426436,-0.8516609922317622,0.132484428370131,0.5715371617460968,0.0541864731373086,-0.1417806950288363,-0.4864685772839422,0.1846846336412927,-0.0009688720422725,0.4060468917952878,0.2341922650046989,0.5549974019961417,0.0140576463190273,0.3547591622186937,-0.4289470243255512,0.1273973104704045,0.0152293951960787,-0.4844704194330868,0.0027958011959606,0.1321402465769226,0.0524971529590221,0.998562894971431,0.1299663533732784,0.000840779142992,0.888698528424315,0.0002029185103068,0.0655687867978563,0.744738069547906,0.2297179975755858,0.3226759588743298,0.4795390312788146,0.3869585260674902,0.7122999315086683,0.3384193364242871,0.4399805827743853,0.572357103159748,0.5142012940582728,0.5506605763784594,0.1221470276265178,0.1282715225541673,0.1479051156907494,0.4534504804121283,0.4591042182441102,0.4313774227459992,0.75,46428
0,0,0.8611321369107228,-0.301765313277839,0.2117473313125712,-0.8501418016187574,0.7521058732402998,-0.1027081832994895,0.8487314495374609,-0.1405773520987076,-0.7614531420813382,0.3195284792462471,-0.4683383622028966,0.7007812987625246,0.797205673564499,0.6042248467728369,-0.0305665614562554,0.556618708774979,-0.7266260174938248,0.1404300000262652,-0.0909964321464445,-0.6106011249948362,0.0038035145228964,0.1318999270720717,0.0524298117699747,1.0,0.129918148463398,0.000411747047461,0.8906495881839059,0.0001,0.0669233232898114,0.7433629270429749,0.1477362283863928,0.0849414935212601,0.5211950576860817,0.2559109522357338,0.7577863878113864,0.1940930126760431,0.7380636312993897,0.6153528442287197,0.6228163957100423,0.5861793873806771,0.147043064999287,0.1764306161875003,0.1477649907541243,0.4539742404026295,0.4604631810018615,0.137491966583931,0.78,4643
0,0,0.4866326999293595,-0.2896312917778125,0.0510803894426436,-0.8516609922317622,0.132484428370131,0.5715371617460968,0.0541864731373086,-0.1417806950288363,-0.4864685772839422,0.1846846336412927,-0.0009688720422725,0.4060468917952878,0.2341922650046989,0.5549974019961417,0.0140576463190273,0.3547591622186937,-0.4289470243255512,0.1273973104704045,0.0152293951960787,-0.4844704194330868,0.0027958011959606,0.1321402465769226,0.0524971529590221,0.998562894971431,0.1299663533732784,0.000840779142992,0.888698528424315,0.0002029185103068,0.0655687867978563,0.744738069547906,0.2297179975755858,0.3226759588743298,0.4795390312788146,0.3869585260674902,0.7122999315086683,0.3384193364242871,0.4399805827743853,0.572357103159748,0.5142012940582728,0.5506605763784594,0.1221470276265178,0.1282715225541673,0.1479051156907494,0.4534504804121283,0.4591042182441102,0.4313774227459992,0.75,46438
0,0,0.4866326999293595,-0.2896312917778125,0.0510803894426436,-0.8516609922317622,0.132484428370131,0.5715371617460968,0.0541864731373086,-0.1417806950288363,-0.4864685772839422,0.1846846336412927,-0.0009688720422725,0.4060468917952878,0.2341922650046989,0.5549974019961417,0.0140576463190273,0.3547591622186937,-0.4289470243255512,0.1273973104704045,0.0152293951960787,-0.4844704194330868,0.0027958011959606,0.1321402465769226,0.0524971529590221,0.998562894971431,0.1299663533732784,0.000840779142992,0.888698528424315,0.0002029185103068,0.0655687867978563,0.744738069547906,0.2297179975755858,0.3226759588743298,0.4795390312788146,0.3869585260674902,0.7122999315086683,0.3384193364242871,0.4399805827743853,0.572357103159748,0.5142012940582728,0.5506605763784594,0.1221470276265178,0.1282715225541673,0.1479051156907494,0.4534504804121283,0.4591042182441102,0.4313774227459992,0.75,46448
0,0,0.4866326999293595,-0.2896312917778125,0.0510803894426436,-0.8516609922317622,0.132484428370131,0.5715371617460968,0.0541864731373086,-0.1417806950288363,-0.4864685772839422,0.1846846336412927,-0.0009688720422725,0.4060468917952878,0.2341922650046989,0.5549974019961417,0.0140576463190273,0.3547591622186937,-0.4289470243255512,0.1273973104704045,0.0152293951960787,-0.4844704194330868,0.0027958011959606,0.1321402465769226,0.0524971529590221,0.998562894971431,0.1299663533732784,0.000840779142992,0.888698528424315,0.0002029185103068,0.0655687867978563,0.744738069547906,0.2297179975755858,0.3226759588743298,0.4795390312788146,0.3869585260674902,0.7122999315086683,0.3384193364242871,0.4399805827743853,0.572357103159748,0.5142012940582728,0.5506605763784594,0.1221470276265178,0.1282715225541673,0.1479051156907494,0.4534504804121283,0.4591042182441102,0.4313774227459992,0.75,46459
0,0,0.4866326999293595,-0.2896312917778125,0.0510803894426436,-0.8516609922317622,0.132484428370131,0.5715371617460968,0.0541864731373086,-0.1417806950288363,-0.4864685772839422,0.1846846336412927,-0.0009688720422725,0.4060468917952878,0.2341922650046989,0.5549974019961417,0.0140576463190273,0.3547591622186937,-0.4289470243255512,0.1273973104704045,0.0152293951960787,-0.4844704194330868,0.0027958011959606,0.1321402465769226,0.0524971529590221,0.998562894971431,0.1299663533732784,0.000840779142992,0.888698528424315,0.0002029185103068,0.0655687867978563,0.744738069547906,0.2297179975755858,0.3226759588743298,0.4795390312788146,0.3869585260674902,0.7122999315086683,0.3384193364242871,0.4399805827743853,0.572357103159748,0.5142012940582728,0.5506605763784594,0.1221470276265178,0.1282715225541673,0.1479051156907494,0.4534504804121283,0.4591042182441102,0.4313774227459992,0.75,46470
0,0,0.4866326999293595,-0.2896312917778125,0.0510803894426436,-0.8516609922317622,0.132484428370131,0.5715371617460968,0.0541864731373086,-0.1417806950288363,-0.4864685772839422,0.1846846336412927,-0.0009688720422725,0.4060468917952878,0.2341922650046989,0.5549974019961417,0.0140576463190273,0.3547591622186937,-0.4289470243255512,0.1273973104704045,0.0152293951960787,-0.4844704194330868,0.0027958011959606,0.1321402465769226,0.0524971529590221,0.998562894971431,0.1299663533732784,0.000840779142992,0.888698528424315,0.0002029185103068,0.0655687867978563,0.744738069547906,0.2297179975755858,0.3226759588743298,0.4795390312788146,0.3869585260674902,0.7122999315086683,0.3384193364242871,0.4399805827743853,0.572357103159748,0.5142012940582728,0.5506605763784594,0.1221470276265178,0.1282715225541673,0.1479051156907494,0.4534504804121283,0.4591042182441102,0.4313774227459992,0.75,46490
0,0,0.4866326999293595,-0.2896312917778125,0.0510803894426436,-0.8516609922317622,0.132484428370131,0.5715371617460968,0.0541864731373086,-0.1417806950288363,-0.4864685772839422,0.1846846336412927,-0.0009688720422725,0.4060468917952878,0.2341922650046989,0.5549974019961417,0.0140576463190273,0.3547591622186937,-0.4289470243255512,0.1273973104704045,0.0152293951960787,-0.4844704194330868,0.0027958011959606,0.1321402465769226,0.0524971529590221,0.998562894971431,0.1299663533732784,0.000840779142992,0.888698528424315,0.0002029185103068,0.0655687867978563,0.744738069547906,0.2297179975755858,0.3226759588743298,0.4795390312788146,0.3869585260674902,0.7122999315086683,0.3384193364242871,0.4399805827743853,0.572357103159748,0.5142012940582728,0.5506605763784594,0.1221470276265178,0.1282715225541673,0.1479051156907494,0.4534504804121283,0.4591042182441102,0.4313774227459992,0.75,46501
0,0,0.4866326999293595,-0.2896312917778125,0.0510803894426436,-0.8516609922317622,0.132484428370131,0.5715371617460968,0.0541864731373086,-0.1417806950288363,-0.4864685772839422,0.1846846336412927,-0.0009688720422725,0.4060468917952878,0.2341922650046989,0.5549974019961417,0.0140576463190273,0.3547591622186937,-0.4289470243255512,0.1273973104704045,0.0152293951960787,-0.4844704194330868,0.0027958011959606,0.1321402465769226,0.0524971529590221,0.998562894971431,0.1299663533732784,0.000840779142992,0.888698528424315,0.0002029185103068,0.0655687867978563,0.744738069547906,0.2297179975755858,0.3226759588743298,0.4795390312788146,0.3869585260674902,0.7122999315086683,0.3384193364242871,0.4399805827743853,0.572357103159748,0.5142012940582728,0.5506605763784594,0.1221470276265178,0.1282715225541673,0.1479051156907494,0.4534504804121283,0.4591042182441102,0.4313774227459992,0.75,46512
0,0,0.4866326999293595,-0.2896312917778125,0.0510803894426436,-0.8516609922317622,0.132484428370131,0.5715371617460968,0.0541864731373086,-0.1417806950288363,-0.4864685772839422,0.1846846336412927,-0.0009688720422725,0.4060468917952878,0.2341922650046989,0.5549974019961417,0.0140576463190273,0.3547591622186937,-0.4289470243255512,0.1273973104704045,0.0152293951960787,-0.4844704194330868,0.0027958011959606,0.1321402465769226,0.0524971529590221,0.998562894971431,0.1299663533732784,0.000840779142992,0.888698528424315,0.0002029185103068,0.0655687867978563,0.744738069547906,0.2297179975755858,0.3226759588743298,0.4795390312788146,0.3869585260674902,0.7122999315086683,0.3384193364242871,0.4399805827743853,0.572357103159748,0.5142012940582728,0.5506605763784594,0.1221470276265178,0.1282715225541673,0.1479051156907494,0.4534504804121283,0.4591042182441102,0.4313774227459992,0.75,46523
0,0,0.4866326999293595,-0.2896312917778125,0.0510803894426436,-0.8516609922317622,0.132484428370131,0.5715371617460968,0.0541864731373086,-0.1417806950288363,-0.4864685772839422,0.1846846336412927,-0.0009688720422725,0.4060468917952878,0.2341922650046989,0.5549974019961417,0.0140576463190273,0.3547591622186937,-0.4289470243255512,0.1273973104704045,0.0152293951960787,-0.4844704194330868,0.0027958011959606,0.1321402465769226,0.0524971529590221,0.998562894971431,0.1299663533732784,0.000840779142992,0.888698528424315,0.0002029185103068,0.0655687867978563,0.744738069547906,0.2297179975755858,0.3226759588743298,0.4795390312788146,0.3869585260674902,0.7122999315086683,0.3384193364242871,0.4399805827743853,0.572357103159748,0.5142012940582728,0.5506605763784594,0.1221470276265178,0.1282715225541673,0.1479051156907494,0.4534504804121283,0.4591042182441102,0.4313774227459992,0.75,46533
0,0,0.4866326999293595,-0.2896312917778125,0.0510803894426436,-0.8516609922317622,0.132484428370131,0.5715371617460968,0.0541864731373086,-0.1417806950288363,-0.4864685772839422,0.1846846336412927,-0.0009688720422725,0.4060468917952878,0.2341922650046989,0.5549974019961417,0.0140576463190273,0.3547591622186937,-0.4289470243255512,0.1273973104704045,0.0152293951960787,-0.4844704194330868,0.0027958011959606,0.1321402465769226,0.0524971529590221,0.998562894971431,0.1299663533732784,0.000840779142992,0.888698528424315,0.0002029185103068,0.0655687867978563,0.744738069547906,0.2297179975755858,0.3226759588743298,0.4795390312788146,0.3869585260674902,0.7122999315086683,0.3384193364242871,0.4399805827743853,0.572357103159748,0.5142012940582728,0.5506605763784594,0.1221470276265178,0.1282715225541673,0.1479051156907494,0.4534504804121283,0.4591042182441102,0.4313774227459992,0.75,46544
0,0,0.4866326999293595,-0.2896312917778125,0.0510803894426436,-0.8516609922317622,0.132484428370131,0.5715371617460968,0.0541864731373086,-0.1417806950288363,-0.4864685772839422,0.1846846336412927,-0.0009688720422725,0.4060468917952878,0.2341922650046989,0.5549974019961417,0.0140576463190273,0.3547591622186937,-0.4289470243255512,0.1273973104704045,0.0152293951960787,-0.4844704194330868,0.0027958011959606,0.1321402465769226,0.0524971529590221,0.998562894971431,0.1299663533732784,0.000840779142992,0.888698528424315,0.0002029185103068,0.0655687867978563,0.744738069547906,0.2297179975755858,0.3226759588743298,0.4795390312788146,0.3869585260674902,0.7122999315086683,0.3384193364242871,0.4399805827743853,0.572357103159748,0.5142012940582728,0.5506605763784594,0.1221470276265178,0.1282715225541673,0.1479051156907494,0.4534504804121283,0.4591042182441102,0.4313774227459992,0.75,46555
0,0,0.4866326999293595,-0.2896312917778125,0.0510803894426436,-0.8516609922317622,0.132484428370131,0.5715371617460968,0.0541864731373086,-0.1417806950288363,-0.4864685772839422,0.1846846336412927,-0.0009688720422725,0.4060468917952878,0.2341922650046989,0.5549974019961417,0.0140576463190273,0.3547591622186937,-0.4289470243255512,0.1273973104704045,0.0152293951960787,-0.4844704194330868,0.0027958011959606,0.1321402465769226,0.0524971529590221,0.998562894971431,0.1299663533732784,0.000840779142992,0.888698528424315,0.0002029185103068,0.0655687867978563,0.744738069547906,0.2297179975755858,0.3226759588743298,0.4795390312788146,0.3869585260674902,0.7122999315086683,0.3384193364242871,0.4399805827743853,0.572357103159748,0.5142012940582728,0.5506605763784594,0.1221470276265178,0.1282715225541673,0.1479051156907494,0.4534504804121283,0.4591042182441102,0.4313774227459992,0.75,46565
0,0,0.4866326999293595,-0.2896312917778125,0.0510803894426436,-0.8516609922317622,0.132484428370131,0.5715371617460968,0.0541864731373086,-0.1417806950288363,-0.4864685772839422,0.1846846336412927,-0.0009688720422725,0.4060468917952878,0.2341922650046989,0.5549974019961417,0.0140576463190273,0.3547591622186937,-0.4289470243255512,0.1273973104704045,0.0152293951960787,-0.4844704194330868,0.0027958011959606,0.1321402465769226,0.0524971529590221,0.998562894971431,0.1299663533732784,0.000840779142992,0.888698528424315,0.0002029185103068,0.0655687867978563,0.744738069547906,0.2297179975755858,0.3226759588743298,0.4795390312788146,0.3869585260674902,0.7122999315086683,0.3384193364242871,0.4399805827743853,0.572357103159748,0.5142012940582728,0.5506605763784594,0.1221470276265178,0.1282715225541673,0.1479051156907494,0.4534504804121283,0.4591042182441102,0.4313774227459992,0.75,46584
0,0,0.4866326999293595,-0.2896312917778125,0.0510803894426436,-0.8516609922317622,0.132484428370131,0.5715371617460968,0.0541864731373086,-0.1417806950288363,-0.4864685772839422,0.1846846336412927,-0.0009688720422725,0.4060468917952878,0.2341922650046989,0.5549974019961417,0.0140576463190273,0.3547591622186937,-0.4289470243255512,0.1273973104704045,0.0152293951960787,-0.4844704194330868,0.0027958011959606,0.1321402465769226,0.0524971529590221,0.998562894971431,0.1299663533732784,0.000840779142992,0.888698528424315,0.0002029185103068,0.0655687867978563,0.744738069547906,0.2297179975755858,0.3226759588743298,0.4795390312788146,0.3869585260674902,0.7122999315086683,0.3384193364242871,0.4399805827743853,0.572357103159748,0.5142012940582728,0.5506605763784594,0.1221470276265178,0.1282715225541673,0.1479051156907494,0.4534504804121283,0.4591042182441102,0.4313774227459992,0.75,46604
0,0,0.4866326999293595,-0.2896312917778125,0.0510803894426436,-0.8516609922317622,0.132484428370131,0.5715371617460968,0.0541864731373086,-0.1417806950288363,-0.4864685772839422,0.1846846336412927,-0.0009688720422725,0.4060468917952878,0.2341922650046989,0.5549974019961417,0.0140576463190273,0.3547591622186937,-0.4289470243255512,0.1273973104704045,0.0152293951960787,-0.4844704194330868,0.0027958011959606,0.1321402465769226,0.0524971529590221,0.998562894971431,0.1299663533732784,0.000840779142992,0.888698528424315,0.0002029185103068,0.0655687867978563,0.744738069547906,0.2297179975755858,0.3226759588743298,0.4795390312788146,0.3869585260674902,0.7122999315086683,0.3384193364242871,0.4399805827743853,0.572357103159748,0.5142012940582728,0.5506605763784594,0.1221470276265178,0.1282715225541673,0.1479051156907494,0.4534504804121283,0.4591042182441102,0.4313774227459992,0.75,46614
0,0,0.4866326999293595,-0.2896312917778125,0.0510803894426436,-0.8516609922317622,0.132484428370131,0.5715371617460968,0.0541864731373086,-0.1417806950288363,-0.4864685772839422,0.1846846336412927,-0.0009688720422725,0.4060468917952878,0.2341922650046989,0.5549974019961417,0.0140576463190273,0.3547591622186937,-0.4289470243255512,0.1273973104704045,0.0152293951960787,-0.4844704194330868,0.0027958011959606,0.1321402465769226,0.0524971529590221,0.998562894971431,0.1299663533732784,0.000840779142992,0.888698528424315,0.0002029185103068,0.0655687867978563,0.744738069547906,0.2297179975755858,0.3226759588743298,0.4795390312788146,0.3869585260674902,0.7122999315086683,0.3384193364242871,0.4399805827743853,0.572357103159748,0.5142012940582728,0.5506605763784594,0.1221470276265178,0.1282715225541673,0.1479051156907494,0.4534504804121283,0.4591042182441102,0.4313774227459992,0.75,46625
0,0,0.4866326999293595,-0.2896312917778125,0.0510803894426436,-0.8516609922317622,0.132484428370131,0.5715371617460968,0.0541864731373086,-0.1417806950288363,-0.4864685772839422,0.1846846336412927,-0.0009688720422725,0.4060468917952878,0.2341922650046989,0.5549974019961417,0.0140576463190273,0.3547591622186937,-0.4289470243255512,0.1273973104704045,0.0152293951960787,-0.4844704194330868,0.0027958011959606,0.1321402465769226,0.0524971529590221,0.998562894971431,0.1299663533732784,0.000840779142992,0.888698528424315,0.0002029185103068,0.0655687867978563,0.744738069547906,0.2297179975755858,0.3226759588743298,0.4795390312788146,0.3869585260674902,0.7122999315086683,0.3384193364242871,0.4399805827743853,0.572357103159748,0.5142012940582728,0.5506605763784594,0.1221470276265178,0.1282715225541673,0.1479051156907494,0.4534504804121283,0.4591042182441102,0.4313774227459992,0.75,46635
0,0,0.4866326999293595,-0.2896312917778125,0.0510803894426436,-0.8516609922317622,0.132484428370131,0.5715371617460968,0.0541864731373086,-0.1417806950288363,-0.4864685772839422,0.1846846336412927,-0.0009688720422725,0.4060468917952878,0.2341922650046989,0.5549974019961417,0.0140576463190273,0.3547591622186937,-0.4289470243255512,0.1273973104704045,0.0152293951960787,-0.4844704194330868,0.0027958011959606,0.1321402465769226,0.0524971529590221,0.998562894971431,0.1299663533732784,0.000840779142992,0.888698528424315,0.0002029185103068,0.0655687867978563,0.744738069547906,0.2297179975755858,0.3226759588743298,0.4795390312788146,0.3869585260674902,0.7122999315086683,0.3384193364242871,0.4399805827743853,0.572357103159748,0.5142012940582728,0.5506605763784594,0.1221470276265178,0.1282715225541673,0.1479051156907494,0.4534504804121283,0.4591042182441102,0.4313774227459992,0.75,46645
0,0,0.4866326999293595,-0.2896312917778125,0.0510803894426436,-0.8516609922317622,0.132484428370131,0.5715371617460968,0.0541864731373086,-0.1417806950288363,-0.4864685772839422,0.1846846336412927,-0.0009688720422725,0.4060468917952878,0.2341922650046989,0.5549974019961417,0.0140576463190273,0.3547591622186937,-0.4289470243255512,0.1273973104704045,0.0152293951960787,-0.4844704194330868,0.0027958011959606,0.1321402465769226,0.0524971529590221,0.998562894971431,0.1299663533732784,0.000840779142992,0.888698528424315,0.0002029185103068,0.0655687867978563,0.744738069547906,0.2297179975755858,0.3226759588743298,0.4795390312788146,0.3869585260674902,0.7122999315086683,0.3384193364242871,0.4399805827743853,0.572357103159748,0.5142012940582728,0.5506605763784594,0.1221470276265178,0.1282715225541673,0.1479051156907494,0.4534504804121283,0.4591042182441102,0.4313774227459992,0.75,46656
0,0,0.4866326999293595,-0.2896312917778125,0.0510803894426436,-0.8516609922317622,0.132484428370131,0.5715371617460968,0.0541864731373086,-0.1417806950288363,-0.4864685772839422,0.1846846336412927,-0.0009688720422725,0.4060468917952878,0.2341922650046989,0.5549974019961417,0.0140576463190273,0.3547591622186937,-0.4289470243255512,0.1273973104704045,0.0152293951960787,-0.4844704194330868,0.0027958011959606,0.1321402465769226,0.0524971529590221,0.998562894971431,0.1299663533732784,0.000840779142992,0.888698528424315,0.0002029185103068,0.0655687867978563,0.744738069547906,0.2297179975755858,0.3226759588743298,0.4795390312788146,0.3869585260674902,0.7122999315086683,0.3384193364242871,0.4399805827743853,0.572357103159748,0.5142012940582728,0.5506605763784594,0.1221470276265178,0.1282715225541673,0.1479051156907494,0.4534504804121283,0.4591042182441102,0.4313774227459992,0.75,46666
0,0,0.4866326999293595,-0.2896312917778125,0.0510803894426436,-0.8516609922317622,0.132484428370131,0.5715371617460968,0.0541864731373086,-0.1417806950288363,-0.4864685772839422,0.1846846336412927,-0.0009688720422725,0.4060468917952878,0.2341922650046989,0.5549974019961417,0.0140576463190273,0.3547591622186937,-0.4289470243255512,0.1273973104704045,0.0152293951960787,-0.4844704194330868,0.0027958011959606,0.1321402465769226,0.0524971529590221,0.998562894971431,0.1299663533732784,0.000840779142992,0.888698528424315,0.0002029185103068,0.0655687867978563,0.744738069547906,0.2297179975755858,0.3226759588743298,0.4795390312788146,0.3869585260674902,0.7122999315086683,0.3384193364242871,0.4399805827743853,0.572357103159748,0.5142012940582728,0.5506605763784594,0.1221470276265178,0.1282715225541673,0.1479051156907494,0.4534504804121283,0.4591042182441102,0.4313774227459992,0.75,46676
0,0,0.4866326999293595,-0.2896312917778125,0.0510803894426436,-0.8516609922317622,0.132484428370131,0.5715371617460968,0.0541864731373086,-0.1417806950288363,-0.4864685772839422,0.1846846336412927,-0.0009688720422725,0.4060468917952878,0.2341922650046989,0.5549974019961417,0.0140576463190273,0.3547591622186937,-0.4289470243255512,0.1273973104704045,0.0152293951960787,-0.4844704194330868,0.0027958011959606,0.1321402465769226,0.0524971529590221,0.998562894971431,0.1299663533732784,0.000840779142992,0.888698528424315,0.0002029185103068,0.0655687867978563,0.744738069547906,0.2297179975755858,0.3226759588743298,0.4795390312788146,0.3869585260674902,0.7122999315086683,0.3384193364242871,0.4399805827743853,0.572357103159748,0.5142012940582728,0.5506605763784594,0.1221470276265178,0.1282715225541673,0.1479051156907494,0.4534504804121283,0.4591042182441102,0.4313774227459992,0.75,46687
0,0,0.4866326999293595,-0.2896312917778125,0.0510803894426436,-0.8516609922317622,0.132484428370131,0.5715371617460968,0.0541864731373086,-0.1417806950288363,-0.4864685772839422,0.1846846336412927,-0.0009688720422725,0.4060468917952878,0.2341922650046989,0.5549974019961417,0.0140576463190273,0.3547591622186937,-0.4289470243255512,0.1273973104704045,0.0152293951960787,-0.4844704194330868,0.0027958011959606,0.1321402465769226,0.0524971529590221,0.998562894971431,0.1299663533732784,0.000840779142992,0.888698528424315,0.0002029185103068,0.0655687867978563,0.744738069547906,0.2297179975755858,0.3226759588743298,0.4795390312788146,0.3869585260674902,0.7122999315086683,0.3384193364242871,0.4399805827743853,0.572357103159748,0.5142012940582728,0.5506605763784594,0.1221470276265178,0.1282715225541673,0.1479051156907494,0.4534504804121283,0.4591042182441102,0.4313774227459992,0.75,46697
0,0,0.4866326999293595,-0.2896312917778125,0.0510803894426436,-0.8516609922317622,0.132484428370131,0.5715371617460968,0.0541864731373086,-0.1417806950288363,-0.4864685772839422,0.1846846336412927,-0.0009688720422725,0.4060468917952878,0.2341922650046989,0.5549974019961417,0.0140576463190273,0.3547591622186937,-0.4289470243255512,0.1273973104704045,0.0152293951960787,-0.4844704194330868,0.0027958011959606,0.1321402465769226,0.0524971529590221,0.998562894971431,0.1299663533732784,0.000840779142992,0.888698528424315,0.0002029185103068,0.0655687867978563,0.744738069547906,0.2297179975755858,0.3226759588743298,0.4795390312788146,0.3869585260674902,0.7122999315086683,0.3384193364242871,0.4399805827743853,0.572357103159748,0.5142012940582728,0.5506605763784594,0.1221470276265178,0.1282715225541673,0.1479051156907494,0.4534504804121283,0.4591042182441102,0.4313774227459992,0.75,46707
0,0,0.4866326999293595,-0.2896312917778125,0.0510803894426436,-0.8516609922317622,0.132484428370131,0.5715371617460968,0.0541864731373086,-0.1417806950288363,-0.4864685772839422,0.1846846336412927,-0.0009688720422725,0.4060468917952878,0.2341922650046989,0.5549974019961417,0.0140576463190273,0.3547591622186937,-0.4289470243255512,0.1273973104704045,0.0152293951960787,-0.4844704194330868,0.0027958011959606,0.1321402465769226,0.0524971529590221,0.998562894971431,0.1299663533732784,0.000840779142992,0.888698528424315,0.0002029185103068,0.0655687867978563,0.744738069547906,0.2297179975755858,0.3226759588743298,0.4795390312788146,0.3869585260674902,0.7122999315086683,0.3384193364242871,0.4399805827743853,0.572357103159748,0.5142012940582728,0.5506605763784594,0.1221470276265178,0.1282715225541673,0.1479051156907494,0.4534504804121283,0.4591042182441102,0.4313774227459992,0.75,46717
0,0,0.4866326999293595,-0.2896312917778125,0.0510803894426436,-0.8516609922317622,0.132484428370131,0.5715371617460968,0.0541864731373086,-0.1417806950288363,-0.4864685772839422,0.1846846336412927,-0.0009688720422725,0.4060468917952878,0.2341922650046989,0.5549974019961417,0.0140576463190273,0.3547591622186937,-0.4289470243255512,0.1273973104704045,0.0152293951960787,-0.4844704194330868,0.0027958011959606,0.1321402465769226,0.0524971529590221,0.998562894971431,0.1299663533732784,0.000840779142992,0.888698528424315,0.0002029185103068,0.0655687867978563,0.744738069547906,0.2297179975755858,0.3226759588743298,0.4795390312788146,0.3869585260674902,0.7122999315086683,0.3384193364242871,0.4399805827743853,0.572357103159748,0.5142012940582728,0.5506605763784594,0.1221470276265178,0.1282715225541673,0.1479051156907494,0.4534504804121283,0.4591042182441102,0.4313774227459992,0.75,46727
0,0,0.4866326999293595,-0.2896312917778125,0.0510803894426436,-0.8516609922317622,0.132484428370131,0.5715371617460968,0.0541864731373086,-0.1417806950288363,-0.4864685772839422,0.1846846336412927,-0.0009688720422725,0.4060468917952878,0.2341922650046989,0.5549974019961417,0.0140576463190273,0.3547591622186937,-0.4289470243255512,0.1273973104704045,0.0152293951960787,-0.4844704194330868,0.0027958011959606,0.1321402465769226,0.0524971529590221,0.998562894971431,0.1299663533732784,0.000840779142992,0.888698528424315,0.0002029185103068,0.0655687867978563,0.744738069547906,0.2297179975755858,0.3226759588743298,0.4795390312788146,0.3869585260674902,0.7122999315086683,0.3384193364242871,0.4399805827743853,0.572357103159748,0.5142012940582728,0.5506605763784594,0.1221470276265178,0.1282715225541673,0.1479051156907494,0.4534504804121283,0.4591042182441102,0.4313774227459992,0.75,46745
0,0,0.4866326999293595,-0.2896312917778125,0.0510803894426436,-0.8516609922317622,0.132484428370131,0.5715371617460968,0.0541864731373086,-0.1417806950288363,-0.4864685772839422,0.1846846336412927,-0.0009688720422725,0.4060468917952878,0.2341922650046989,0.5549974019961417,0.0140576463190273,0.3547591622186937,-0.4289470243255512,0.1273973104704045,0.0152293951960787,-0.4844704194330868,0.0027958011959606,0.1321402465769226,0.0524971529590221,0.998562894971431,0.1299663533732784,0.000840779142992,0.888698528424315,0.0002029185103068,0.0655687867978563,0.744738069547906,0.2297179975755858,0.3226759588743298,0.4795390312788146,0.3869585260674902,0.7122999315086683,0.3384193364242871,0.4399805827743853,0.572357103159748,0.5142012940582728,0.5506605763784594,0.1221470276265178,0.1282715225541673,0.1479051156907494,0.4534504804121283,0.4591042182441102,0.4313774227459992,0.75,46764
0,0,0.4866326999293595,-0.2896312917778125,0.0510803894426436,-0.8516609922317622,0.132484428370131,0.5715371617460968,0.0541864731373086,-0.1417806950288363,-0.4864685772839422,0.1846846336412927,-0.0009688720422725,0.4060468917952878,0.2341922650046989,0.5549974019961417,0.0140576463190273,0.3547591622186937,-0.4289470243255512,0.1273973104704045,0.0152293951960787,-0.4844704194330868,0.0027958011959606,0.1321402465769226,0.0524971529590221,0.998562894971431,0.1299663533732784,0.000840779142992,0.888698528424315,0.0002029185103068,0.0655687867978563,0.744738069547906,0.2297179975755858,0.3226759588743298,0.4795390312788146,0.3869585260674902,0.7122999315086683,0.3384193364242871,0.4399805827743853,0.572357103159748,0.5142012940582728,0.5506605763784594,0.1221470276265178,0.1282715225541673,0.1479051156907494,0.4534504804121283,0.4591042182441102,0.4313774227459992,0.75,46774
0,0,0.4866326999293595,-0.2896312917778125,0.0510803894426436,-0.8516609922317622,0.132484428370131,0.5715371617460968,0.0541864731373086,-0.1417806950288363,-0.4864685772839422,0.1846846336412927,-0.0009688720422725,0.4060468917952878,0.2341922650046989,0.5549974019961417,0.0140576463190273,0.3547591622186937,-0.4289470243255512,0.1273973104704045,0.0152293951960787,-0.4844704194330868,0.0027958011959606,0.1321402465769226,0.0524971529590221,0.998562894971431,0.1299663533732784,0.000840779142992,0.888698528424315,0.0002029185103068,0.0655687867978563,0.744738069547906,0.2297179975755858,0.3226759588743298,0.4795390312788146,0.3869585260674902,0.7122999315086683,0.3384193364242871,0.4399805827743853,0.572357103159748,0.5142012940582728,0.5506605763784594,0.1221470276265178,0.1282715225541673,0.1479051156907494,0.4534504804121283,0.4591042182441102,0.4313774227459992,0.75,46784
0,0,0.4866326999293595,-0.2896312917778125,0.0510803894426436,-0.8516609922317622,0.132484428370131,0.5715371617460968,0.0541864731373086,-0.1417806950288363,-0.4864685772839422,0.1846846336412927,-0.0009688720422725,0.4060468917952878,0.2341922650046989,0.5549974019961417,0.0140576463190273,0.3547591622186937,-0.4289470243255512,0.1273973104704045,0.0152293951960787,-0.4844704194330868,0.0027958011959606,0.1321402465769226,0.0524971529590221,0.998562894971431,0.1299663533732784,0.000840779142992,0.888698528424315,0.0002029185103068,0.0655687867978563,0.744738069547906,0.2297179975755858,0.3226759588743298,0.4795390312788146,0.3869585260674902,0.7122999315086683,0.3384193364242871,0.4399805827743853,0.572357103159748,0.5142012940582728,0.5506605763784594,0.1221470276265178,0.1282715225541673,0.1479051156907494,0.4534504804121283,0.4591042182441102,0.4313774227459992,0.75,46795
0,0,0.4866326999293595,-0.2896312917778125,0.0510803894426436,-0.8516609922317622,0.132484428370131,0.5715371617460968,0.0541864731373086,-0.1417806950288363,-0.4864685772839422,0.1846846336412927,-0.0009688720422725,0.4060468917952878,0.2341922650046989,0.5549974019961417,0.0140576463190273,0.3547591622186937,-0.4289470243255512,0.1273973104704045,0.0152293951960787,-0.4844704194330868,0.0027958011959606,0.1321402465769226,0.0524971529590221,0.998562894971431,0.1299663533732784,0.000840779142992,0.888698528424315,0.0002029185103068,0.0655687867978563,0.744738069547906,0.2297179975755858,0.3226759588743298,0.4795390312788146,0.3869585260674902,0.7122999315086683,0.3384193364242871,0.4399805827743853,0.572357103159748,0.5142012940582728,0.5506605763784594,0.1221470276265178,0.1282715225541673,0.1479051156907494,0.4534504804121283,0.4591042182441102,0.4313774227459992,0.75,46805
0,0,0.4866326999293595,-0.2896312917778125,0.0510803894426436,-0.8516609922317622,0.132484428370131,0.5715371617460968,0.0541864731373086,-0.1417806950288363,-0.4864685772839422,0.1846846336412927,-0.0009688720422725,0.4060468917952878,0.2341922650046989,0.5549974019961417,0.0140576463190273,0.3547591622186937,-0.4289470243255512,0.1273973104704045,0.0152293951960787,-0.4844704194330868,0.0027958011959606,0.1321402465769226,0.0524971529590221,0.998562894971431,0.1299663533732784,0.000840779142992,0.888698528424315,0.0002029185103068,0.0655687867978563,0.744738069547906,0.2297179975755858,0.3226759588743298,0.4795390312788146,0.3869585260674902,0.7122999315086683,0.3384193364242871,0.4399805827743853,0.572357103159748,0.5142012940582728,0.5506605763784594,0.1221470276265178,0.1282715225541673,0.1479051156907494,0.4534504804121283,0.4591042182441102,0.4313774227459992,0.75,46825
0,0,0.4866326999293595,-0.2896312917778125,0.0510803894426436,-0.8516609922317622,0.132484428370131,0.5715371617460968,0.0541864731373086,-0.1417806950288363,-0.4864685772839422,0.1846846336412927,-0.0009688720422725,0.4060468917952878,0.2341922650046989,0.5549974019961417,0.0140576463190273,0.3547591622186937,-0.4289470243255512,0.1273973104704045,0.0152293951960787,-0.4844704194330868,0.0027958011959606,0.1321402465769226,0.0524971529590221,0.998562894971431,0.1299663533732784,0.000840779142992,0.888698528424315,0.0002029185103068,0.0655687867978563,0.744738069547906,0.2297179975755858,0.3226759588743298,0.4795390312788146,0.3869585260674902,0.7122999315086683,0.3384193364242871,0.4399805827743853,0.572357103159748,0.5142012940582728,0.5506605763784594,0.1221470276265178,0.1282715225541673,0.1479051156907494,0.4534504804121283,0.4591042182441102,0.4313774227459992,0.75,46835
0,0,0.4866326999293595,-0.2896312917778125,0.0510803894426436,-0.8516609922317622,0.132484428370131,0.5715371617460968,0.0541864731373086,-0.1417806950288363,-0.4864685772839422,0.1846846336412927,-0.0009688720422725,0.4060468917952878,0.2341922650046989,0.5549974019961417,0.0140576463190273,0.3547591622186937,-0.4289470243255512,0.1273973104704045,0.0152293951960787,-0.4844704194330868,0.0027958011959606,0.1321402465769226,0.0524971529590221,0.998562894971431,0.1299663533732784,0.000840779142992,0.888698528424315,0.0002029185103068,0.0655687867978563,0.744738069547906,0.2297179975755858,0.3226759588743298,0.4795390312788146,0.3869585260674902,0.7122999315086683,0.3384193364242871,0.4399805827743853,0.572357103159748,0.5142012940582728,0.5506605763784594,0.1221470276265178,0.1282715225541673,0.1479051156907494,0.4534504804121283,0.4591042182441102,0.4313774227459992,0.75,46846
0,0,0.4866326999293595,-0.2896312917778125,0.0510803894426436,-0.8516609922317622,0.132484428370131,0.5715371617460968,0.0541864731373086,-0.1417806950288363,-0.4864685772839422,0.1846846336412927,-0.0009688720422725,0.4060468917952878,0.2341922650046989,0.5549974019961417,0.0140576463190273,0.3547591622186937,-0.4289470243255512,0.1273973104704045,0.0152293951960787,-0.4844704194330868,0.0027958011959606,0.1321402465769226,0.0524971529590221,0.998562894971431,0.1299663533732784,0.000840779142992,0.888698528424315,0.0002029185103068,0.0655687867978563,0.744738069547906,0.2297179975755858,0.3226759588743298,0.4795390312788146,0.3869585260674902,0.7122999315086683,0.3384193364242871,0.4399805827743853,0.572357103159748,0.5142012940582728,0.5506605763784594,0.1221470276265178,0.1282715225541673,0.1479051156907494,0.4534504804121283,0.4591042182441102,0.4313774227459992,0.75,46856
0,0,0.4866326999293595,-0.2896312917778125,0.0510803894426436,-0.8516609922317622,0.132484428370131,0.5715371617460968,0.0541864731373086,-0.1417806950288363,-0.4864685772839422,0.1846846336412927,-0.0009688720422725,0.4060468917952878,0.2341922650046989,0.5549974019961417,0.0140576463190273,0.3547591622186937,-0.4289470243255512,0.1273973104704045,0.0152293951960787,-0.4844704194330868,0.0027958011959606,0.1321402465769226,0.0524971529590221,0.998562894971431,0.1299663533732784,0.000840779142992,0.888698528424315,0.0002029185103068,0.0655687867978563,0.744738069547906,0.2297179975755858,0.3226759588743298,0.4795390312788146,0.3869585260674902,0.7122999315086683,0.3384193364242871,0.4399805827743853,0.572357103159748,0.5142012940582728,0.5506605763784594,0.1221470276265178,0.1282715225541673,0.1479051156907494,0.4534504804121283,0.4591042182441102,0.4313774227459992,0.75,46866
0,0,0.4866326999293595,-0.2896312917778125,0.0510803894426436,-0.8516609922317622,0.132484428370131,0.5715371617460968,0.0541864731373086,-0.1417806950288363,-0.4864685772839422,0.1846846336412927,-0.0009688720422725,0.4060468917952878,0.2341922650046989,0.5549974019961417,0.0140576463190273,0.3547591622186937,-0.4289470243255512,0.1273973104704045,0.0152293951960787,-0.4844704194330868,0.0027958011959606,0.1321402465769226,0.0524971529590221,0.998562894971431,0.1299663533732784,0.000840779142992,0.888698528424315,0.0002029185103068,0.0655687867978563,0.744738069547906,0.2297179975755858,0.3226759588743298,0.4795390312788146,0.3869585260674902,0.7122999315086683,0.3384193364242871,0.4399805827743853,0.572357103159748,0.5142012940582728,0.5506605763784594,0.1221470276265178,0.1282715225541673,0.1479051156907494,0.4534504804121283,0.4591042182441102,0.4313774227459992,0.75,46876
0,0,0.4866326999293595,-0.2896312917778125,0.0510803894426436,-0.8516609922317622,0.132484428370131,0.5715371617460968,0.0541864731373086,-0.1417806950288363,-0.4864685772839422,0.1846846336412927,-0.0009688720422725,0.4060468917952878,0.2341922650046989,0.5549974019961417,0.0140576463190273,0.3547591622186937,-0.4289470243255512,0.1273973104704045,0.0152293951960787,-0.4844704194330868,0.0027958011959606,0.1321402465769226,0.0524971529590221,0.998562894971431,0.1299663533732784,0.000840779142992,0.888698528424315,0.0002029185103068,0.0655687867978563,0.744738069547906,0.2297179975755858,0.3226759588743298,0.4795390312788146,0.3869585260674902,0.7122999315086683,0.3384193364242871,0.4399805827743853,0.572357103159748,0.5142012940582728,0.5506605763784594,0.1221470276265178,0.1282715225541673,0.1479051156907494,0.4534504804121283,0.4591042182441102,0.4313774227459992,0.75,46886
0,0,0.4866326999293595,-0.2896312917778125,0.0510803894426436,-0.8516609922317622,0.132484428370131,0.5715371617460968,0.0541864731373086,-0.1417806950288363,-0.4864685772839422,0.1846846336412927,-0.0009688720422725,0.4060468917952878,0.2341922650046989,0.5549974019961417,0.0140576463190273,0.3547591622186937,-0.4289470243255512,0.1273973104704045,0.0152293951960787,-0.4844704194330868,0.0027958011959606,0.1321402465769226,0.0524971529590221,0.998562894971431,0.1299663533732784,0.000840779142992,0.888698528424315,0.0002029185103068,0.0655687867978563,0.744738069547906,0.2297179975755858,0.3226759588743298,0.4795390312788146,0.3869585260674902,0.7122999315086683,0.3384193364242871,0.4399805827743853,0.572357103159748,0.5142012940582728,0.5506605763784594,0.1221470276265178,0.1282715225541673,0.1479051156907494,0.4534504804121283,0.4591042182441102,0.4313774227459992,0.75,46897
0,0,0.4866326999293595,-0.2896312917778125,0.0510803894426436,-0.8516609922317622,0.132484428370131,0.5715371617460968,0.0541864731373086,-0.1417806950288363,-0.4864685772839422,0.1846846336412927,-0.0009688720422725,0.4060468917952878,0.2341922650046989,0.5549974019961417,0.0140576463190273,0.3547591622186937,-0.4289470243255512,0.1273973104704045,0.0152293951960787,-0.4844704194330868,0.0027958011959606,0.1321402465769226,0.0524971529590221,0.998562894971431,0.1299663533732784,0.000840779142992,0.888698528424315,0.0002029185103068,0.0655687867978563,0.744738069547906,0.2297179975755858,0.3226759588743298,0.4795390312788146,0.3869585260674902,0.7122999315086683,0.3384193364242871,0.4399805827743853,0.572357103159748,0.5142012940582728,0.5506605763784594,0.1221470276265178,0.1282715225541673,0.1479051156907494,0.4534504804121283,0.4591042182441102,0.4313774227459992,0.75,46908
0,0,0.4866326999293595,-0.2896312917778125,0.0510803894426436,-0.8516609922317622,0.132484428370131,0.5715371617460968,0.0541864731373086,-0.1417806950288363,-0.4864685772839422,0.1846846336412927,-0.0009688720422725,0.4060468917952878,0.2341922650046989,0.5549974019961417,0.0140576463190273,0.3547591622186937,-0.4289470243255512,0.1273973104704045,0.0152293951960787,-0.4844704194330868,0.0027958011959606,0.1321402465769226,0.0524971529590221,0.998562894971431,0.1299663533732784,0.000840779142992,0.888698528424315,0.0002029185103068,0.0655687867978563,0.744738069547906,0.2297179975755858,0.3226759588743298,0.4795390312788146,0.3869585260674902,0.7122999315086683,0.3384193364242871,0.4399805827743853,0.572357103159748,0.5142012940582728,0.5506605763784594,0.1221470276265178,0.1282715225541673,0.1479051156907494,0.4534504804121283,0.4591042182441102,0.4313774227459992,0.75,46919
0,0,0.4866326999293595,-0.2896312917778125,0.0510803894426436,-0.8516609922317622,0.132484428370131,0.5715371617460968,0.0541864731373086,-0.1417806950288363,-0.4864685772839422,0.1846846336412927,-0.0009688720422725,0.4060468917952878,0.2341922650046989,0.5549974019961417,0.0140576463190273,0.3547591622186937,-0.4289470243255512,0.1273973104704045,0.0152293951960787,-0.4844704194330868,0.0027958011959606,0.1321402465769226,0.0524971529590221,0.998562894971431,0.1299663533732784,0.000840779142992,0.888698528424315,0.0002029185103068,0.0655687867978563,0.744738069547906,0.2297179975755858,0.3226759588743298,0.4795390312788146,0.3869585260674902,0.7122999315086683,0.3384193364242871,0.4399805827743853,0.572357103159748,0.5142012940582728,0.5506605763784594,0.1221470276265178,0.1282715225541673,0.1479051156907494,0.4534504804121283,0.4591042182441102,0.4313774227459992,0.75,46929
0,0,0.4866326999293595,-0.2896312917778125,0.0510803894426436,-0.8516609922317622,0.132484428370131,0.5715371617460968,0.0541864731373086,-0.1417806950288363,-0.4864685772839422,0.1846846336412927,-0.0009688720422725,0.4060468917952878,0.2341922650046989,0.5549974019961417,0.0140576463190273,0.3547591622186937,-0.4289470243255512,0.1273973104704045,0.0152293951960787,-0.4844704194330868,0.0027958011959606,0.1321402465769226,0.0524971529590221,0.998562894971431,0.1299663533732784,0.000840779142992,0.888698528424315,0.0002029185103068,0.0655687867978563,0.744738069547906,0.2297179975755858,0.3226759588743298,0.4795390312788146,0.3869585260674902,0.7122999315086683,0.3384193364242871,0.4399805827743853,0.572357103159748,0.5142012940582728,0.5506605763784594,0.1221470276265178,0.1282715225541673,0.1479051156907494,0.4534504804121283,0.4591042182441102,0.4313774227459992,0.75,46939
0,0,0.4866326999293595,-0.2896312917778125,0.0510803894426436,-0.8516609922317622,0.132484428370131,0.5715371617460968,0.0541864731373086,-0.1417806950288363,-0.4864685772839422,0.1846846336412927,-0.0009688720422725,0.4060468917952878,0.2341922650046989,0.5549974019961417,0.0140576463190273,0.3547591622186937,-0.4289470243255512,0.1273973104704045,0.0152293951960787,-0.4844704194330868,0.0027958011959606,0.1321402465769226,0.0524971529590221,0.998562894971431,0.1299663533732784,0.000840779142992,0.888698528424315,0.0002029185103068,0.0655687867978563,0.744738069547906,0.2297179975755858,0.3226759588743298,0.4795390312788146,0.3869585260674902,0.7122999315086683,0.3384193364242871,0.4399805827743853,0.572357103159748,0.5142012940582728,0.5506605763784594,0.1221470276265178,0.1282715225541673,0.1479051156907494,0.4534504804121283,0.4591042182441102,0.4313774227459992,0.75,46949
0,0,0.4866326999293595,-0.2896312917778125,0.0510803894426436,-0.8516609922317622,0.132484428370131,0.5715371617460968,0.0541864731373086,-0.1417806950288363,-0.4864685772839422,0.1846846336412927,-0.0009688720422725,0.4060468917952878,0.2341922650046989,0.5549974019961417,0.0140576463190273,0.3547591622186937,-0.4289470243255512,0.1273973104704045,0.0152293951960787,-0.4844704194330868,0.0027958011959606,0.1321402465769226,0.0524971529590221,0.998562894971431,0.1299663533732784,0.000840779142992,0.888698528424315,0.0002029185103068,0.0655687867978563,0.744738069547906,0.2297179975755858,0.3226759588743298,0.4795390312788146,0.3869585260674902,0.7122999315086683,0.3384193364242871,0.4399805827743853,0.572357103159748,0.5142012940582728,0.5506605763784594,0.1221470276265178,0.1282715225541673,0.1479051156907494,0.4534504804121283,0.4591042182441102,0.4313774227459992,0.75,46959
0,0,0.4866326999293595,-0.2896312917778125,0.0510803894426436,-0.8516609922317622,0.132484428370131,0.5715371617460968,0.0541864731373086,-0.1417806950288363,-0.4864685772839422,0.1846846336412927,-0.0009688720422725,0.4060468917952878,0.2341922650046989,0.5549974019961417,0.0140576463190273,0.3547591622186937,-0.4289470243255512,0.1273973104704045,0.0152293951960787,-0.4844704194330868,0.0027958011959606,0.1321402465769226,0.0524971529590221,0.998562894971431,0.1299663533732784,0.000840779142992,0.888698528424315,0.0002029185103068,0.0655687867978563,0.744738069547906,0.2297179975755858,0.3226759588743298,0.4795390312788146,0.3869585260674902,0.7122999315086683,0.3384193364242871,0.4399805827743853,0.572357103159748,0.5142012940582728,0.5506605763784594,0.1221470276265178,0.1282715225541673,0.1479051156907494,0.4534504804121283,0.4591042182441102,0.4313774227459992,0.75,46970
0,0,0.4866326999293595,-0.2896312917778125,0.0510803894426436,-0.8516609922317622,0.132484428370131,0.5715371617460968,0.0541864731373086,-0.1417806950288363,-0.4864685772839422,0.1846846336412927,-0.0009688720422725,0.4060468917952878,0.2341922650046989,0.5549974019961417,0.0140576463190273,0.3547591622186937,-0.4289470243255512,0.1273973104704045,0.0152293951960787,-0.4844704194330868,0.0027958011959606,0.1321402465769226,0.0524971529590221,0.998562894971431,0.1299663533732784,0.000840779142992,0.888698528424315,0.0002029185103068,0.0655687867978563,0.744738069547906,0.2297179975755858,0.3226759588743298,0.4795390312788146,0.3869585260674902,0.7122999315086683,0.3384193364242871,0.4399805827743853,0.572357103159748,0.5142012940582728,0.5506605763784594,0.1221470276265178,0.1282715225541673,0.1479051156907494,0.4534504804121283,0.4591042182441102,0.4313774227459992,0.75,46980
0,0,0.4866326999293595,-0.2896312917778125,0.0510803894426436,-0.8516609922317622,0.132484428370131,0.5715371617460968,0.0541864731373086,-0.1417806950288363,-0.4864685772839422,0.1846846336412927,-0.0009688720422725,0.4060468917952878,0.2341922650046989,0.5549974019961417,0.0140576463190273,0.3547591622186937,-0.4289470243255512,0.1273973104704045,0.0152293951960787,-0.4844704194330868,0.0027958011959606,0.1321402465769226,0.0524971529590221,0.998562894971431,0.1299663533732784,0.000840779142992,0.888698528424315,0.0002029185103068,0.0655687867978563,0.744738069547906,0.2297179975755858,0.3226759588743298,0.4795390312788146,0.3869585260674902,0.7122999315086683,0.3384193364242871,0.4399805827743853,0.572357103159748,0.5142012940582728,0.5506605763784594,0.1221470276265178,0.1282715225541673,0.1479051156907494,0.4534504804121283,0.4591042182441102,0.4313774227459992,0.75,46991
0,0,0.4866326999293595,-0.2896312917778125,0.0510803894426436,-0.8516609922317622,0.132484428370131,0.5715371617460968,0.0541864731373086,-0.1417806950288363,-0.4864685772839422,0.1846846336412927,-0.0009688720422725,0.4060468917952878,0.2341922650046989,0.5549974019961417,0.0140576463190273,0.3547591622186937,-0.4289470243255512,0.1273973104704045,0.0152293951960787,-0.4844704194330868,0.0027958011959606,0.1321402465769226,0.0524971529590221,0.998562894971431,0.1299663533732784,0.000840779142992,0.888698528424315,0.0002029185103068,0.0655687867978563,0.744738069547906,0.2297179975755858,0.3226759588743298,0.4795390312788146,0.3869585260674902,0.7122999315086683,0.3384193364242871,0.4399805827743853,0.572357103159748,0.5142012940582728,0.5506605763784594,0.1221470276265178,0.1282715225541673,0.1479051156907494,0.4534504804121283,0.4591042182441102,0.4313774227459992,0.75,47001
0,0,0.4866326999293595,-0.2896312917778125,0.0510803894426436,-0.8516609922317622,0.132484428370131,0.5715371617460968,0.0541864731373086,-0.1417806950288363,-0.4864685772839422,0.1846846336412927,-0.0009688720422725,0.4060468917952878,0.2341922650046989,0.5549974019961417,0.0140576463190273,0.3547591622186937,-0.4289470243255512,0.1273973104704045,0.0152293951960787,-0.4844704194330868,0.0027958011959606,0.1321402465769226,0.0524971529590221,0.998562894971431,0.1299663533732784,0.000840779142992,0.888698528424315,0.0002029185103068,0.0655687867978563,0.744738069547906,0.2297179975755858,0.3226759588743298,0.4795390312788146,0.3869585260674902,0.7122999315086683,0.3384193364242871,0.4399805827743853,0.572357103159748,0.5142012940582728,0.5506605763784594,0.1221470276265178,0.1282715225541673,0.1479051156907494,0.4534504804121283,0.4591042182441102,0.4313774227459992,0.75,47019
0,0,0.4866326999293595,-0.2896312917778125,0.0510803894426436,-0.8516609922317622,0.132484428370131,0.5715371617460968,0.0541864731373086,-0.1417806950288363,-0.4864685772839422,0.1846846336412927,-0.0009688720422725,0.4060468917952878,0.2341922650046989,0.5549974019961417,0.0140576463190273,0.3547591622186937,-0.4289470243255512,0.1273973104704045,0.0152293951960787,-0.4844704194330868,0.0027958011959606,0.1321402465769226,0.0524971529590221,0.998562894971431,0.1299663533732784,0.000840779142992,0.888698528424315,0.0002029185103068,0.0655687867978563,0.744738069547906,0.2297179975755858,0.3226759588743298,0.4795390312788146,0.3869585260674902,0.7122999315086683,0.3384193364242871,0.4399805827743853,0.572357103159748,0.5142012940582728,0.5506605763784594,0.1221470276265178,0.1282715225541673,0.1479051156907494,0.4534504804121283,0.4591042182441102,0.4313774227459992,0.75,47037
0,0,0.4866326999293595,-0.2896312917778125,0.0510803894426436,-0.8516609922317622,0.132484428370131,0.5715371617460968,0.0541864731373086,-0.1417806950288363,-0.4864685772839422,0.1846846336412927,-0.0009688720422725,0.4060468917952878,0.2341922650046989,0.5549974019961417,0.0140576463190273,0.3547591622186937,-0.4289470243255512,0.1273973104704045,0.0152293951960787,-0.4844704194330868,0.0027958011959606,0.1321402465769226,0.0524971529590221,0.998562894971431,0.1299663533732784,0.000840779142992,0.888698528424315,0.0002029185103068,0.0655687867978563,0.744738069547906,0.2297179975755858,0.3226759588743298,0.4795390312788146,0.3869585260674902,0.7122999315086683,0.3384193364242871,0.4399805827743853,0.572357103159748,0.5142012940582728,0.5506605763784594,0.1221470276265178,0.1282715225541673,0.1479051156907494,0.4534504804121283,0.4591042182441102,0.4313774227459992,0.75,47057
0,0,0.4866326999293595,-0.2896312917778125,0.0510803894426436,-0.8516609922317622,0.132484428370131,0.5715371617460968,0.0541864731373086,-0.1417806950288363,-0.4864685772839422,0.1846846336412927,-0.0009688720422725,0.4060468917952878,0.2341922650046989,0.5549974019961417,0.0140576463190273,0.3547591622186937,-0.4289470243255512,0.1273973104704045,0.0152293951960787,-0.4844704194330868,0.0027958011959606,0.1321402465769226,0.0524971529590221,0.998562894971431,0.1299663533732784,0.000840779142992,0.888698528424315,0.0002029185103068,0.0655687867978563,0.744738069547906,0.2297179975755858,0.3226759588743298,0.4795390312788146,0.3869585260674902,0.7122999315086683,0.3384193364242871,0.4399805827743853,0.572357103159748,0.5142012940582728,0.5506605763784594,0.1221470276265178,0.1282715225541673,0.1479051156907494,0.4534504804121283,0.4591042182441102,0.4313774227459992,0.75,47068
0,0,0.4866326999293595,-0.2896312917778125,0.0510803894426436,-0.8516609922317622,0.132484428370131,0.5715371617460968,0.0541864731373086,-0.1417806950288363,-0.4864685772839422,0.1846846336412927,-0.0009688720422725,0.4060468917952878,0.2341922650046989,0.5549974019961417,0.0140576463190273,0.3547591622186937,-0.4289470243255512,0.1273973104704045,0.0152293951960787,-0.4844704194330868,0.0027958011959606,0.1321402465769226,0.0524971529590221,0.998562894971431,0.1299663533732784,0.000840779142992,0.888698528424315,0.0002029185103068,0.0655687867978563,0.744738069547906,0.2297179975755858,0.3226759588743298,0.4795390312788146,0.3869585260674902,0.7122999315086683,0.3384193364242871,0.4399805827743853,0.572357103159748,0.5142012940582728,0.5506605763784594,0.1221470276265178,0.1282715225541673,0.1479051156907494,0.4534504804121283,0.4591042182441102,0.4313774227459992,0.75,47078
0,0,0.4866326999293595,-0.2896312917778125,0.0510803894426436,-0.8516609922317622,0.132484428370131,0.5715371617460968,0.0541864731373086,-0.1417806950288363,-0.4864685772839422,0.1846846336412927,-0.0009688720422725,0.4060468917952878,0.2341922650046989,0.5549974019961417,0.0140576463190273,0.3547591622186937,-0.4289470243255512,0.1273973104704045,0.0152293951960787,-0.4844704194330868,0.0027958011959606,0.1321402465769226,0.0524971529590221,0.998562894971431,0.1299663533732784,0.000840779142992,0.888698528424315,0.0002029185103068,0.0655687867978563,0.744738069547906,0.2297179975755858,0.3226759588743298,0.4795390312788146,0.3869585260674902,0.7122999315086683,0.3384193364242871,0.4399805827743853,0.572357103159748,0.5142012940582728,0.5506605763784594,0.1221470276265178,0.1282715225541673,0.1479051156907494,0.4534504804121283,0.4591042182441102,0.4313774227459992,0.75,47088
0,0,0.4866326999293595,-0.2896312917778125,0.0510803894426436,-0.8516609922317622,0.132484428370131,0.5715371617460968,0.0541864731373086,-0.1417806950288363,-0.4864685772839422,0.1846846336412927,-0.0009688720422725,0.4060468917952878,0.2341922650046989,0.5549974019961417,0.0140576463190273,0.3547591622186937,-0.4289470243255512,0.1273973104704045,0.0152293951960787,-0.4844704194330868,0.0027958011959606,0.1321402465769226,0.0524971529590221,0.998562894971431,0.1299663533732784,0.000840779142992,0.888698528424315,0.0002029185103068,0.0655687867978563,0.744738069547906,0.2297179975755858,0.3226759588743298,0.4795390312788146,0.3869585260674902,0.7122999315086683,0.3384193364242871,0.4399805827743853,0.572357103159748,0.5142012940582728,0.5506605763784594,0.1221470276265178,0.1282715225541673,0.1479051156907494,0.4534504804121283,0.4591042182441102,0.4313774227459992,0.75,47098
0,0,0.4866326999293595,-0.2896312917778125,0.0510803894426436,-0.8516609922317622,0.132484428370131,0.5715371617460968,0.0541864731373086,-0.1417806950288363,-0.4864685772839422,0.1846846336412927,-0.0009688720422725,0.4060468917952878,0.2341922650046989,0.5549974019961417,0.0140576463190273,0.3547591622186937,-0.4289470243255512,0.1273973104704045,0.0152293951960787,-0.4844704194330868,0.0027958011959606,0.1321402465769226,0.0524971529590221,0.998562894971431,0.1299663533732784,0.000840779142992,0.888698528424315,0.0002029185103068,0.0655687867978563,0.744738069547906,0.2297179975755858,0.3226759588743298,0.4795390312788146,0.3869585260674902,0.7122999315086683,0.3384193364242871,0.4399805827743853,0.572357103159748,0.5142012940582728,0.5506605763784594,0.1221470276265178,0.1282715225541673,0.1479051156907494,0.4534504804121283,0.4591042182441102,0.4313774227459992,0.75,47108
0,0,0.4866326999293595,-0.2896312917778125,0.0510803894426436,-0.8516609922317622,0.132484428370131,0.5715371617460968,0.0541864731373086,-0.1417806950288363,-0.4864685772839422,0.1846846336412927,-0.0009688720422725,0.4060468917952878,0.2341922650046989,0.5549974019961417,0.0140576463190273,0.3547591622186937,-0.4289470243255512,0.1273973104704045,0.0152293951960787,-0.4844704194330868,0.0027958011959606,0.1321402465769226,0.0524971529590221,0.998562894971431,0.1299663533732784,0.000840779142992,0.888698528424315,0.0002029185103068,0.0655687867978563,0.744738069547906,0.2297179975755858,0.3226759588743298,0.4795390312788146,0.3869585260674902,0.7122999315086683,0.3384193364242871,0.4399805827743853,0.572357103159748,0.5142012940582728,0.5506605763784594,0.1221470276265178,0.1282715225541673,0.1479051156907494,0.4534504804121283,0.4591042182441102,0.4313774227459992,0.75,47128
0,0,0.4866326999293595,-0.2896312917778125,0.0510803894426436,-0.8516609922317622,0.132484428370131,0.5715371617460968,0.0541864731373086,-0.1417806950288363,-0.4864685772839422,0.1846846336412927,-0.0009688720422725,0.4060468917952878,0.2341922650046989,0.5549974019961417,0.0140576463190273,0.3547591622186937,-0.4289470243255512,0.1273973104704045,0.0152293951960787,-0.4844704194330868,0.0027958011959606,0.1321402465769226,0.0524971529590221,0.998562894971431,0.1299663533732784,0.000840779142992,0.888698528424315,0.0002029185103068,0.0655687867978563,0.744738069547906,0.2297179975755858,0.3226759588743298,0.4795390312788146,0.3869585260674902,0.7122999315086683,0.3384193364242871,0.4399805827743853,0.572357103159748,0.5142012940582728,0.5506605763784594,0.1221470276265178,0.1282715225541673,0.1479051156907494,0.4534504804121283,0.4591042182441102,0.4313774227459992,0.75,47138
0,0,0.4866326999293595,-0.2896312917778125,0.0510803894426436,-0.8516609922317622,0.132484428370131,0.5715371617460968,0.0541864731373086,-0.1417806950288363,-0.4864685772839422,0.1846846336412927,-0.0009688720422725,0.4060468917952878,0.2341922650046989,0.5549974019961417,0.0140576463190273,0.3547591622186937,-0.4289470243255512,0.1273973104704045,0.0152293951960787,-0.4844704194330868,0.0027958011959606,0.1321402465769226,0.0524971529590221,0.998562894971431,0.1299663533732784,0.000840779142992,0.888698528424315,0.0002029185103068,0.0655687867978563,0.744738069547906,0.2297179975755858,0.3226759588743298,0.4795390312788146,0.3869585260674902,0.7122999315086683,0.3384193364242871,0.4399805827743853,0.572357103159748,0.5142012940582728,0.5506605763784594,0.1221470276265178,0.1282715225541673,0.1479051156907494,0.4534504804121283,0.4591042182441102,0.4313774227459992,0.75,47149
0,0,0.4866326999293595,-0.2896312917778125,0.0510803894426436,-0.8516609922317622,0.132484428370131,0.5715371617460968,0.0541864731373086,-0.1417806950288363,-0.4864685772839422,0.1846846336412927,-0.0009688720422725,0.4060468917952878,0.2341922650046989,0.5549974019961417,0.0140576463190273,0.3547591622186937,-0.4289470243255512,0.1273973104704045,0.0152293951960787,-0.4844704194330868,0.0027958011959606,0.1321402465769226,0.0524971529590221,0.998562894971431,0.1299663533732784,0.000840779142992,0.888698528424315,0.0002029185103068,0.0655687867978563,0.744738069547906,0.2297179975755858,0.3226759588743298,0.4795390312788146,0.3869585260674902,0.7122999315086683,0.3384193364242871,0.4399805827743853,0.572357103159748,0.5142012940582728,0.5506605763784594,0.1221470276265178,0.1282715225541673,0.1479051156907494,0.4534504804121283,0.4591042182441102,0.4313774227459992,0.75,47160
0,0,0.4866326999293595,-0.2896312917778125,0.0510803894426436,-0.8516609922317622,0.132484428370131,0.5715371617460968,0.0541864731373086,-0.1417806950288363,-0.4864685772839422,0.1846846336412927,-0.0009688720422725,0.4060468917952878,0.2341922650046989,0.5549974019961417,0.0140576463190273,0.3547591622186937,-0.4289470243255512,0.1273973104704045,0.0152293951960787,-0.4844704194330868,0.0027958011959606,0.1321402465769226,0.0524971529590221,0.998562894971431,0.1299663533732784,0.000840779142992,0.888698528424315,0.0002029185103068,0.0655687867978563,0.744738069547906,0.2297179975755858,0.3226759588743298,0.4795390312788146,0.3869585260674902,0.7122999315086683,0.3384193364242871,0.4399805827743853,0.572357103159748,0.5142012940582728,0.5506605763784594,0.1221470276265178,0.1282715225541673,0.1479051156907494,0.4534504804121283,0.4591042182441102,0.4313774227459992,0.75,47171
0,0,0.4866326999293595,-0.2896312917778125,0.0510803894426436,-0.8516609922317622,0.132484428370131,0.5715371617460968,0.0541864731373086,-0.1417806950288363,-0.4864685772839422,0.1846846336412927,-0.0009688720422725,0.4060468917952878,0.2341922650046989,0.5549974019961417,0.0140576463190273,0.3547591622186937,-0.4289470243255512,0.1273973104704045,0.0152293951960787,-0.4844704194330868,0.0027958011959606,0.1321402465769226,0.0524971529590221,0.998562894971431,0.1299663533732784,0.000840779142992,0.888698528424315,0.0002029185103068,0.0655687867978563,0.744738069547906,0.2297179975755858,0.3226759588743298,0.4795390312788146,0.3869585260674902,0.7122999315086683,0.3384193364242871,0.4399805827743853,0.572357103159748,0.5142012940582728,0.5506605763784594,0.1221470276265178,0.1282715225541673,0.1479051156907494,0.4534504804121283,0.4591042182441102,0.4313774227459992,0.75,47181
0,0,0.4866326999293595,-0.2896312917778125,0.0510803894426436,-0.8516609922317622,0.132484428370131,0.5715371617460968,0.0541864731373086,-0.1417806950288363,-0.4864685772839422,0.1846846336412927,-0.0009688720422725,0.4060468917952878,0.2341922650046989,0.5549974019961417,0.0140576463190273,0.3547591622186937,-0.4289470243255512,0.1273973104704045,0.0152293951960787,-0.4844704194330868,0.0027958011959606,0.1321402465769226,0.0524971529590221,0.998562894971431,0.1299663533732784,0.000840779142992,0.888698528424315,0.0002029185103068,0.0655687867978563,0.744738069547906,0.2297179975755858,0.3226759588743298,0.4795390312788146,0.3869585260674902,0.7122999315086683,0.3384193364242871,0.4399805827743853,0.572357103159748,0.5142012940582728,0.5506605763784594,0.1221470276265178,0.1282715225541673,0.1479051156907494,0.4534504804121283,0.4591042182441102,0.4313774227459992,0.75,47198
0,0,0.4866326999293595,-0.2896312917778125,0.0510803894426436,-0.8516609922317622,0.132484428370131,0.5715371617460968,0.0541864731373086,-0.1417806950288363,-0.4864685772839422,0.1846846336412927,-0.0009688720422725,0.4060468917952878,0.2341922650046989,0.5549974019961417,0.0140576463190273,0.3547591622186937,-0.4289470243255512,0.1273973104704045,0.0152293951960787,-0.4844704194330868,0.0027958011959606,0.1321402465769226,0.0524971529590221,0.998562894971431,0.1299663533732784,0.000840779142992,0.888698528424315,0.0002029185103068,0.0655687867978563,0.744738069547906,0.2297179975755858,0.3226759588743298,0.4795390312788146,0.3869585260674902,0.7122999315086683,0.3384193364242871,0.4399805827743853,0.572357103159748,0.5142012940582728,0.5506605763784594,0.1221470276265178,0.1282715225541673,0.1479051156907494,0.4534504804121283,0.4591042182441102,0.4313774227459992,0.75,47208
0,0,0.4866326999293595,-0.2896312917778125,0.0510803894426436,-0.8516609922317622,0.132484428370131,0.5715371617460968,0.0541864731373086,-0.1417806950288363,-0.4864685772839422,0.1846846336412927,-0.0009688720422725,0.4060468917952878,0.2341922650046989,0.5549974019961417,0.0140576463190273,0.3547591622186937,-0.4289470243255512,0.1273973104704045,0.0152293951960787,-0.4844704194330868,0.0027958011959606,0.1321402465769226,0.0524971529590221,0.998562894971431,0.1299663533732784,0.000840779142992,0.888698528424315,0.0002029185103068,0.0655687867978563,0.744738069547906,0.2297179975755858,0.3226759588743298,0.4795390312788146,0.3869585260674902,0.7122999315086683,0.3384193364242871,0.4399805827743853,0.572357103159748,0.5142012940582728,0.5506605763784594,0.1221470276265178,0.1282715225541673,0.1479051156907494,0.4534504804121283,0.4591042182441102,0.4313774227459992,0.75,47218
0,0,0.4866326999293595,-0.2896312917778125,0.0510803894426436,-0.8516609922317622,0.132484428370131,0.5715371617460968,0.0541864731373086,-0.1417806950288363,-0.4864685772839422,0.1846846336412927,-0.0009688720422725,0.4060468917952878,0.2341922650046989,0.5549974019961417,0.0140576463190273,0.3547591622186937,-0.4289470243255512,0.1273973104704045,0.0152293951960787,-0.4844704194330868,0.0027958011959606,0.1321402465769226,0.0524971529590221,0.998562894971431,0.1299663533732784,0.000840779142992,0.888698528424315,0.0002029185103068,0.0655687867978563,0.744738069547906,0.2297179975755858,0.3226759588743298,0.4795390312788146,0.3869585260674902,0.7122999315086683,0.3384193364242871,0.4399805827743853,0.572357103159748,0.5142012940582728,0.5506605763784594,0.1221470276265178,0.1282715225541673,0.1479051156907494,0.4534504804121283,0.4591042182441102,0.4313774227459992,0.75,47228
0,0,0.4866326999293595,-0.2896312917778125,0.0510803894426436,-0.8516609922317622,0.132484428370131,0.5715371617460968,0.0541864731373086,-0.1417806950288363,-0.4864685772839422,0.1846846336412927,-0.0009688720422725,0.4060468917952878,0.2341922650046989,0.5549974019961417,0.0140576463190273,0.3547591622186937,-0.4289470243255512,0.1273973104704045,0.0152293951960787,-0.4844704194330868,0.0027958011959606,0.1321402465769226,0.0524971529590221,0.998562894971431,0.1299663533732784,0.000840779142992,0.888698528424315,0.0002029185103068,0.0655687867978563,0.744738069547906,0.2297179975755858,0.3226759588743298,0.4795390312788146,0.3869585260674902,0.7122999315086683,0.3384193364242871,0.4399805827743853,0.572357103159748,0.5142012940582728,0.5506605763784594,0.1221470276265178,0.1282715225541673,0.1479051156907494,0.4534504804121283,0.4591042182441102,0.4313774227459992,0.75,47239
0,0,0.4866326999293595,-0.2896312917778125,0.0510803894426436,-0.8516609922317622,0.132484428370131,0.5715371617460968,0.0541864731373086,-0.1417806950288363,-0.4864685772839422,0.1846846336412927,-0.0009688720422725,0.4060468917952878,0.2341922650046989,0.5549974019961417,0.0140576463190273,0.3547591622186937,-0.4289470243255512,0.1273973104704045,0.0152293951960787,-0.4844704194330868,0.0027958011959606,0.1321402465769226,0.0524971529590221,0.998562894971431,0.1299663533732784,0.000840779142992,0.888698528424315,0.0002029185103068,0.0655687867978563,0.744738069547906,0.2297179975755858,0.3226759588743298,0.4795390312788146,0.3869585260674902,0.7122999315086683,0.3384193364242871,0.4399805827743853,0.572357103159748,0.5142012940582728,0.5506605763784594,0.1221470276265178,0.1282715225541673,0.1479051156907494,0.4534504804121283,0.4591042182441102,0.4313774227459992,0.75,47249
0,0,0.4866326999293595,-0.2896312917778125,0.0510803894426436,-0.8516609922317622,0.132484428370131,0.5715371617460968,0.0541864731373086,-0.1417806950288363,-0.4864685772839422,0.1846846336412927,-0.0009688720422725,0.4060468917952878,0.2341922650046989,0.5549974019961417,0.0140576463190273,0.3547591622186937,-0.4289470243255512,0.1273973104704045,0.0152293951960787,-0.4844704194330868,0.0027958011959606,0.1321402465769226,0.0524971529590221,0.998562894971431,0.1299663533732784,0.000840779142992,0.888698528424315,0.0002029185103068,0.0655687867978563,0.744738069547906,0.2297179975755858,0.3226759588743298,0.4795390312788146,0.3869585260674902,0.7122999315086683,0.3384193364242871,0.4399805827743853,0.572357103159748,0.5142012940582728,0.5506605763784594,0.1221470276265178,0.1282715225541673,0.1479051156907494,0.4534504804121283,0.4591042182441102,0.4313774227459992,0.75,47259
0,0,0.4866326999293595,-0.2896312917778125,0.0510803894426436,-0.8516609922317622,0.132484428370131,0.5715371617460968,0.0541864731373086,-0.1417806950288363,-0.4864685772839422,0.1846846336412927,-0.0009688720422725,0.4060468917952878,0.2341922650046989,0.5549974019961417,0.0140576463190273,0.3547591622186937,-0.4289470243255512,0.1273973104704045,0.0152293951960787,-0.4844704194330868,0.0027958011959606,0.1321402465769226,0.0524971529590221,0.998562894971431,0.1299663533732784,0.000840779142992,0.888698528424315,0.0002029185103068,0.0655687867978563,0.744738069547906,0.2297179975755858,0.3226759588743298,0.4795390312788146,0.3869585260674902,0.7122999315086683,0.3384193364242871,0.4399805827743853,0.572357103159748,0.5142012940582728,0.5506605763784594,0.1221470276265178,0.1282715225541673,0.1479051156907494,0.4534504804121283,0.4591042182441102,0.4313774227459992,0.75,47269
0,0,0.4866326999293595,-0.2896312917778125,0.0510803894426436,-0.8516609922317622,0.132484428370131,0.5715371617460968,0.0541864731373086,-0.1417806950288363,-0.4864685772839422,0.1846846336412927,-0.0009688720422725,0.4060468917952878,0.2341922650046989,0.5549974019961417,0.0140576463190273,0.3547591622186937,-0.4289470243255512,0.1273973104704045,0.0152293951960787,-0.4844704194330868,0.0027958011959606,0.1321402465769226,0.0524971529590221,0.998562894971431,0.1299663533732784,0.000840779142992,0.888698528424315,0.0002029185103068,0.0655687867978563,0.744738069547906,0.2297179975755858,0.3226759588743298,0.4795390312788146,0.3869585260674902,0.7122999315086683,0.3384193364242871,0.4399805827743853,0.572357103159748,0.5142012940582728,0.5506605763784594,0.1221470276265178,0.1282715225541673,0.1479051156907494,0.4534504804121283,0.4591042182441102,0.4313774227459992,0.75,47279
0,0,0.4866326999293595,-0.2896312917778125,0.0510803894426436,-0.8516609922317622,0.132484428370131,0.5715371617460968,0.0541864731373086,-0.1417806950288363,-0.4864685772839422,0.1846846336412927,-0.0009688720422725,0.4060468917952878,0.2341922650046989,0.5549974019961417,0.0140576463190273,0.3547591622186937,-0.4289470243255512,0.1273973104704045,0.0152293951960787,-0.4844704194330868,0.0027958011959606,0.1321402465769226,0.0524971529590221,0.998562894971431,0.1299663533732784,0.000840779142992,0.888698528424315,0.0002029185103068,0.0655687867978563,0.744738069547906,0.2297179975755858,0.3226759588743298,0.4795390312788146,0.3869585260674902,0.7122999315086683,0.3384193364242871,0.4399805827743853,0.572357103159748,0.5142012940582728,0.5506605763784594,0.1221470276265178,0.1282715225541673,0.1479051156907494,0.4534504804121283,0.4591042182441102,0.4313774227459992,0.75,47298
0,0,0.4866326999293595,-0.2896312917778125,0.0510803894426436,-0.8516609922317622,0.132484428370131,0.5715371617460968,0.0541864731373086,-0.1417806950288363,-0.4864685772839422,0.1846846336412927,-0.0009688720422725,0.4060468917952878,0.2341922650046989,0.5549974019961417,0.0140576463190273,0.3547591622186937,-0.4289470243255512,0.1273973104704045,0.0152293951960787,-0.4844704194330868,0.0027958011959606,0.1321402465769226,0.0524971529590221,0.998562894971431,0.1299663533732784,0.000840779142992,0.888698528424315,0.0002029185103068,0.0655687867978563,0.744738069547906,0.2297179975755858,0.3226759588743298,0.4795390312788146,0.3869585260674902,0.7122999315086683,0.3384193364242871,0.4399805827743853,0.572357103159748,0.5142012940582728,0.5506605763784594,0.1221470276265178,0.1282715225541673,0.1479051156907494,0.4534504804121283,0.4591042182441102,0.4313774227459992,0.75,47318
0,0,0.4866326999293595,-0.2896312917778125,0.0510803894426436,-0.8516609922317622,0.132484428370131,0.5715371617460968,0.0541864731373086,-0.1417806950288363,-0.4864685772839422,0.1846846336412927,-0.0009688720422725,0.4060468917952878,0.2341922650046989,0.5549974019961417,0.0140576463190273,0.3547591622186937,-0.4289470243255512,0.1273973104704045,0.0152293951960787,-0.4844704194330868,0.0027958011959606,0.1321402465769226,0.0524971529590221,0.998562894971431,0.1299663533732784,0.000840779142992,0.888698528424315,0.0002029185103068,0.0655687867978563,0.744738069547906,0.2297179975755858,0.3226759588743298,0.4795390312788146,0.3869585260674902,0.7122999315086683,0.3384193364242871,0.4399805827743853,0.572357103159748,0.5142012940582728,0.5506605763784594,0.1221470276265178,0.1282715225541673,0.1479051156907494,0.4534504804121283,0.4591042182441102,0.4313774227459992,0.75,47328
0,0,0.4866326999293595,-0.2896312917778125,0.0510803894426436,-0.8516609922317622,0.132484428370131,0.5715371617460968,0.0541864731373086,-0.1417806950288363,-0.4864685772839422,0.1846846336412927,-0.0009688720422725,0.4060468917952878,0.2341922650046989,0.5549974019961417,0.0140576463190273,0.3547591622186937,-0.4289470243255512,0.1273973104704045,0.0152293951960787,-0.4844704194330868,0.0027958011959606,0.1321402465769226,0.0524971529590221,0.998562894971431,0.1299663533732784,0.000840779142992,0.888698528424315,0.0002029185103068,0.0655687867978563,0.744738069547906,0.2297179975755858,0.3226759588743298,0.4795390312788146,0.3869585260674902,0.7122999315086683,0.3384193364242871,0.4399805827743853,0.572357103159748,0.5142012940582728,0.5506605763784594,0.1221470276265178,0.1282715225541673,0.1479051156907494,0.4534504804121283,0.4591042182441102,0.4313774227459992,0.75,47338
0,0,0.4866326999293595,-0.2896312917778125,0.0510803894426436,-0.8516609922317622,0.132484428370131,0.5715371617460968,0.0541864731373086,-0.1417806950288363,-0.4864685772839422,0.1846846336412927,-0.0009688720422725,0.4060468917952878,0.2341922650046989,0.5549974019961417,0.0140576463190273,0.3547591622186937,-0.4289470243255512,0.1273973104704045,0.0152293951960787,-0.4844704194330868,0.0027958011959606,0.1321402465769226,0.0524971529590221,0.998562894971431,0.1299663533732784,0.000840779142992,0.888698528424315,0.0002029185103068,0.0655687867978563,0.744738069547906,0.2297179975755858,0.3226759588743298,0.4795390312788146,0.3869585260674902,0.7122999315086683,0.3384193364242871,0.4399805827743853,0.572357103159748,0.5142012940582728,0.5506605763784594,0.1221470276265178,0.1282715225541673,0.1479051156907494,0.4534504804121283,0.4591042182441102,0.4313774227459992,0.75,47349
0,0,0.4866326999293595,-0.2896312917778125,0.0510803894426436,-0.8516609922317622,0.132484428370131,0.5715371617460968,0.0541864731373086,-0.1417806950288363,-0.4864685772839422,0.1846846336412927,-0.0009688720422725,0.4060468917952878,0.2341922650046989,0.5549974019961417,0.0140576463190273,0.3547591622186937,-0.4289470243255512,0.1273973104704045,0.0152293951960787,-0.4844704194330868,0.0027958011959606,0.1321402465769226,0.0524971529590221,0.998562894971431,0.1299663533732784,0.000840779142992,0.888698528424315,0.0002029185103068,0.0655687867978563,0.744738069547906,0.2297179975755858,0.3226759588743298,0.4795390312788146,0.3869585260674902,0.7122999315086683,0.3384193364242871,0.4399805827743853,0.572357103159748,0.5142012940582728,0.5506605763784594,0.1221470276265178,0.1282715225541673,0.1479051156907494,0.4534504804121283,0.4591042182441102,0.4313774227459992,0.75,47360
0,0,0.4866326999293595,-0.2896312917778125,0.0510803894426436,-0.8516609922317622,0.132484428370131,0.5715371617460968,0.0541864731373086,-0.1417806950288363,-0.4864685772839422,0.1846846336412927,-0.0009688720422725,0.4060468917952878,0.2341922650046989,0.5549974019961417,0.0140576463190273,0.3547591622186937,-0.4289470243255512,0.1273973104704045,0.0152293951960787,-0.4844704194330868,0.0027958011959606,0.1321402465769226,0.0524971529590221,0.998562894971431,0.1299663533732784,0.000840779142992,0.888698528424315,0.0002029185103068,0.0655687867978563,0.744738069547906,0.2297179975755858,0.3226759588743298,0.4795390312788146,0.3869585260674902,0.7122999315086683,0.3384193364242871,0.4399805827743853,0.572357103159748,0.5142012940582728,0.5506605763784594,0.1221470276265178,0.1282715225541673,0.1479051156907494,0.4534504804121283,0.4591042182441102,0.4313774227459992,0.75,47370
0,0,0.8611321369107228,-0.301765313277839,0.2117473313125712,-0.8501418016187574,0.7521058732402998,-0.1027081832994895,0.8487314495374609,-0.1405773520987076,-0.7614531420813382,0.3195284792462471,-0.4683383622028966,0.7007812987625246,0.797205673564499,0.6042248467728369,-0.0305665614562554,0.556618708774979,-0.7266260174938248,0.1404300000262652,-0.0909964321464445,-0.6106011249948362,0.0038035145228964,0.1318999270720717,0.0524298117699747,1.0,0.129918148463398,0.000411747047461,0.8906495881839059,0.0001,0.0669233232898114,0.7433629270429749,0.1477362283863928,0.0849414935212601,0.5211950576860817,0.2559109522357338,0.7577863878113864,0.1940930126760431,0.7380636312993897,0.6153528442287197,0.6228163957100423,0.5861793873806771,0.147043064999287,0.1764306161875003,0.1477649907541243,0.4539742404026295,0.4604631810018615,0.137491966583931,0.78,4738
0,0,0.4866326999293595,-0.2896312917778125,0.0510803894426436,-0.8516609922317622,0.132484428370131,0.5715371617460968,0.0541864731373086,-0.1417806950288363,-0.4864685772839422,0.1846846336412927,-0.0009688720422725,0.4060468917952878,0.2341922650046989,0.5549974019961417,0.0140576463190273,0.3547591622186937,-0.4289470243255512,0.1273973104704045,0.0152293951960787,-0.4844704194330868,0.0027958011959606,0.1321402465769226,0.0524971529590221,0.998562894971431,0.1299663533732784,0.000840779142992,0.888698528424315,0.0002029185103068,0.0655687867978563,0.744738069547906,0.2297179975755858,0.3226759588743298,0.4795390312788146,0.3869585260674902,0.7122999315086683,0.3384193364242871,0.4399805827743853,0.572357103159748,0.5142012940582728,0.5506605763784594,0.1221470276265178,0.1282715225541673,0.1479051156907494,0.4534504804121283,0.4591042182441102,0.4313774227459992,0.75,47381
0,0,0.4866326999293595,-0.2896312917778125,0.0510803894426436,-0.8516609922317622,0.132484428370131,0.5715371617460968,0.0541864731373086,-0.1417806950288363,-0.4864685772839422,0.1846846336412927,-0.0009688720422725,0.4060468917952878,0.2341922650046989,0.5549974019961417,0.0140576463190273,0.3547591622186937,-0.4289470243255512,0.1273973104704045,0.0152293951960787,-0.4844704194330868,0.0027958011959606,0.1321402465769226,0.0524971529590221,0.998562894971431,0.1299663533732784,0.000840779142992,0.888698528424315,0.0002029185103068,0.0655687867978563,0.744738069547906,0.2297179975755858,0.3226759588743298,0.4795390312788146,0.3869585260674902,0.7122999315086683,0.3384193364242871,0.4399805827743853,0.572357103159748,0.5142012940582728,0.5506605763784594,0.1221470276265178,0.1282715225541673,0.1479051156907494,0.4534504804121283,0.4591042182441102,0.4313774227459992,0.75,47391
0,0,0.4866326999293595,-0.2896312917778125,0.0510803894426436,-0.8516609922317622,0.132484428370131,0.5715371617460968,0.0541864731373086,-0.1417806950288363,-0.4864685772839422,0.1846846336412927,-0.0009688720422725,0.4060468917952878,0.2341922650046989,0.5549974019961417,0.0140576463190273,0.3547591622186937,-0.4289470243255512,0.1273973104704045,0.0152293951960787,-0.4844704194330868,0.0027958011959606,0.1321402465769226,0.0524971529590221,0.998562894971431,0.1299663533732784,0.000840779142992,0.888698528424315,0.0002029185103068,0.0655687867978563,0.744738069547906,0.2297179975755858,0.3226759588743298,0.4795390312788146,0.3869585260674902,0.7122999315086683,0.3384193364242871,0.4399805827743853,0.572357103159748,0.5142012940582728,0.5506605763784594,0.1221470276265178,0.1282715225541673,0.1479051156907494,0.4534504804121283,0.4591042182441102,0.4313774227459992,0.75,47402
0,0,0.4866326999293595,-0.2896312917778125,0.0510803894426436,-0.8516609922317622,0.132484428370131,0.5715371617460968,0.0541864731373086,-0.1417806950288363,-0.4864685772839422,0.1846846336412927,-0.0009688720422725,0.4060468917952878,0.2341922650046989,0.5549974019961417,0.0140576463190273,0.3547591622186937,-0.4289470243255512,0.1273973104704045,0.0152293951960787,-0.4844704194330868,0.0027958011959606,0.1321402465769226,0.0524971529590221,0.998562894971431,0.1299663533732784,0.000840779142992,0.888698528424315,0.0002029185103068,0.0655687867978563,0.744738069547906,0.2297179975755858,0.3226759588743298,0.4795390312788146,0.3869585260674902,0.7122999315086683,0.3384193364242871,0.4399805827743853,0.572357103159748,0.5142012940582728,0.5506605763784594,0.1221470276265178,0.1282715225541673,0.1479051156907494,0.4534504804121283,0.4591042182441102,0.4313774227459992,0.75,47412
0,0,0.4866326999293595,-0.2896312917778125,0.0510803894426436,-0.8516609922317622,0.132484428370131,0.5715371617460968,0.0541864731373086,-0.1417806950288363,-0.4864685772839422,0.1846846336412927,-0.0009688720422725,0.4060468917952878,0.2341922650046989,0.5549974019961417,0.0140576463190273,0.3547591622186937,-0.4289470243255512,0.1273973104704045,0.0152293951960787,-0.4844704194330868,0.0027958011959606,0.1321402465769226,0.0524971529590221,0.998562894971431,0.1299663533732784,0.000840779142992,0.888698528424315,0.0002029185103068,0.0655687867978563,0.744738069547906,0.2297179975755858,0.3226759588743298,0.4795390312788146,0.3869585260674902,0.7122999315086683,0.3384193364242871,0.4399805827743853,0.572357103159748,0.5142012940582728,0.5506605763784594,0.1221470276265178,0.1282715225541673,0.1479051156907494,0.4534504804121283,0.4591042182441102,0.4313774227459992,0.75,47422
0,0,0.4866326999293595,-0.2896312917778125,0.0510803894426436,-0.8516609922317622,0.132484428370131,0.5715371617460968,0.0541864731373086,-0.1417806950288363,-0.4864685772839422,0.1846846336412927,-0.0009688720422725,0.4060468917952878,0.2341922650046989,0.5549974019961417,0.0140576463190273,0.3547591622186937,-0.4289470243255512,0.1273973104704045,0.0152293951960787,-0.4844704194330868,0.0027958011959606,0.1321402465769226,0.0524971529590221,0.998562894971431,0.1299663533732784,0.000840779142992,0.888698528424315,0.0002029185103068,0.0655687867978563,0.744738069547906,0.2297179975755858,0.3226759588743298,0.4795390312788146,0.3869585260674902,0.7122999315086683,0.3384193364242871,0.4399805827743853,0.572357103159748,0.5142012940582728,0.5506605763784594,0.1221470276265178,0.1282715225541673,0.1479051156907494,0.4534504804121283,0.4591042182441102,0.4313774227459992,0.75,47432
0,0,0.4866326999293595,-0.2896312917778125,0.0510803894426436,-0.8516609922317622,0.132484428370131,0.5715371617460968,0.0541864731373086,-0.1417806950288363,-0.4864685772839422,0.1846846336412927,-0.0009688720422725,0.4060468917952878,0.2341922650046989,0.5549974019961417,0.0140576463190273,0.3547591622186937,-0.4289470243255512,0.1273973104704045,0.0152293951960787,-0.4844704194330868,0.0027958011959606,0.1321402465769226,0.0524971529590221,0.998562894971431,0.1299663533732784,0.000840779142992,0.888698528424315,0.0002029185103068,0.0655687867978563,0.744738069547906,0.2297179975755858,0.3226759588743298,0.4795390312788146,0.3869585260674902,0.7122999315086683,0.3384193364242871,0.4399805827743853,0.572357103159748,0.5142012940582728,0.5506605763784594,0.1221470276265178,0.1282715225541673,0.1479051156907494,0.4534504804121283,0.4591042182441102,0.4313774227459992,0.75,47442
0,0,0.4866326999293595,-0.2896312917778125,0.0510803894426436,-0.8516609922317622,0.132484428370131,0.5715371617460968,0.0541864731373086,-0.1417806950288363,-0.4864685772839422,0.1846846336412927,-0.0009688720422725,0.4060468917952878,0.2341922650046989,0.5549974019961417,0.0140576463190273,0.3547591622186937,-0.4289470243255512,0.1273973104704045,0.0152293951960787,-0.4844704194330868,0.0027958011959606,0.1321402465769226,0.0524971529590221,0.998562894971431,0.1299663533732784,0.000840779142992,0.888698528424315,0.0002029185103068,0.0655687867978563,0.744738069547906,0.2297179975755858,0.3226759588743298,0.4795390312788146,0.3869585260674902,0.7122999315086683,0.3384193364242871,0.4399805827743853,0.572357103159748,0.5142012940582728,0.5506605763784594,0.1221470276265178,0.1282715225541673,0.1479051156907494,0.4534504804121283,0.4591042182441102,0.4313774227459992,0.75,47452
0,0,0.4866326999293595,-0.2896312917778125,0.0510803894426436,-0.8516609922317622,0.132484428370131,0.5715371617460968,0.0541864731373086,-0.1417806950288363,-0.4864685772839422,0.1846846336412927,-0.0009688720422725,0.4060468917952878,0.2341922650046989,0.5549974019961417,0.0140576463190273,0.3547591622186937,-0.4289470243255512,0.1273973104704045,0.0152293951960787,-0.4844704194330868,0.0027958011959606,0.1321402465769226,0.0524971529590221,0.998562894971431,0.1299663533732784,0.000840779142992,0.888698528424315,0.0002029185103068,0.0655687867978563,0.744738069547906,0.2297179975755858,0.3226759588743298,0.4795390312788146,0.3869585260674902,0.7122999315086683,0.3384193364242871,0.4399805827743853,0.572357103159748,0.5142012940582728,0.5506605763784594,0.1221470276265178,0.1282715225541673,0.1479051156907494,0.4534504804121283,0.4591042182441102,0.4313774227459992,0.75,47462
0,0,0.4866326999293595,-0.2896312917778125,0.0510803894426436,-0.8516609922317622,0.132484428370131,0.5715371617460968,0.0541864731373086,-0.1417806950288363,-0.4864685772839422,0.1846846336412927,-0.0009688720422725,0.4060468917952878,0.2341922650046989,0.5549974019961417,0.0140576463190273,0.3547591622186937,-0.4289470243255512,0.1273973104704045,0.0152293951960787,-0.4844704194330868,0.0027958011959606,0.1321402465769226,0.0524971529590221,0.998562894971431,0.1299663533732784,0.000840779142992,0.888698528424315,0.0002029185103068,0.0655687867978563,0.744738069547906,0.2297179975755858,0.3226759588743298,0.4795390312788146,0.3869585260674902,0.7122999315086683,0.3384193364242871,0.4399805827743853,0.572357103159748,0.5142012940582728,0.5506605763784594,0.1221470276265178,0.1282715225541673,0.1479051156907494,0.4534504804121283,0.4591042182441102,0.4313774227459992,0.75,47481
0,0,0.4866326999293595,-0.2896312917778125,0.0510803894426436,-0.8516609922317622,0.132484428370131,0.5715371617460968,0.0541864731373086,-0.1417806950288363,-0.4864685772839422,0.1846846336412927,-0.0009688720422725,0.4060468917952878,0.2341922650046989,0.5549974019961417,0.0140576463190273,0.3547591622186937,-0.4289470243255512,0.1273973104704045,0.0152293951960787,-0.4844704194330868,0.0027958011959606,0.1321402465769226,0.0524971529590221,0.998562894971431,0.1299663533732784,0.000840779142992,0.888698528424315,0.0002029185103068,0.0655687867978563,0.744738069547906,0.2297179975755858,0.3226759588743298,0.4795390312788146,0.3869585260674902,0.7122999315086683,0.3384193364242871,0.4399805827743853,0.572357103159748,0.5142012940582728,0.5506605763784594,0.1221470276265178,0.1282715225541673,0.1479051156907494,0.4534504804121283,0.4591042182441102,0.4313774227459992,0.75,47492
0,0,0.4866326999293595,-0.2896312917778125,0.0510803894426436,-0.8516609922317622,0.132484428370131,0.5715371617460968,0.0541864731373086,-0.1417806950288363,-0.4864685772839422,0.1846846336412927,-0.0009688720422725,0.4060468917952878,0.2341922650046989,0.5549974019961417,0.0140576463190273,0.3547591622186937,-0.4289470243255512,0.1273973104704045,0.0152293951960787,-0.4844704194330868,0.0027958011959606,0.1321402465769226,0.0524971529590221,0.998562894971431,0.1299663533732784,0.000840779142992,0.888698528424315,0.0002029185103068,0.0655687867978563,0.744738069547906,0.2297179975755858,0.3226759588743298,0.4795390312788146,0.3869585260674902,0.7122999315086683,0.3384193364242871,0.4399805827743853,0.572357103159748,0.5142012940582728,0.5506605763784594,0.1221470276265178,0.1282715225541673,0.1479051156907494,0.4534504804121283,0.4591042182441102,0.4313774227459992,0.75,47502
0,0,0.4866326999293595,-0.2896312917778125,0.0510803894426436,-0.8516609922317622,0.132484428370131,0.5715371617460968,0.0541864731373086,-0.1417806950288363,-0.4864685772839422,0.1846846336412927,-0.0009688720422725,0.4060468917952878,0.2341922650046989,0.5549974019961417,0.0140576463190273,0.3547591622186937,-0.4289470243255512,0.1273973104704045,0.0152293951960787,-0.4844704194330868,0.0027958011959606,0.1321402465769226,0.0524971529590221,0.998562894971431,0.1299663533732784,0.000840779142992,0.888698528424315,0.0002029185103068,0.0655687867978563,0.744738069547906,0.2297179975755858,0.3226759588743298,0.4795390312788146,0.3869585260674902,0.7122999315086683,0.3384193364242871,0.4399805827743853,0.572357103159748,0.5142012940582728,0.5506605763784594,0.1221470276265178,0.1282715225541673,0.1479051156907494,0.4534504804121283,0.4591042182441102,0.4313774227459992,0.75,47513
0,0,0.4866326999293595,-0.2896312917778125,0.0510803894426436,-0.8516609922317622,0.132484428370131,0.5715371617460968,0.0541864731373086,-0.1417806950288363,-0.4864685772839422,0.1846846336412927,-0.0009688720422725,0.4060468917952878,0.2341922650046989,0.5549974019961417,0.0140576463190273,0.3547591622186937,-0.4289470243255512,0.1273973104704045,0.0152293951960787,-0.4844704194330868,0.0027958011959606,0.1321402465769226,0.0524971529590221,0.998562894971431,0.1299663533732784,0.000840779142992,0.888698528424315,0.0002029185103068,0.0655687867978563,0.744738069547906,0.2297179975755858,0.3226759588743298,0.4795390312788146,0.3869585260674902,0.7122999315086683,0.3384193364242871,0.4399805827743853,0.572357103159748,0.5142012940582728,0.5506605763784594,0.1221470276265178,0.1282715225541673,0.1479051156907494,0.4534504804121283,0.4591042182441102,0.4313774227459992,0.75,47523
0,0,0.4866326999293595,-0.2896312917778125,0.0510803894426436,-0.8516609922317622,0.132484428370131,0.5715371617460968,0.0541864731373086,-0.1417806950288363,-0.4864685772839422,0.1846846336412927,-0.0009688720422725,0.4060468917952878,0.2341922650046989,0.5549974019961417,0.0140576463190273,0.3547591622186937,-0.4289470243255512,0.1273973104704045,0.0152293951960787,-0.4844704194330868,0.0027958011959606,0.1321402465769226,0.0524971529590221,0.998562894971431,0.1299663533732784,0.000840779142992,0.888698528424315,0.0002029185103068,0.0655687867978563,0.744738069547906,0.2297179975755858,0.3226759588743298,0.4795390312788146,0.3869585260674902,0.7122999315086683,0.3384193364242871,0.4399805827743853,0.572357103159748,0.5142012940582728,0.5506605763784594,0.1221470276265178,0.1282715225541673,0.1479051156907494,0.4534504804121283,0.4591042182441102,0.4313774227459992,0.75,47542
0,0,0.4866326999293595,-0.2896312917778125,0.0510803894426436,-0.8516609922317622,0.132484428370131,0.5715371617460968,0.0541864731373086,-0.1417806950288363,-0.4864685772839422,0.1846846336412927,-0.0009688720422725,0.4060468917952878,0.2341922650046989,0.5549974019961417,0.0140576463190273,0.3547591622186937,-0.4289470243255512,0.1273973104704045,0.0152293951960787,-0.4844704194330868,0.0027958011959606,0.1321402465769226,0.0524971529590221,0.998562894971431,0.1299663533732784,0.000840779142992,0.888698528424315,0.0002029185103068,0.0655687867978563,0.744738069547906,0.2297179975755858,0.3226759588743298,0.4795390312788146,0.3869585260674902,0.7122999315086683,0.3384193364242871,0.4399805827743853,0.572357103159748,0.5142012940582728,0.5506605763784594,0.1221470276265178,0.1282715225541673,0.1479051156907494,0.4534504804121283,0.4591042182441102,0.4313774227459992,0.75,47552
0,0,0.4866326999293595,-0.2896312917778125,0.0510803894426436,-0.8516609922317622,0.132484428370131,0.5715371617460968,0.0541864731373086,-0.1417806950288363,-0.4864685772839422,0.1846846336412927,-0.0009688720422725,0.4060468917952878,0.2341922650046989,0.5549974019961417,0.0140576463190273,0.3547591622186937,-0.4289470243255512,0.1273973104704045,0.0152293951960787,-0.4844704194330868,0.0027958011959606,0.1321402465769226,0.0524971529590221,0.998562894971431,0.1299663533732784,0.000840779142992,0.888698528424315,0.0002029185103068,0.0655687867978563,0.744738069547906,0.2297179975755858,0.3226759588743298,0.4795390312788146,0.3869585260674902,0.7122999315086683,0.3384193364242871,0.4399805827743853,0.572357103159748,0.5142012940582728,0.5506605763784594,0.1221470276265178,0.1282715225541673,0.1479051156907494,0.4534504804121283,0.4591042182441102,0.4313774227459992,0.75,47571
0,0,0.4866326999293595,-0.2896312917778125,0.0510803894426436,-0.8516609922317622,0.132484428370131,0.5715371617460968,0.0541864731373086,-0.1417806950288363,-0.4864685772839422,0.1846846336412927,-0.0009688720422725,0.4060468917952878,0.2341922650046989,0.5549974019961417,0.0140576463190273,0.3547591622186937,-0.4289470243255512,0.1273973104704045,0.0152293951960787,-0.4844704194330868,0.0027958011959606,0.1321402465769226,0.0524971529590221,0.998562894971431,0.1299663533732784,0.000840779142992,0.888698528424315,0.0002029185103068,0.0655687867978563,0.744738069547906,0.2297179975755858,0.3226759588743298,0.4795390312788146,0.3869585260674902,0.7122999315086683,0.3384193364242871,0.4399805827743853,0.572357103159748,0.5142012940582728,0.5506605763784594,0.1221470276265178,0.1282715225541673,0.1479051156907494,0.4534504804121283,0.4591042182441102,0.4313774227459992,0.75,47581
0,0,0.4866326999293595,-0.2896312917778125,0.0510803894426436,-0.8516609922317622,0.132484428370131,0.5715371617460968,0.0541864731373086,-0.1417806950288363,-0.4864685772839422,0.1846846336412927,-0.0009688720422725,0.4060468917952878,0.2341922650046989,0.5549974019961417,0.0140576463190273,0.3547591622186937,-0.4289470243255512,0.1273973104704045,0.0152293951960787,-0.4844704194330868,0.0027958011959606,0.1321402465769226,0.0524971529590221,0.998562894971431,0.1299663533732784,0.000840779142992,0.888698528424315,0.0002029185103068,0.0655687867978563,0.744738069547906,0.2297179975755858,0.3226759588743298,0.4795390312788146,0.3869585260674902,0.7122999315086683,0.3384193364242871,0.4399805827743853,0.572357103159748,0.5142012940582728,0.5506605763784594,0.1221470276265178,0.1282715225541673,0.1479051156907494,0.4534504804121283,0.4591042182441102,0.4313774227459992,0.75,47591
0,0,0.4866326999293595,-0.2896312917778125,0.0510803894426436,-0.8516609922317622,0.132484428370131,0.5715371617460968,0.0541864731373086,-0.1417806950288363,-0.4864685772839422,0.1846846336412927,-0.0009688720422725,0.4060468917952878,0.2341922650046989,0.5549974019961417,0.0140576463190273,0.3547591622186937,-0.4289470243255512,0.1273973104704045,0.0152293951960787,-0.4844704194330868,0.0027958011959606,0.1321402465769226,0.0524971529590221,0.998562894971431,0.1299663533732784,0.000840779142992,0.888698528424315,0.0002029185103068,0.0655687867978563,0.744738069547906,0.2297179975755858,0.3226759588743298,0.4795390312788146,0.3869585260674902,0.7122999315086683,0.3384193364242871,0.4399805827743853,0.572357103159748,0.5142012940582728,0.5506605763784594,0.1221470276265178,0.1282715225541673,0.1479051156907494,0.4534504804121283,0.4591042182441102,0.4313774227459992,0.75,47602
0,0,0.4866326999293595,-0.2896312917778125,0.0510803894426436,-0.8516609922317622,0.132484428370131,0.5715371617460968,0.0541864731373086,-0.1417806950288363,-0.4864685772839422,0.1846846336412927,-0.0009688720422725,0.4060468917952878,0.2341922650046989,0.5549974019961417,0.0140576463190273,0.3547591622186937,-0.4289470243255512,0.1273973104704045,0.0152293951960787,-0.4844704194330868,0.0027958011959606,0.1321402465769226,0.0524971529590221,0.998562894971431,0.1299663533732784,0.000840779142992,0.888698528424315,0.0002029185103068,0.0655687867978563,0.744738069547906,0.2297179975755858,0.3226759588743298,0.4795390312788146,0.3869585260674902,0.7122999315086683,0.3384193364242871,0.4399805827743853,0.572357103159748,0.5142012940582728,0.5506605763784594,0.1221470276265178,0.1282715225541673,0.1479051156907494,0.4534504804121283,0.4591042182441102,0.4313774227459992,0.75,47612
0,0,0.4866326999293595,-0.2896312917778125,0.0510803894426436,-0.8516609922317622,0.132484428370131,0.5715371617460968,0.0541864731373086,-0.1417806950288363,-0.4864685772839422,0.1846846336412927,-0.0009688720422725,0.4060468917952878,0.2341922650046989,0.5549974019961417,0.0140576463190273,0.3547591622186937,-0.4289470243255512,0.1273973104704045,0.0152293951960787,-0.4844704194330868,0.0027958011959606,0.1321402465769226,0.0524971529590221,0.998562894971431,0.1299663533732784,0.000840779142992,0.888698528424315,0.0002029185103068,0.0655687867978563,0.744738069547906,0.2297179975755858,0.3226759588743298,0.4795390312788146,0.3869585260674902,0.7122999315086683,0.3384193364242871,0.4399805827743853,0.572357103159748,0.5142012940582728,0.5506605763784594,0.1221470276265178,0.1282715225541673,0.1479051156907494,0.4534504804121283,0.4591042182441102,0.4313774227459992,0.75,47622
0,0,0.4866326999293595,-0.2896312917778125,0.0510803894426436,-0.8516609922317622,0.132484428370131,0.5715371617460968,0.0541864731373086,-0.1417806950288363,-0.4864685772839422,0.1846846336412927,-0.0009688720422725,0.4060468917952878,0.2341922650046989,0.5549974019961417,0.0140576463190273,0.3547591622186937,-0.4289470243255512,0.1273973104704045,0.0152293951960787,-0.4844704194330868,0.0027958011959606,0.1321402465769226,0.0524971529590221,0.998562894971431,0.1299663533732784,0.000840779142992,0.888698528424315,0.0002029185103068,0.0655687867978563,0.744738069547906,0.2297179975755858,0.3226759588743298,0.4795390312788146,0.3869585260674902,0.7122999315086683,0.3384193364242871,0.4399805827743853,0.572357103159748,0.5142012940582728,0.5506605763784594,0.1221470276265178,0.1282715225541673,0.1479051156907494,0.4534504804121283,0.4591042182441102,0.4313774227459992,0.75,47633
0,0,0.4866326999293595,-0.2896312917778125,0.0510803894426436,-0.8516609922317622,0.132484428370131,0.5715371617460968,0.0541864731373086,-0.1417806950288363,-0.4864685772839422,0.1846846336412927,-0.0009688720422725,0.4060468917952878,0.2341922650046989,0.5549974019961417,0.0140576463190273,0.3547591622186937,-0.4289470243255512,0.1273973104704045,0.0152293951960787,-0.4844704194330868,0.0027958011959606,0.1321402465769226,0.0524971529590221,0.998562894971431,0.1299663533732784,0.000840779142992,0.888698528424315,0.0002029185103068,0.0655687867978563,0.744738069547906,0.2297179975755858,0.3226759588743298,0.4795390312788146,0.3869585260674902,0.7122999315086683,0.3384193364242871,0.4399805827743853,0.572357103159748,0.5142012940582728,0.5506605763784594,0.1221470276265178,0.1282715225541673,0.1479051156907494,0.4534504804121283,0.4591042182441102,0.4313774227459992,0.75,47652
0,0,0.4866326999293595,-0.2896312917778125,0.0510803894426436,-0.8516609922317622,0.132484428370131,0.5715371617460968,0.0541864731373086,-0.1417806950288363,-0.4864685772839422,0.1846846336412927,-0.0009688720422725,0.4060468917952878,0.2341922650046989,0.5549974019961417,0.0140576463190273,0.3547591622186937,-0.4289470243255512,0.1273973104704045,0.0152293951960787,-0.4844704194330868,0.0027958011959606,0.1321402465769226,0.0524971529590221,0.998562894971431,0.1299663533732784,0.000840779142992,0.888698528424315,0.0002029185103068,0.0655687867978563,0.744738069547906,0.2297179975755858,0.3226759588743298,0.4795390312788146,0.3869585260674902,0.7122999315086683,0.3384193364242871,0.4399805827743853,0.572357103159748,0.5142012940582728,0.5506605763784594,0.1221470276265178,0.1282715225541673,0.1479051156907494,0.4534504804121283,0.4591042182441102,0.4313774227459992,0.75,47662
0,0,0.4866326999293595,-0.2896312917778125,0.0510803894426436,-0.8516609922317622,0.132484428370131,0.5715371617460968,0.0541864731373086,-0.1417806950288363,-0.4864685772839422,0.1846846336412927,-0.0009688720422725,0.4060468917952878,0.2341922650046989,0.5549974019961417,0.0140576463190273,0.3547591622186937,-0.4289470243255512,0.1273973104704045,0.0152293951960787,-0.4844704194330868,0.0027958011959606,0.1321402465769226,0.0524971529590221,0.998562894971431,0.1299663533732784,0.000840779142992,0.888698528424315,0.0002029185103068,0.0655687867978563,0.744738069547906,0.2297179975755858,0.3226759588743298,0.4795390312788146,0.3869585260674902,0.7122999315086683,0.3384193364242871,0.4399805827743853,0.572357103159748,0.5142012940582728,0.5506605763784594,0.1221470276265178,0.1282715225541673,0.1479051156907494,0.4534504804121283,0.4591042182441102,0.4313774227459992,0.75,47681
0,0,0.4866326999293595,-0.2896312917778125,0.0510803894426436,-0.8516609922317622,0.132484428370131,0.5715371617460968,0.0541864731373086,-0.1417806950288363,-0.4864685772839422,0.1846846336412927,-0.0009688720422725,0.4060468917952878,0.2341922650046989,0.5549974019961417,0.0140576463190273,0.3547591622186937,-0.4289470243255512,0.1273973104704045,0.0152293951960787,-0.4844704194330868,0.0027958011959606,0.1321402465769226,0.0524971529590221,0.998562894971431,0.1299663533732784,0.000840779142992,0.888698528424315,0.0002029185103068,0.0655687867978563,0.744738069547906,0.2297179975755858,0.3226759588743298,0.4795390312788146,0.3869585260674902,0.7122999315086683,0.3384193364242871,0.4399805827743853,0.572357103159748,0.5142012940582728,0.5506605763784594,0.1221470276265178,0.1282715225541673,0.1479051156907494,0.4534504804121283,0.4591042182441102,0.4313774227459992,0.75,47692
0,0,0.4866326999293595,-0.2896312917778125,0.0510803894426436,-0.8516609922317622,0.132484428370131,0.5715371617460968,0.0541864731373086,-0.1417806950288363,-0.4864685772839422,0.1846846336412927,-0.0009688720422725,0.4060468917952878,0.2341922650046989,0.5549974019961417,0.0140576463190273,0.3547591622186937,-0.4289470243255512,0.1273973104704045,0.0152293951960787,-0.4844704194330868,0.0027958011959606,0.1321402465769226,0.0524971529590221,0.998562894971431,0.1299663533732784,0.000840779142992,0.888698528424315,0.0002029185103068,0.0655687867978563,0.744738069547906,0.2297179975755858,0.3226759588743298,0.4795390312788146,0.3869585260674902,0.7122999315086683,0.3384193364242871,0.4399805827743853,0.572357103159748,0.5142012940582728,0.5506605763784594,0.1221470276265178,0.1282715225541673,0.1479051156907494,0.4534504804121283,0.4591042182441102,0.4313774227459992,0.75,47702
0,0,0.4866326999293595,-0.2896312917778125,0.0510803894426436,-0.8516609922317622,0.132484428370131,0.5715371617460968,0.0541864731373086,-0.1417806950288363,-0.4864685772839422,0.1846846336412927,-0.0009688720422725,0.4060468917952878,0.2341922650046989,0.5549974019961417,0.0140576463190273,0.3547591622186937,-0.4289470243255512,0.1273973104704045,0.0152293951960787,-0.4844704194330868,0.0027958011959606,0.1321402465769226,0.0524971529590221,0.998562894971431,0.1299663533732784,0.000840779142992,0.888698528424315,0.0002029185103068,0.0655687867978563,0.744738069547906,0.2297179975755858,0.3226759588743298,0.4795390312788146,0.3869585260674902,0.7122999315086683,0.3384193364242871,0.4399805827743853,0.572357103159748,0.5142012940582728,0.5506605763784594,0.1221470276265178,0.1282715225541673,0.1479051156907494,0.4534504804121283,0.4591042182441102,0.4313774227459992,0.75,47713
0,0,0.4866326999293595,-0.2896312917778125,0.0510803894426436,-0.8516609922317622,0.132484428370131,0.5715371617460968,0.0541864731373086,-0.1417806950288363,-0.4864685772839422,0.1846846336412927,-0.0009688720422725,0.4060468917952878,0.2341922650046989,0.5549974019961417,0.0140576463190273,0.3547591622186937,-0.4289470243255512,0.1273973104704045,0.0152293951960787,-0.4844704194330868,0.0027958011959606,0.1321402465769226,0.0524971529590221,0.998562894971431,0.1299663533732784,0.000840779142992,0.888698528424315,0.0002029185103068,0.0655687867978563,0.744738069547906,0.2297179975755858,0.3226759588743298,0.4795390312788146,0.3869585260674902,0.7122999315086683,0.3384193364242871,0.4399805827743853,0.572357103159748,0.5142012940582728,0.5506605763784594,0.1221470276265178,0.1282715225541673,0.1479051156907494,0.4534504804121283,0.4591042182441102,0.4313774227459992,0.75,47724
0,0,0.4866326999293595,-0.2896312917778125,0.0510803894426436,-0.8516609922317622,0.132484428370131,0.5715371617460968,0.0541864731373086,-0.1417806950288363,-0.4864685772839422,0.1846846336412927,-0.0009688720422725,0.4060468917952878,0.2341922650046989,0.5549974019961417,0.0140576463190273,0.3547591622186937,-0.4289470243255512,0.1273973104704045,0.0152293951960787,-0.4844704194330868,0.0027958011959606,0.1321402465769226,0.0524971529590221,0.998562894971431,0.1299663533732784,0.000840779142992,0.888698528424315,0.0002029185103068,0.0655687867978563,0.744738069547906,0.2297179975755858,0.3226759588743298,0.4795390312788146,0.3869585260674902,0.7122999315086683,0.3384193364242871,0.4399805827743853,0.572357103159748,0.5142012940582728,0.5506605763784594,0.1221470276265178,0.1282715225541673,0.1479051156907494,0.4534504804121283,0.4591042182441102,0.4313774227459992,0.75,47743
0,0,0.4866326999293595,-0.2896312917778125,0.0510803894426436,-0.8516609922317622,0.132484428370131,0.5715371617460968,0.0541864731373086,-0.1417806950288363,-0.4864685772839422,0.1846846336412927,-0.0009688720422725,0.4060468917952878,0.2341922650046989,0.5549974019961417,0.0140576463190273,0.3547591622186937,-0.4289470243255512,0.1273973104704045,0.0152293951960787,-0.4844704194330868,0.0027958011959606,0.1321402465769226,0.0524971529590221,0.998562894971431,0.1299663533732784,0.000840779142992,0.888698528424315,0.0002029185103068,0.0655687867978563,0.744738069547906,0.2297179975755858,0.3226759588743298,0.4795390312788146,0.3869585260674902,0.7122999315086683,0.3384193364242871,0.4399805827743853,0.572357103159748,0.5142012940582728,0.5506605763784594,0.1221470276265178,0.1282715225541673,0.1479051156907494,0.4534504804121283,0.4591042182441102,0.4313774227459992,0.75,47753
0,0,0.4866326999293595,-0.2896312917778125,0.0510803894426436,-0.8516609922317622,0.132484428370131,0.5715371617460968,0.0541864731373086,-0.1417806950288363,-0.4864685772839422,0.1846846336412927,-0.0009688720422725,0.4060468917952878,0.2341922650046989,0.5549974019961417,0.0140576463190273,0.3547591622186937,-0.4289470243255512,0.1273973104704045,0.0152293951960787,-0.4844704194330868,0.0027958011959606,0.1321402465769226,0.0524971529590221,0.998562894971431,0.1299663533732784,0.000840779142992,0.888698528424315,0.0002029185103068,0.0655687867978563,0.744738069547906,0.2297179975755858,0.3226759588743298,0.4795390312788146,0.3869585260674902,0.7122999315086683,0.3384193364242871,0.4399805827743853,0.572357103159748,0.5142012940582728,0.5506605763784594,0.1221470276265178,0.1282715225541673,0.1479051156907494,0.4534504804121283,0.4591042182441102,0.4313774227459992,0.75,47763
0,0,0.4866326999293595,-0.2896312917778125,0.0510803894426436,-0.8516609922317622,0.132484428370131,0.5715371617460968,0.0541864731373086,-0.1417806950288363,-0.4864685772839422,0.1846846336412927,-0.0009688720422725,0.4060468917952878,0.2341922650046989,0.5549974019961417,0.0140576463190273,0.3547591622186937,-0.4289470243255512,0.1273973104704045,0.0152293951960787,-0.4844704194330868,0.0027958011959606,0.1321402465769226,0.0524971529590221,0.998562894971431,0.1299663533732784,0.000840779142992,0.888698528424315,0.0002029185103068,0.0655687867978563,0.744738069547906,0.2297179975755858,0.3226759588743298,0.4795390312788146,0.3869585260674902,0.7122999315086683,0.3384193364242871,0.4399805827743853,0.572357103159748,0.5142012940582728,0.5506605763784594,0.1221470276265178,0.1282715225541673,0.1479051156907494,0.4534504804121283,0.4591042182441102,0.4313774227459992,0.75,47773
0,0,0.4866326999293595,-0.2896312917778125,0.0510803894426436,-0.8516609922317622,0.132484428370131,0.5715371617460968,0.0541864731373086,-0.1417806950288363,-0.4864685772839422,0.1846846336412927,-0.0009688720422725,0.4060468917952878,0.2341922650046989,0.5549974019961417,0.0140576463190273,0.3547591622186937,-0.4289470243255512,0.1273973104704045,0.0152293951960787,-0.4844704194330868,0.0027958011959606,0.1321402465769226,0.0524971529590221,0.998562894971431,0.1299663533732784,0.000840779142992,0.888698528424315,0.0002029185103068,0.0655687867978563,0.744738069547906,0.2297179975755858,0.3226759588743298,0.4795390312788146,0.3869585260674902,0.7122999315086683,0.3384193364242871,0.4399805827743853,0.572357103159748,0.5142012940582728,0.5506605763784594,0.1221470276265178,0.1282715225541673,0.1479051156907494,0.4534504804121283,0.4591042182441102,0.4313774227459992,0.75,47783
0,0,0.4866326999293595,-0.2896312917778125,0.0510803894426436,-0.8516609922317622,0.132484428370131,0.5715371617460968,0.0541864731373086,-0.1417806950288363,-0.4864685772839422,0.1846846336412927,-0.0009688720422725,0.4060468917952878,0.2341922650046989,0.5549974019961417,0.0140576463190273,0.3547591622186937,-0.4289470243255512,0.1273973104704045,0.0152293951960787,-0.4844704194330868,0.0027958011959606,0.1321402465769226,0.0524971529590221,0.998562894971431,0.1299663533732784,0.000840779142992,0.888698528424315,0.0002029185103068,0.0655687867978563,0.744738069547906,0.2297179975755858,0.3226759588743298,0.4795390312788146,0.3869585260674902,0.7122999315086683,0.3384193364242871,0.4399805827743853,0.572357103159748,0.5142012940582728,0.5506605763784594,0.1221470276265178,0.1282715225541673,0.1479051156907494,0.4534504804121283,0.4591042182441102,0.4313774227459992,0.75,47800
0,0,0.4866326999293595,-0.2896312917778125,0.0510803894426436,-0.8516609922317622,0.132484428370131,0.5715371617460968,0.0541864731373086,-0.1417806950288363,-0.4864685772839422,0.1846846336412927,-0.0009688720422725,0.4060468917952878,0.2341922650046989,0.5549974019961417,0.0140576463190273,0.3547591622186937,-0.4289470243255512,0.1273973104704045,0.0152293951960787,-0.4844704194330868,0.0027958011959606,0.1321402465769226,0.0524971529590221,0.998562894971431,0.1299663533732784,0.000840779142992,0.888698528424315,0.0002029185103068,0.0655687867978563,0.744738069547906,0.2297179975755858,0.3226759588743298,0.4795390312788146,0.3869585260674902,0.7122999315086683,0.3384193364242871,0.4399805827743853,0.572357103159748,0.5142012940582728,0.5506605763784594,0.1221470276265178,0.1282715225541673,0.1479051156907494,0.4534504804121283,0.4591042182441102,0.4313774227459992,0.75,47817
0,0,0.4866326999293595,-0.2896312917778125,0.0510803894426436,-0.8516609922317622,0.132484428370131,0.5715371617460968,0.0541864731373086,-0.1417806950288363,-0.4864685772839422,0.1846846336412927,-0.0009688720422725,0.4060468917952878,0.2341922650046989,0.5549974019961417,0.0140576463190273,0.3547591622186937,-0.4289470243255512,0.1273973104704045,0.0152293951960787,-0.4844704194330868,0.0027958011959606,0.1321402465769226,0.0524971529590221,0.998562894971431,0.1299663533732784,0.000840779142992,0.888698528424315,0.0002029185103068,0.0655687867978563,0.744738069547906,0.2297179975755858,0.3226759588743298,0.4795390312788146,0.3869585260674902,0.7122999315086683,0.3384193364242871,0.4399805827743853,0.572357103159748,0.5142012940582728,0.5506605763784594,0.1221470276265178,0.1282715225541673,0.1479051156907494,0.4534504804121283,0.4591042182441102,0.4313774227459992,0.75,47828
0,0,0.4866326999293595,-0.2896312917778125,0.0510803894426436,-0.8516609922317622,0.132484428370131,0.5715371617460968,0.0541864731373086,-0.1417806950288363,-0.4864685772839422,0.1846846336412927,-0.0009688720422725,0.4060468917952878,0.2341922650046989,0.5549974019961417,0.0140576463190273,0.3547591622186937,-0.4289470243255512,0.1273973104704045,0.0152293951960787,-0.4844704194330868,0.0027958011959606,0.1321402465769226,0.0524971529590221,0.998562894971431,0.1299663533732784,0.000840779142992,0.888698528424315,0.0002029185103068,0.0655687867978563,0.744738069547906,0.2297179975755858,0.3226759588743298,0.4795390312788146,0.3869585260674902,0.7122999315086683,0.3384193364242871,0.4399805827743853,0.572357103159748,0.5142012940582728,0.5506605763784594,0.1221470276265178,0.1282715225541673,0.1479051156907494,0.4534504804121283,0.4591042182441102,0.4313774227459992,0.75,47838
0,0,0.4866326999293595,-0.2896312917778125,0.0510803894426436,-0.8516609922317622,0.132484428370131,0.5715371617460968,0.0541864731373086,-0.1417806950288363,-0.4864685772839422,0.1846846336412927,-0.0009688720422725,0.4060468917952878,0.2341922650046989,0.5549974019961417,0.0140576463190273,0.3547591622186937,-0.4289470243255512,0.1273973104704045,0.0152293951960787,-0.4844704194330868,0.0027958011959606,0.1321402465769226,0.0524971529590221,0.998562894971431,0.1299663533732784,0.000840779142992,0.888698528424315,0.0002029185103068,0.0655687867978563,0.744738069547906,0.2297179975755858,0.3226759588743298,0.4795390312788146,0.3869585260674902,0.7122999315086683,0.3384193364242871,0.4399805827743853,0.572357103159748,0.5142012940582728,0.5506605763784594,0.1221470276265178,0.1282715225541673,0.1479051156907494,0.4534504804121283,0.4591042182441102,0.4313774227459992,0.75,47848
0,0,0.4866326999293595,-0.2896312917778125,0.0510803894426436,-0.8516609922317622,0.132484428370131,0.5715371617460968,0.0541864731373086,-0.1417806950288363,-0.4864685772839422,0.1846846336412927,-0.0009688720422725,0.4060468917952878,0.2341922650046989,0.5549974019961417,0.0140576463190273,0.3547591622186937,-0.4289470243255512,0.1273973104704045,0.0152293951960787,-0.4844704194330868,0.0027958011959606,0.1321402465769226,0.0524971529590221,0.998562894971431,0.1299663533732784,0.000840779142992,0.888698528424315,0.0002029185103068,0.0655687867978563,0.744738069547906,0.2297179975755858,0.3226759588743298,0.4795390312788146,0.3869585260674902,0.7122999315086683,0.3384193364242871,0.4399805827743853,0.572357103159748,0.5142012940582728,0.5506605763784594,0.1221470276265178,0.1282715225541673,0.1479051156907494,0.4534504804121283,0.4591042182441102,0.4313774227459992,0.75,47858
0,0,0.4866326999293595,-0.2896312917778125,0.0510803894426436,-0.8516609922317622,0.132484428370131,0.5715371617460968,0.0541864731373086,-0.1417806950288363,-0.4864685772839422,0.1846846336412927,-0.0009688720422725,0.4060468917952878,0.2341922650046989,0.5549974019961417,0.0140576463190273,0.3547591622186937,-0.4289470243255512,0.1273973104704045,0.0152293951960787,-0.4844704194330868,0.0027958011959606,0.1321402465769226,0.0524971529590221,0.998562894971431,0.1299663533732784,0.000840779142992,0.888698528424315,0.0002029185103068,0.0655687867978563,0.744738069547906,0.2297179975755858,0.3226759588743298,0.4795390312788146,0.3869585260674902,0.7122999315086683,0.3384193364242871,0.4399805827743853,0.572357103159748,0.5142012940582728,0.5506605763784594,0.1221470276265178,0.1282715225541673,0.1479051156907494,0.4534504804121283,0.4591042182441102,0.4313774227459992,0.75,47868
0,0,0.4866326999293595,-0.2896312917778125,0.0510803894426436,-0.8516609922317622,0.132484428370131,0.5715371617460968,0.0541864731373086,-0.1417806950288363,-0.4864685772839422,0.1846846336412927,-0.0009688720422725,0.4060468917952878,0.2341922650046989,0.5549974019961417,0.0140576463190273,0.3547591622186937,-0.4289470243255512,0.1273973104704045,0.0152293951960787,-0.4844704194330868,0.0027958011959606,0.1321402465769226,0.0524971529590221,0.998562894971431,0.1299663533732784,0.000840779142992,0.888698528424315,0.0002029185103068,0.0655687867978563,0.744738069547906,0.2297179975755858,0.3226759588743298,0.4795390312788146,0.3869585260674902,0.7122999315086683,0.3384193364242871,0.4399805827743853,0.572357103159748,0.5142012940582728,0.5506605763784594,0.1221470276265178,0.1282715225541673,0.1479051156907494,0.4534504804121283,0.4591042182441102,0.4313774227459992,0.75,47878
0,0,0.4866326999293595,-0.2896312917778125,0.0510803894426436,-0.8516609922317622,0.132484428370131,0.5715371617460968,0.0541864731373086,-0.1417806950288363,-0.4864685772839422,0.1846846336412927,-0.0009688720422725,0.4060468917952878,0.2341922650046989,0.5549974019961417,0.0140576463190273,0.3547591622186937,-0.4289470243255512,0.1273973104704045,0.0152293951960787,-0.4844704194330868,0.0027958011959606,0.1321402465769226,0.0524971529590221,0.998562894971431,0.1299663533732784,0.000840779142992,0.888698528424315,0.0002029185103068,0.0655687867978563,0.744738069547906,0.2297179975755858,0.3226759588743298,0.4795390312788146,0.3869585260674902,0.7122999315086683,0.3384193364242871,0.4399805827743853,0.572357103159748,0.5142012940582728,0.5506605763784594,0.1221470276265178,0.1282715225541673,0.1479051156907494,0.4534504804121283,0.4591042182441102,0.4313774227459992,0.75,47888
0,0,0.4866326999293595,-0.2896312917778125,0.0510803894426436,-0.8516609922317622,0.132484428370131,0.5715371617460968,0.0541864731373086,-0.1417806950288363,-0.4864685772839422,0.1846846336412927,-0.0009688720422725,0.4060468917952878,0.2341922650046989,0.5549974019961417,0.0140576463190273,0.3547591622186937,-0.4289470243255512,0.1273973104704045,0.0152293951960787,-0.4844704194330868,0.0027958011959606,0.1321402465769226,0.0524971529590221,0.998562894971431,0.1299663533732784,0.000840779142992,0.888698528424315,0.0002029185103068,0.0655687867978563,0.744738069547906,0.2297179975755858,0.3226759588743298,0.4795390312788146,0.3869585260674902,0.7122999315086683,0.3384193364242871,0.4399805827743853,0.572357103159748,0.5142012940582728,0.5506605763784594,0.1221470276265178,0.1282715225541673,0.1479051156907494,0.4534504804121283,0.4591042182441102,0.4313774227459992,0.75,47898
0,0,0.4866326999293595,-0.2896312917778125,0.0510803894426436,-0.8516609922317622,0.132484428370131,0.5715371617460968,0.0541864731373086,-0.1417806950288363,-0.4864685772839422,0.1846846336412927,-0.0009688720422725,0.4060468917952878,0.2341922650046989,0.5549974019961417,0.0140576463190273,0.3547591622186937,-0.4289470243255512,0.1273973104704045,0.0152293951960787,-0.4844704194330868,0.0027958011959606,0.1321402465769226,0.0524971529590221,0.998562894971431,0.1299663533732784,0.000840779142992,0.888698528424315,0.0002029185103068,0.0655687867978563,0.744738069547906,0.2297179975755858,0.3226759588743298,0.4795390312788146,0.3869585260674902,0.7122999315086683,0.3384193364242871,0.4399805827743853,0.572357103159748,0.5142012940582728,0.5506605763784594,0.1221470276265178,0.1282715225541673,0.1479051156907494,0.4534504804121283,0.4591042182441102,0.4313774227459992,0.75,47918
0,0,0.4866326999293595,-0.2896312917778125,0.0510803894426436,-0.8516609922317622,0.132484428370131,0.5715371617460968,0.0541864731373086,-0.1417806950288363,-0.4864685772839422,0.1846846336412927,-0.0009688720422725,0.4060468917952878,0.2341922650046989,0.5549974019961417,0.0140576463190273,0.3547591622186937,-0.4289470243255512,0.1273973104704045,0.0152293951960787,-0.4844704194330868,0.0027958011959606,0.1321402465769226,0.0524971529590221,0.998562894971431,0.1299663533732784,0.000840779142992,0.888698528424315,0.0002029185103068,0.0655687867978563,0.744738069547906,0.2297179975755858,0.3226759588743298,0.4795390312788146,0.3869585260674902,0.7122999315086683,0.3384193364242871,0.4399805827743853,0.572357103159748,0.5142012940582728,0.5506605763784594,0.1221470276265178,0.1282715225541673,0.1479051156907494,0.4534504804121283,0.4591042182441102,0.4313774227459992,0.75,47928
0,0,0.4866326999293595,-0.2896312917778125,0.0510803894426436,-0.8516609922317622,0.132484428370131,0.5715371617460968,0.0541864731373086,-0.1417806950288363,-0.4864685772839422,0.1846846336412927,-0.0009688720422725,0.4060468917952878,0.2341922650046989,0.5549974019961417,0.0140576463190273,0.3547591622186937,-0.4289470243255512,0.1273973104704045,0.0152293951960787,-0.4844704194330868,0.0027958011959606,0.1321402465769226,0.0524971529590221,0.998562894971431,0.1299663533732784,0.000840779142992,0.888698528424315,0.0002029185103068,0.0655687867978563,0.744738069547906,0.2297179975755858,0.3226759588743298,0.4795390312788146,0.3869585260674902,0.7122999315086683,0.3384193364242871,0.4399805827743853,0.572357103159748,0.5142012940582728,0.5506605763784594,0.1221470276265178,0.1282715225541673,0.1479051156907494,0.4534504804121283,0.4591042182441102,0.4313774227459992,0.75,47939
0,0,0.4866326999293595,-0.2896312917778125,0.0510803894426436,-0.8516609922317622,0.132484428370131,0.5715371617460968,0.0541864731373086,-0.1417806950288363,-0.4864685772839422,0.1846846336412927,-0.0009688720422725,0.4060468917952878,0.2341922650046989,0.5549974019961417,0.0140576463190273,0.3547591622186937,-0.4289470243255512,0.1273973104704045,0.0152293951960787,-0.4844704194330868,0.0027958011959606,0.1321402465769226,0.0524971529590221,0.998562894971431,0.1299663533732784,0.000840779142992,0.888698528424315,0.0002029185103068,0.0655687867978563,0.744738069547906,0.2297179975755858,0.3226759588743298,0.4795390312788146,0.3869585260674902,0.7122999315086683,0.3384193364242871,0.4399805827743853,0.572357103159748,0.5142012940582728,0.5506605763784594,0.1221470276265178,0.1282715225541673,0.1479051156907494,0.4534504804121283,0.4591042182441102,0.4313774227459992,0.75,47950
0,0,0.4866326999293595,-0.2896312917778125,0.0510803894426436,-0.8516609922317622,0.132484428370131,0.5715371617460968,0.0541864731373086,-0.1417806950288363,-0.4864685772839422,0.1846846336412927,-0.0009688720422725,0.4060468917952878,0.2341922650046989,0.5549974019961417,0.0140576463190273,0.3547591622186937,-0.4289470243255512,0.1273973104704045,0.0152293951960787,-0.4844704194330868,0.0027958011959606,0.1321402465769226,0.0524971529590221,0.998562894971431,0.1299663533732784,0.000840779142992,0.888698528424315,0.0002029185103068,0.0655687867978563,0.744738069547906,0.2297179975755858,0.3226759588743298,0.4795390312788146,0.3869585260674902,0.7122999315086683,0.3384193364242871,0.4399805827743853,0.572357103159748,0.5142012940582728,0.5506605763784594,0.1221470276265178,0.1282715225541673,0.1479051156907494,0.4534504804121283,0.4591042182441102,0.4313774227459992,0.75,47969
0,0,0.4866326999293595,-0.2896312917778125,0.0510803894426436,-0.8516609922317622,0.132484428370131,0.5715371617460968,0.0541864731373086,-0.1417806950288363,-0.4864685772839422,0.1846846336412927,-0.0009688720422725,0.4060468917952878,0.2341922650046989,0.5549974019961417,0.0140576463190273,0.3547591622186937,-0.4289470243255512,0.1273973104704045,0.0152293951960787,-0.4844704194330868,0.0027958011959606,0.1321402465769226,0.0524971529590221,0.998562894971431,0.1299663533732784,0.000840779142992,0.888698528424315,0.0002029185103068,0.0655687867978563,0.744738069547906,0.2297179975755858,0.3226759588743298,0.4795390312788146,0.3869585260674902,0.7122999315086683,0.3384193364242871,0.4399805827743853,0.572357103159748,0.5142012940582728,0.5506605763784594,0.1221470276265178,0.1282715225541673,0.1479051156907494,0.4534504804121283,0.4591042182441102,0.4313774227459992,0.75,47980
0,0,0.4866326999293595,-0.2896312917778125,0.0510803894426436,-0.8516609922317622,0.132484428370131,0.5715371617460968,0.0541864731373086,-0.1417806950288363,-0.4864685772839422,0.1846846336412927,-0.0009688720422725,0.4060468917952878,0.2341922650046989,0.5549974019961417,0.0140576463190273,0.3547591622186937,-0.4289470243255512,0.1273973104704045,0.0152293951960787,-0.4844704194330868,0.0027958011959606,0.1321402465769226,0.0524971529590221,0.998562894971431,0.1299663533732784,0.000840779142992,0.888698528424315,0.0002029185103068,0.0655687867978563,0.744738069547906,0.2297179975755858,0.3226759588743298,0.4795390312788146,0.3869585260674902,0.7122999315086683,0.3384193364242871,0.4399805827743853,0.572357103159748,0.5142012940582728,0.5506605763784594,0.1221470276265178,0.1282715225541673,0.1479051156907494,0.4534504804121283,0.4591042182441102,0.4313774227459992,0.75,47990
0,0,0.4866326999293595,-0.2896312917778125,0.0510803894426436,-0.8516609922317622,0.132484428370131,0.5715371617460968,0.0541864731373086,-0.1417806950288363,-0.4864685772839422,0.1846846336412927,-0.0009688720422725,0.4060468917952878,0.2341922650046989,0.5549974019961417,0.0140576463190273,0.3547591622186937,-0.4289470243255512,0.1273973104704045,0.0152293951960787,-0.4844704194330868,0.0027958011959606,0.1321402465769226,0.0524971529590221,0.998562894971431,0.1299663533732784,0.000840779142992,0.888698528424315,0.0002029185103068,0.0655687867978563,0.744738069547906,0.2297179975755858,0.3226759588743298,0.4795390312788146,0.3869585260674902,0.7122999315086683,0.3384193364242871,0.4399805827743853,0.572357103159748,0.5142012940582728,0.5506605763784594,0.1221470276265178,0.1282715225541673,0.1479051156907494,0.4534504804121283,0.4591042182441102,0.4313774227459992,0.75,48001
0,0,0.4866326999293595,-0.2896312917778125,0.0510803894426436,-0.8516609922317622,0.132484428370131,0.5715371617460968,0.0541864731373086,-0.1417806950288363,-0.4864685772839422,0.1846846336412927,-0.0009688720422725,0.4060468917952878,0.2341922650046989,0.5549974019961417,0.0140576463190273,0.3547591622186937,-0.4289470243255512,0.1273973104704045,0.0152293951960787,-0.4844704194330868,0.0027958011959606,0.1321402465769226,0.0524971529590221,0.998562894971431,0.1299663533732784,0.000840779142992,0.888698528424315,0.0002029185103068,0.0655687867978563,0.744738069547906,0.2297179975755858,0.3226759588743298,0.4795390312788146,0.3869585260674902,0.7122999315086683,0.3384193364242871,0.4399805827743853,0.572357103159748,0.5142012940582728,0.5506605763784594,0.1221470276265178,0.1282715225541673,0.1479051156907494,0.4534504804121283,0.4591042182441102,0.4313774227459992,0.75,48012
0,0,0.4866326999293595,-0.2896312917778125,0.0510803894426436,-0.8516609922317622,0.132484428370131,0.5715371617460968,0.0541864731373086,-0.1417806950288363,-0.4864685772839422,0.1846846336412927,-0.0009688720422725,0.4060468917952878,0.2341922650046989,0.5549974019961417,0.0140576463190273,0.3547591622186937,-0.4289470243255512,0.1273973104704045,0.0152293951960787,-0.4844704194330868,0.0027958011959606,0.1321402465769226,0.0524971529590221,0.998562894971431,0.1299663533732784,0.000840779142992,0.888698528424315,0.0002029185103068,0.0655687867978563,0.744738069547906,0.2297179975755858,0.3226759588743298,0.4795390312788146,0.3869585260674902,0.7122999315086683,0.3384193364242871,0.4399805827743853,0.572357103159748,0.5142012940582728,0.5506605763784594,0.1221470276265178,0.1282715225541673,0.1479051156907494,0.4534504804121283,0.4591042182441102,0.4313774227459992,0.75,48023
0,0,0.4866326999293595,-0.2896312917778125,0.0510803894426436,-0.8516609922317622,0.132484428370131,0.5715371617460968,0.0541864731373086,-0.1417806950288363,-0.4864685772839422,0.1846846336412927,-0.0009688720422725,0.4060468917952878,0.2341922650046989,0.5549974019961417,0.0140576463190273,0.3547591622186937,-0.4289470243255512,0.1273973104704045,0.0152293951960787,-0.4844704194330868,0.0027958011959606,0.1321402465769226,0.0524971529590221,0.998562894971431,0.1299663533732784,0.000840779142992,0.888698528424315,0.0002029185103068,0.0655687867978563,0.744738069547906,0.2297179975755858,0.3226759588743298,0.4795390312788146,0.3869585260674902,0.7122999315086683,0.3384193364242871,0.4399805827743853,0.572357103159748,0.5142012940582728,0.5506605763784594,0.1221470276265178,0.1282715225541673,0.1479051156907494,0.4534504804121283,0.4591042182441102,0.4313774227459992,0.75,48042
0,0,0.4866326999293595,-0.2896312917778125,0.0510803894426436,-0.8516609922317622,0.132484428370131,0.5715371617460968,0.0541864731373086,-0.1417806950288363,-0.4864685772839422,0.1846846336412927,-0.0009688720422725,0.4060468917952878,0.2341922650046989,0.5549974019961417,0.0140576463190273,0.3547591622186937,-0.4289470243255512,0.1273973104704045,0.0152293951960787,-0.4844704194330868,0.0027958011959606,0.1321402465769226,0.0524971529590221,0.998562894971431,0.1299663533732784,0.000840779142992,0.888698528424315,0.0002029185103068,0.0655687867978563,0.744738069547906,0.2297179975755858,0.3226759588743298,0.4795390312788146,0.3869585260674902,0.7122999315086683,0.3384193364242871,0.4399805827743853,0.572357103159748,0.5142012940582728,0.5506605763784594,0.1221470276265178,0.1282715225541673,0.1479051156907494,0.4534504804121283,0.4591042182441102,0.4313774227459992,0.75,48053
0,0,0.4866326999293595,-0.2896312917778125,0.0510803894426436,-0.8516609922317622,0.132484428370131,0.5715371617460968,0.0541864731373086,-0.1417806950288363,-0.4864685772839422,0.1846846336412927,-0.0009688720422725,0.4060468917952878,0.2341922650046989,0.5549974019961417,0.0140576463190273,0.3547591622186937,-0.4289470243255512,0.1273973104704045,0.0152293951960787,-0.4844704194330868,0.0027958011959606,0.1321402465769226,0.0524971529590221,0.998562894971431,0.1299663533732784,0.000840779142992,0.888698528424315,0.0002029185103068,0.0655687867978563,0.744738069547906,0.2297179975755858,0.3226759588743298,0.4795390312788146,0.3869585260674902,0.7122999315086683,0.3384193364242871,0.4399805827743853,0.572357103159748,0.5142012940582728,0.5506605763784594,0.1221470276265178,0.1282715225541673,0.1479051156907494,0.4534504804121283,0.4591042182441102,0.4313774227459992,0.75,48063
0,0,0.4866326999293595,-0.2896312917778125,0.0510803894426436,-0.8516609922317622,0.132484428370131,0.5715371617460968,0.0541864731373086,-0.1417806950288363,-0.4864685772839422,0.1846846336412927,-0.0009688720422725,0.4060468917952878,0.2341922650046989,0.5549974019961417,0.0140576463190273,0.3547591622186937,-0.4289470243255512,0.1273973104704045,0.0152293951960787,-0.4844704194330868,0.0027958011959606,0.1321402465769226,0.0524971529590221,0.998562894971431,0.1299663533732784,0.000840779142992,0.888698528424315,0.0002029185103068,0.0655687867978563,0.744738069547906,0.2297179975755858,0.3226759588743298,0.4795390312788146,0.3869585260674902,0.7122999315086683,0.3384193364242871,0.4399805827743853,0.572357103159748,0.5142012940582728,0.5506605763784594,0.1221470276265178,0.1282715225541673,0.1479051156907494,0.4534504804121283,0.4591042182441102,0.4313774227459992,0.75,48073
0,0,0.4866326999293595,-0.2896312917778125,0.0510803894426436,-0.8516609922317622,0.132484428370131,0.5715371617460968,0.0541864731373086,-0.1417806950288363,-0.4864685772839422,0.1846846336412927,-0.0009688720422725,0.4060468917952878,0.2341922650046989,0.5549974019961417,0.0140576463190273,0.3547591622186937,-0.4289470243255512,0.1273973104704045,0.0152293951960787,-0.4844704194330868,0.0027958011959606,0.1321402465769226,0.0524971529590221,0.998562894971431,0.1299663533732784,0.000840779142992,0.888698528424315,0.0002029185103068,0.0655687867978563,0.744738069547906,0.2297179975755858,0.3226759588743298,0.4795390312788146,0.3869585260674902,0.7122999315086683,0.3384193364242871,0.4399805827743853,0.572357103159748,0.5142012940582728,0.5506605763784594,0.1221470276265178,0.1282715225541673,0.1479051156907494,0.4534504804121283,0.4591042182441102,0.4313774227459992,0.75,48083
0,0,0.4866326999293595,-0.2896312917778125,0.0510803894426436,-0.8516609922317622,0.132484428370131,0.5715371617460968,0.0541864731373086,-0.1417806950288363,-0.4864685772839422,0.1846846336412927,-0.0009688720422725,0.4060468917952878,0.2341922650046989,0.5549974019961417,0.0140576463190273,0.3547591622186937,-0.4289470243255512,0.1273973104704045,0.0152293951960787,-0.4844704194330868,0.0027958011959606,0.1321402465769226,0.0524971529590221,0.998562894971431,0.1299663533732784,0.000840779142992,0.888698528424315,0.0002029185103068,0.0655687867978563,0.744738069547906,0.2297179975755858,0.3226759588743298,0.4795390312788146,0.3869585260674902,0.7122999315086683,0.3384193364242871,0.4399805827743853,0.572357103159748,0.5142012940582728,0.5506605763784594,0.1221470276265178,0.1282715225541673,0.1479051156907494,0.4534504804121283,0.4591042182441102,0.4313774227459992,0.75,48093
0,0,0.4866326999293595,-0.2896312917778125,0.0510803894426436,-0.8516609922317622,0.132484428370131,0.5715371617460968,0.0541864731373086,-0.1417806950288363,-0.4864685772839422,0.1846846336412927,-0.0009688720422725,0.4060468917952878,0.2341922650046989,0.5549974019961417,0.0140576463190273,0.3547591622186937,-0.4289470243255512,0.1273973104704045,0.0152293951960787,-0.4844704194330868,0.0027958011959606,0.1321402465769226,0.0524971529590221,0.998562894971431,0.1299663533732784,0.000840779142992,0.888698528424315,0.0002029185103068,0.0655687867978563,0.744738069547906,0.2297179975755858,0.3226759588743298,0.4795390312788146,0.3869585260674902,0.7122999315086683,0.3384193364242871,0.4399805827743853,0.572357103159748,0.5142012940582728,0.5506605763784594,0.1221470276265178,0.1282715225541673,0.1479051156907494,0.4534504804121283,0.4591042182441102,0.4313774227459992,0.75,48104
0,0,0.4866326999293595,-0.2896312917778125,0.0510803894426436,-0.8516609922317622,0.132484428370131,0.5715371617460968,0.0541864731373086,-0.1417806950288363,-0.4864685772839422,0.1846846336412927,-0.0009688720422725,0.4060468917952878,0.2341922650046989,0.5549974019961417,0.0140576463190273,0.3547591622186937,-0.4289470243255512,0.1273973104704045,0.0152293951960787,-0.4844704194330868,0.0027958011959606,0.1321402465769226,0.0524971529590221,0.998562894971431,0.1299663533732784,0.000840779142992,0.888698528424315,0.0002029185103068,0.0655687867978563,0.744738069547906,0.2297179975755858,0.3226759588743298,0.4795390312788146,0.3869585260674902,0.7122999315086683,0.3384193364242871,0.4399805827743853,0.572357103159748,0.5142012940582728,0.5506605763784594,0.1221470276265178,0.1282715225541673,0.1479051156907494,0.4534504804121283,0.4591042182441102,0.4313774227459992,0.75,48115
0,0,0.4866326999293595,-0.2896312917778125,0.0510803894426436,-0.8516609922317622,0.132484428370131,0.5715371617460968,0.0541864731373086,-0.1417806950288363,-0.4864685772839422,0.1846846336412927,-0.0009688720422725,0.4060468917952878,0.2341922650046989,0.5549974019961417,0.0140576463190273,0.3547591622186937,-0.4289470243255512,0.1273973104704045,0.0152293951960787,-0.4844704194330868,0.0027958011959606,0.1321402465769226,0.0524971529590221,0.998562894971431,0.1299663533732784,0.000840779142992,0.888698528424315,0.0002029185103068,0.0655687867978563,0.744738069547906,0.2297179975755858,0.3226759588743298,0.4795390312788146,0.3869585260674902,0.7122999315086683,0.3384193364242871,0.4399805827743853,0.572357103159748,0.5142012940582728,0.5506605763784594,0.1221470276265178,0.1282715225541673,0.1479051156907494,0.4534504804121283,0.4591042182441102,0.4313774227459992,0.75,48135
0,0,0.4866326999293595,-0.2896312917778125,0.0510803894426436,-0.8516609922317622,0.132484428370131,0.5715371617460968,0.0541864731373086,-0.1417806950288363,-0.4864685772839422,0.1846846336412927,-0.0009688720422725,0.4060468917952878,0.2341922650046989,0.5549974019961417,0.0140576463190273,0.3547591622186937,-0.4289470243255512,0.1273973104704045,0.0152293951960787,-0.4844704194330868,0.0027958011959606,0.1321402465769226,0.0524971529590221,0.998562894971431,0.1299663533732784,0.000840779142992,0.888698528424315,0.0002029185103068,0.0655687867978563,0.744738069547906,0.2297179975755858,0.3226759588743298,0.4795390312788146,0.3869585260674902,0.7122999315086683,0.3384193364242871,0.4399805827743853,0.572357103159748,0.5142012940582728,0.5506605763784594,0.1221470276265178,0.1282715225541673,0.1479051156907494,0.4534504804121283,0.4591042182441102,0.4313774227459992,0.75,48145
0,0,0.4866326999293595,-0.2896312917778125,0.0510803894426436,-0.8516609922317622,0.132484428370131,0.5715371617460968,0.0541864731373086,-0.1417806950288363,-0.4864685772839422,0.1846846336412927,-0.0009688720422725,0.4060468917952878,0.2341922650046989,0.5549974019961417,0.0140576463190273,0.3547591622186937,-0.4289470243255512,0.1273973104704045,0.0152293951960787,-0.4844704194330868,0.0027958011959606,0.1321402465769226,0.0524971529590221,0.998562894971431,0.1299663533732784,0.000840779142992,0.888698528424315,0.0002029185103068,0.0655687867978563,0.744738069547906,0.2297179975755858,0.3226759588743298,0.4795390312788146,0.3869585260674902,0.7122999315086683,0.3384193364242871,0.4399805827743853,0.572357103159748,0.5142012940582728,0.5506605763784594,0.1221470276265178,0.1282715225541673,0.1479051156907494,0.4534504804121283,0.4591042182441102,0.4313774227459992,0.75,48156
0,0,0.4866326999293595,-0.2896312917778125,0.0510803894426436,-0.8516609922317622,0.132484428370131,0.5715371617460968,0.0541864731373086,-0.1417806950288363,-0.4864685772839422,0.1846846336412927,-0.0009688720422725,0.4060468917952878,0.2341922650046989,0.5549974019961417,0.0140576463190273,0.3547591622186937,-0.4289470243255512,0.1273973104704045,0.0152293951960787,-0.4844704194330868,0.0027958011959606,0.1321402465769226,0.0524971529590221,0.998562894971431,0.1299663533732784,0.000840779142992,0.888698528424315,0.0002029185103068,0.0655687867978563,0.744738069547906,0.2297179975755858,0.3226759588743298,0.4795390312788146,0.3869585260674902,0.7122999315086683,0.3384193364242871,0.4399805827743853,0.572357103159748,0.5142012940582728,0.5506605763784594,0.1221470276265178,0.1282715225541673,0.1479051156907494,0.4534504804121283,0.4591042182441102,0.4313774227459992,0.75,48167
0,0,0.4866326999293595,-0.2896312917778125,0.0510803894426436,-0.8516609922317622,0.132484428370131,0.5715371617460968,0.0541864731373086,-0.1417806950288363,-0.4864685772839422,0.1846846336412927,-0.0009688720422725,0.4060468917952878,0.2341922650046989,0.5549974019961417,0.0140576463190273,0.3547591622186937,-0.4289470243255512,0.1273973104704045,0.0152293951960787,-0.4844704194330868,0.0027958011959606,0.1321402465769226,0.0524971529590221,0.998562894971431,0.1299663533732784,0.000840779142992,0.888698528424315,0.0002029185103068,0.0655687867978563,0.744738069547906,0.2297179975755858,0.3226759588743298,0.4795390312788146,0.3869585260674902,0.7122999315086683,0.3384193364242871,0.4399805827743853,0.572357103159748,0.5142012940582728,0.5506605763784594,0.1221470276265178,0.1282715225541673,0.1479051156907494,0.4534504804121283,0.4591042182441102,0.4313774227459992,0.75,48177
0,0,0.4866326999293595,-0.2896312917778125,0.0510803894426436,-0.8516609922317622,0.132484428370131,0.5715371617460968,0.0541864731373086,-0.1417806950288363,-0.4864685772839422,0.1846846336412927,-0.0009688720422725,0.4060468917952878,0.2341922650046989,0.5549974019961417,0.0140576463190273,0.3547591622186937,-0.4289470243255512,0.1273973104704045,0.0152293951960787,-0.4844704194330868,0.0027958011959606,0.1321402465769226,0.0524971529590221,0.998562894971431,0.1299663533732784,0.000840779142992,0.888698528424315,0.0002029185103068,0.0655687867978563,0.744738069547906,0.2297179975755858,0.3226759588743298,0.4795390312788146,0.3869585260674902,0.7122999315086683,0.3384193364242871,0.4399805827743853,0.572357103159748,0.5142012940582728,0.5506605763784594,0.1221470276265178,0.1282715225541673,0.1479051156907494,0.4534504804121283,0.4591042182441102,0.4313774227459992,0.75,48187
0,0,0.4866326999293595,-0.2896312917778125,0.0510803894426436,-0.8516609922317622,0.132484428370131,0.5715371617460968,0.0541864731373086,-0.1417806950288363,-0.4864685772839422,0.1846846336412927,-0.0009688720422725,0.4060468917952878,0.2341922650046989,0.5549974019961417,0.0140576463190273,0.3547591622186937,-0.4289470243255512,0.1273973104704045,0.0152293951960787,-0.4844704194330868,0.0027958011959606,0.1321402465769226,0.0524971529590221,0.998562894971431,0.1299663533732784,0.000840779142992,0.888698528424315,0.0002029185103068,0.0655687867978563,0.744738069547906,0.2297179975755858,0.3226759588743298,0.4795390312788146,0.3869585260674902,0.7122999315086683,0.3384193364242871,0.4399805827743853,0.572357103159748,0.5142012940582728,0.5506605763784594,0.1221470276265178,0.1282715225541673,0.1479051156907494,0.4534504804121283,0.4591042182441102,0.4313774227459992,0.75,48198
0,0,0.4866326999293595,-0.2896312917778125,0.0510803894426436,-0.8516609922317622,0.132484428370131,0.5715371617460968,0.0541864731373086,-0.1417806950288363,-0.4864685772839422,0.1846846336412927,-0.0009688720422725,0.4060468917952878,0.2341922650046989,0.5549974019961417,0.0140576463190273,0.3547591622186937,-0.4289470243255512,0.1273973104704045,0.0152293951960787,-0.4844704194330868,0.0027958011959606,0.1321402465769226,0.0524971529590221,0.998562894971431,0.1299663533732784,0.000840779142992,0.888698528424315,0.0002029185103068,0.0655687867978563,0.744738069547906,0.2297179975755858,0.3226759588743298,0.4795390312788146,0.3869585260674902,0.7122999315086683,0.3384193364242871,0.4399805827743853,0.572357103159748,0.5142012940582728,0.5506605763784594,0.1221470276265178,0.1282715225541673,0.1479051156907494,0.4534504804121283,0.4591042182441102,0.4313774227459992,0.75,48209
0,0,0.4866326999293595,-0.2896312917778125,0.0510803894426436,-0.8516609922317622,0.132484428370131,0.5715371617460968,0.0541864731373086,-0.1417806950288363,-0.4864685772839422,0.1846846336412927,-0.0009688720422725,0.4060468917952878,0.2341922650046989,0.5549974019961417,0.0140576463190273,0.3547591622186937,-0.4289470243255512,0.1273973104704045,0.0152293951960787,-0.4844704194330868,0.0027958011959606,0.1321402465769226,0.0524971529590221,0.998562894971431,0.1299663533732784,0.000840779142992,0.888698528424315,0.0002029185103068,0.0655687867978563,0.744738069547906,0.2297179975755858,0.3226759588743298,0.4795390312788146,0.3869585260674902,0.7122999315086683,0.3384193364242871,0.4399805827743853,0.572357103159748,0.5142012940582728,0.5506605763784594,0.1221470276265178,0.1282715225541673,0.1479051156907494,0.4534504804121283,0.4591042182441102,0.4313774227459992,0.75,48219
0,0,0.4866326999293595,-0.2896312917778125,0.0510803894426436,-0.8516609922317622,0.132484428370131,0.5715371617460968,0.0541864731373086,-0.1417806950288363,-0.4864685772839422,0.1846846336412927,-0.0009688720422725,0.4060468917952878,0.2341922650046989,0.5549974019961417,0.0140576463190273,0.3547591622186937,-0.4289470243255512,0.1273973104704045,0.0152293951960787,-0.4844704194330868,0.0027958011959606,0.1321402465769226,0.0524971529590221,0.998562894971431,0.1299663533732784,0.000840779142992,0.888698528424315,0.0002029185103068,0.0655687867978563,0.744738069547906,0.2297179975755858,0.3226759588743298,0.4795390312788146,0.3869585260674902,0.7122999315086683,0.3384193364242871,0.4399805827743853,0.572357103159748,0.5142012940582728,0.5506605763784594,0.1221470276265178,0.1282715225541673,0.1479051156907494,0.4534504804121283,0.4591042182441102,0.4313774227459992,0.75,48229
0,0,0.4866326999293595,-0.2896312917778125,0.0510803894426436,-0.8516609922317622,0.132484428370131,0.5715371617460968,0.0541864731373086,-0.1417806950288363,-0.4864685772839422,0.1846846336412927,-0.0009688720422725,0.4060468917952878,0.2341922650046989,0.5549974019961417,0.0140576463190273,0.3547591622186937,-0.4289470243255512,0.1273973104704045,0.0152293951960787,-0.4844704194330868,0.0027958011959606,0.1321402465769226,0.0524971529590221,0.998562894971431,0.1299663533732784,0.000840779142992,0.888698528424315,0.0002029185103068,0.0655687867978563,0.744738069547906,0.2297179975755858,0.3226759588743298,0.4795390312788146,0.3869585260674902,0.7122999315086683,0.3384193364242871,0.4399805827743853,0.572357103159748,0.5142012940582728,0.5506605763784594,0.1221470276265178,0.1282715225541673,0.1479051156907494,0.4534504804121283,0.4591042182441102,0.4313774227459992,0.75,48239
0,0,0.4866326999293595,-0.2896312917778125,0.0510803894426436,-0.8516609922317622,0.132484428370131,0.5715371617460968,0.0541864731373086,-0.1417806950288363,-0.4864685772839422,0.1846846336412927,-0.0009688720422725,0.4060468917952878,0.2341922650046989,0.5549974019961417,0.0140576463190273,0.3547591622186937,-0.4289470243255512,0.1273973104704045,0.0152293951960787,-0.4844704194330868,0.0027958011959606,0.1321402465769226,0.0524971529590221,0.998562894971431,0.1299663533732784,0.000840779142992,0.888698528424315,0.0002029185103068,0.0655687867978563,0.744738069547906,0.2297179975755858,0.3226759588743298,0.4795390312788146,0.3869585260674902,0.7122999315086683,0.3384193364242871,0.4399805827743853,0.572357103159748,0.5142012940582728,0.5506605763784594,0.1221470276265178,0.1282715225541673,0.1479051156907494,0.4534504804121283,0.4591042182441102,0.4313774227459992,0.75,48249
0,0,0.4866326999293595,-0.2896312917778125,0.0510803894426436,-0.8516609922317622,0.132484428370131,0.5715371617460968,0.0541864731373086,-0.1417806950288363,-0.4864685772839422,0.1846846336412927,-0.0009688720422725,0.4060468917952878,0.2341922650046989,0.5549974019961417,0.0140576463190273,0.3547591622186937,-0.4289470243255512,0.1273973104704045,0.0152293951960787,-0.4844704194330868,0.0027958011959606,0.1321402465769226,0.0524971529590221,0.998562894971431,0.1299663533732784,0.000840779142992,0.888698528424315,0.0002029185103068,0.0655687867978563,0.744738069547906,0.2297179975755858,0.3226759588743298,0.4795390312788146,0.3869585260674902,0.7122999315086683,0.3384193364242871,0.4399805827743853,0.572357103159748,0.5142012940582728,0.5506605763784594,0.1221470276265178,0.1282715225541673,0.1479051156907494,0.4534504804121283,0.4591042182441102,0.4313774227459992,0.75,48259
0,0,0.4866326999293595,-0.2896312917778125,0.0510803894426436,-0.8516609922317622,0.132484428370131,0.5715371617460968,0.0541864731373086,-0.1417806950288363,-0.4864685772839422,0.1846846336412927,-0.0009688720422725,0.4060468917952878,0.2341922650046989,0.5549974019961417,0.0140576463190273,0.3547591622186937,-0.4289470243255512,0.1273973104704045,0.0152293951960787,-0.4844704194330868,0.0027958011959606,0.1321402465769226,0.0524971529590221,0.998562894971431,0.1299663533732784,0.000840779142992,0.888698528424315,0.0002029185103068,0.0655687867978563,0.744738069547906,0.2297179975755858,0.3226759588743298,0.4795390312788146,0.3869585260674902,0.7122999315086683,0.3384193364242871,0.4399805827743853,0.572357103159748,0.5142012940582728,0.5506605763784594,0.1221470276265178,0.1282715225541673,0.1479051156907494,0.4534504804121283,0.4591042182441102,0.4313774227459992,0.75,48269
0,0,0.4866326999293595,-0.2896312917778125,0.0510803894426436,-0.8516609922317622,0.132484428370131,0.5715371617460968,0.0541864731373086,-0.1417806950288363,-0.4864685772839422,0.1846846336412927,-0.0009688720422725,0.4060468917952878,0.2341922650046989,0.5549974019961417,0.0140576463190273,0.3547591622186937,-0.4289470243255512,0.1273973104704045,0.0152293951960787,-0.4844704194330868,0.0027958011959606,0.1321402465769226,0.0524971529590221,0.998562894971431,0.1299663533732784,0.000840779142992,0.888698528424315,0.0002029185103068,0.0655687867978563,0.744738069547906,0.2297179975755858,0.3226759588743298,0.4795390312788146,0.3869585260674902,0.7122999315086683,0.3384193364242871,0.4399805827743853,0.572357103159748,0.5142012940582728,0.5506605763784594,0.1221470276265178,0.1282715225541673,0.1479051156907494,0.4534504804121283,0.4591042182441102,0.4313774227459992,0.75,48279
0,0,0.4866326999293595,-0.2896312917778125,0.0510803894426436,-0.8516609922317622,0.132484428370131,0.5715371617460968,0.0541864731373086,-0.1417806950288363,-0.4864685772839422,0.1846846336412927,-0.0009688720422725,0.4060468917952878,0.2341922650046989,0.5549974019961417,0.0140576463190273,0.3547591622186937,-0.4289470243255512,0.1273973104704045,0.0152293951960787,-0.4844704194330868,0.0027958011959606,0.1321402465769226,0.0524971529590221,0.998562894971431,0.1299663533732784,0.000840779142992,0.888698528424315,0.0002029185103068,0.0655687867978563,0.744738069547906,0.2297179975755858,0.3226759588743298,0.4795390312788146,0.3869585260674902,0.7122999315086683,0.3384193364242871,0.4399805827743853,0.572357103159748,0.5142012940582728,0.5506605763784594,0.1221470276265178,0.1282715225541673,0.1479051156907494,0.4534504804121283,0.4591042182441102,0.4313774227459992,0.75,48290
0,0,0.4866326999293595,-0.2896312917778125,0.0510803894426436,-0.8516609922317622,0.132484428370131,0.5715371617460968,0.0541864731373086,-0.1417806950288363,-0.4864685772839422,0.1846846336412927,-0.0009688720422725,0.4060468917952878,0.2341922650046989,0.5549974019961417,0.0140576463190273,0.3547591622186937,-0.4289470243255512,0.1273973104704045,0.0152293951960787,-0.4844704194330868,0.0027958011959606,0.1321402465769226,0.0524971529590221,0.998562894971431,0.1299663533732784,0.000840779142992,0.888698528424315,0.0002029185103068,0.0655687867978563,0.744738069547906,0.2297179975755858,0.3226759588743298,0.4795390312788146,0.3869585260674902,0.7122999315086683,0.3384193364242871,0.4399805827743853,0.572357103159748,0.5142012940582728,0.5506605763784594,0.1221470276265178,0.1282715225541673,0.1479051156907494,0.4534504804121283,0.4591042182441102,0.4313774227459992,0.75,48300
0,0,0.4866326999293595,-0.2896312917778125,0.0510803894426436,-0.8516609922317622,0.132484428370131,0.5715371617460968,0.0541864731373086,-0.1417806950288363,-0.4864685772839422,0.1846846336412927,-0.0009688720422725,0.4060468917952878,0.2341922650046989,0.5549974019961417,0.0140576463190273,0.3547591622186937,-0.4289470243255512,0.1273973104704045,0.0152293951960787,-0.4844704194330868,0.0027958011959606,0.1321402465769226,0.0524971529590221,0.998562894971431,0.1299663533732784,0.000840779142992,0.888698528424315,0.0002029185103068,0.0655687867978563,0.744738069547906,0.2297179975755858,0.3226759588743298,0.4795390312788146,0.3869585260674902,0.7122999315086683,0.3384193364242871,0.4399805827743853,0.572357103159748,0.5142012940582728,0.5506605763784594,0.1221470276265178,0.1282715225541673,0.1479051156907494,0.4534504804121283,0.4591042182441102,0.4313774227459992,0.75,48311
0,0,0.4866326999293595,-0.2896312917778125,0.0510803894426436,-0.8516609922317622,0.132484428370131,0.5715371617460968,0.0541864731373086,-0.1417806950288363,-0.4864685772839422,0.1846846336412927,-0.0009688720422725,0.4060468917952878,0.2341922650046989,0.5549974019961417,0.0140576463190273,0.3547591622186937,-0.4289470243255512,0.1273973104704045,0.0152293951960787,-0.4844704194330868,0.0027958011959606,0.1321402465769226,0.0524971529590221,0.998562894971431,0.1299663533732784,0.000840779142992,0.888698528424315,0.0002029185103068,0.0655687867978563,0.744738069547906,0.2297179975755858,0.3226759588743298,0.4795390312788146,0.3869585260674902,0.7122999315086683,0.3384193364242871,0.4399805827743853,0.572357103159748,0.5142012940582728,0.5506605763784594,0.1221470276265178,0.1282715225541673,0.1479051156907494,0.4534504804121283,0.4591042182441102,0.4313774227459992,0.75,48321
0,0,0.4866326999293595,-0.2896312917778125,0.0510803894426436,-0.8516609922317622,0.132484428370131,0.5715371617460968,0.0541864731373086,-0.1417806950288363,-0.4864685772839422,0.1846846336412927,-0.0009688720422725,0.4060468917952878,0.2341922650046989,0.5549974019961417,0.0140576463190273,0.3547591622186937,-0.4289470243255512,0.1273973104704045,0.0152293951960787,-0.4844704194330868,0.0027958011959606,0.1321402465769226,0.0524971529590221,0.998562894971431,0.1299663533732784,0.000840779142992,0.888698528424315,0.0002029185103068,0.0655687867978563,0.744738069547906,0.2297179975755858,0.3226759588743298,0.4795390312788146,0.3869585260674902,0.7122999315086683,0.3384193364242871,0.4399805827743853,0.572357103159748,0.5142012940582728,0.5506605763784594,0.1221470276265178,0.1282715225541673,0.1479051156907494,0.4534504804121283,0.4591042182441102,0.4313774227459992,0.75,48331
0,0,0.4866326999293595,-0.2896312917778125,0.0510803894426436,-0.8516609922317622,0.132484428370131,0.5715371617460968,0.0541864731373086,-0.1417806950288363,-0.4864685772839422,0.1846846336412927,-0.0009688720422725,0.4060468917952878,0.2341922650046989,0.5549974019961417,0.0140576463190273,0.3547591622186937,-0.4289470243255512,0.1273973104704045,0.0152293951960787,-0.4844704194330868,0.0027958011959606,0.1321402465769226,0.0524971529590221,0.998562894971431,0.1299663533732784,0.000840779142992,0.888698528424315,0.0002029185103068,0.0655687867978563,0.744738069547906,0.2297179975755858,0.3226759588743298,0.4795390312788146,0.3869585260674902,0.7122999315086683,0.3384193364242871,0.4399805827743853,0.572357103159748,0.5142012940582728,0.5506605763784594,0.1221470276265178,0.1282715225541673,0.1479051156907494,0.4534504804121283,0.4591042182441102,0.4313774227459992,0.75,48342
0,0,0.8611321369107228,-0.301765313277839,0.2117473313125712,-0.8501418016187574,0.7521058732402998,-0.1027081832994895,0.8487314495374609,-0.1405773520987076,-0.7614531420813382,0.3195284792462471,-0.4683383622028966,0.7007812987625246,0.797205673564499,0.6042248467728369,-0.0305665614562554,0.556618708774979,-0.7266260174938248,0.1404300000262652,-0.0909964321464445,-0.6106011249948362,0.0038035145228964,0.1318999270720717,0.0524298117699747,1.0,0.129918148463398,0.000411747047461,0.8906495881839059,0.0001,0.0669233232898114,0.7433629270429749,0.1477362283863928,0.0849414935212601,0.5211950576860817,0.2559109522357338,0.7577863878113864,0.1940930126760431,0.7380636312993897,0.6153528442287197,0.6228163957100423,0.5861793873806771,0.147043064999287,0.1764306161875003,0.1477649907541243,0.4539742404026295,0.4604631810018615,0.137491966583931,0.78,4835
0,0,0.4866326999293595,-0.2896312917778125,0.0510803894426436,-0.8516609922317622,0.132484428370131,0.5715371617460968,0.0541864731373086,-0.1417806950288363,-0.4864685772839422,0.1846846336412927,-0.0009688720422725,0.4060468917952878,0.2341922650046989,0.5549974019961417,0.0140576463190273,0.3547591622186937,-0.4289470243255512,0.1273973104704045,0.0152293951960787,-0.4844704194330868,0.0027958011959606,0.1321402465769226,0.0524971529590221,0.998562894971431,0.1299663533732784,0.000840779142992,0.888698528424315,0.0002029185103068,0.0655687867978563,0.744738069547906,0.2297179975755858,0.3226759588743298,0.4795390312788146,0.3869585260674902,0.7122999315086683,0.3384193364242871,0.4399805827743853,0.572357103159748,0.5142012940582728,0.5506605763784594,0.1221470276265178,0.1282715225541673,0.1479051156907494,0.4534504804121283,0.4591042182441102,0.4313774227459992,0.75,48352
0,0,0.4866326999293595,-0.2896312917778125,0.0510803894426436,-0.8516609922317622,0.132484428370131,0.5715371617460968,0.0541864731373086,-0.1417806950288363,-0.4864685772839422,0.1846846336412927,-0.0009688720422725,0.4060468917952878,0.2341922650046989,0.5549974019961417,0.0140576463190273,0.3547591622186937,-0.4289470243255512,0.1273973104704045,0.0152293951960787,-0.4844704194330868,0.0027958011959606,0.1321402465769226,0.0524971529590221,0.998562894971431,0.1299663533732784,0.000840779142992,0.888698528424315,0.0002029185103068,0.0655687867978563,0.744738069547906,0.2297179975755858,0.3226759588743298,0.4795390312788146,0.3869585260674902,0.7122999315086683,0.3384193364242871,0.4399805827743853,0.572357103159748,0.5142012940582728,0.5506605763784594,0.1221470276265178,0.1282715225541673,0.1479051156907494,0.4534504804121283,0.4591042182441102,0.4313774227459992,0.75,48363
0,0,0.4866326999293595,-0.2896312917778125,0.0510803894426436,-0.8516609922317622,0.132484428370131,0.5715371617460968,0.0541864731373086,-0.1417806950288363,-0.4864685772839422,0.1846846336412927,-0.0009688720422725,0.4060468917952878,0.2341922650046989,0.5549974019961417,0.0140576463190273,0.3547591622186937,-0.4289470243255512,0.1273973104704045,0.0152293951960787,-0.4844704194330868,0.0027958011959606,0.1321402465769226,0.0524971529590221,0.998562894971431,0.1299663533732784,0.000840779142992,0.888698528424315,0.0002029185103068,0.0655687867978563,0.744738069547906,0.2297179975755858,0.3226759588743298,0.4795390312788146,0.3869585260674902,0.7122999315086683,0.3384193364242871,0.4399805827743853,0.572357103159748,0.5142012940582728,0.5506605763784594,0.1221470276265178,0.1282715225541673,0.1479051156907494,0.4534504804121283,0.4591042182441102,0.4313774227459992,0.75,48373
0,0,0.4866326999293595,-0.2896312917778125,0.0510803894426436,-0.8516609922317622,0.132484428370131,0.5715371617460968,0.0541864731373086,-0.1417806950288363,-0.4864685772839422,0.1846846336412927,-0.0009688720422725,0.4060468917952878,0.2341922650046989,0.5549974019961417,0.0140576463190273,0.3547591622186937,-0.4289470243255512,0.1273973104704045,0.0152293951960787,-0.4844704194330868,0.0027958011959606,0.1321402465769226,0.0524971529590221,0.998562894971431,0.1299663533732784,0.000840779142992,0.888698528424315,0.0002029185103068,0.0655687867978563,0.744738069547906,0.2297179975755858,0.3226759588743298,0.4795390312788146,0.3869585260674902,0.7122999315086683,0.3384193364242871,0.4399805827743853,0.572357103159748,0.5142012940582728,0.5506605763784594,0.1221470276265178,0.1282715225541673,0.1479051156907494,0.4534504804121283,0.4591042182441102,0.4313774227459992,0.75,48384
0,0,0.4866326999293595,-0.2896312917778125,0.0510803894426436,-0.8516609922317622,0.132484428370131,0.5715371617460968,0.0541864731373086,-0.1417806950288363,-0.4864685772839422,0.1846846336412927,-0.0009688720422725,0.4060468917952878,0.2341922650046989,0.5549974019961417,0.0140576463190273,0.3547591622186937,-0.4289470243255512,0.1273973104704045,0.0152293951960787,-0.4844704194330868,0.0027958011959606,0.1321402465769226,0.0524971529590221,0.998562894971431,0.1299663533732784,0.000840779142992,0.888698528424315,0.0002029185103068,0.0655687867978563,0.744738069547906,0.2297179975755858,0.3226759588743298,0.4795390312788146,0.3869585260674902,0.7122999315086683,0.3384193364242871,0.4399805827743853,0.572357103159748,0.5142012940582728,0.5506605763784594,0.1221470276265178,0.1282715225541673,0.1479051156907494,0.4534504804121283,0.4591042182441102,0.4313774227459992,0.75,48395
0,0,0.4866326999293595,-0.2896312917778125,0.0510803894426436,-0.8516609922317622,0.132484428370131,0.5715371617460968,0.0541864731373086,-0.1417806950288363,-0.4864685772839422,0.1846846336412927,-0.0009688720422725,0.4060468917952878,0.2341922650046989,0.5549974019961417,0.0140576463190273,0.3547591622186937,-0.4289470243255512,0.1273973104704045,0.0152293951960787,-0.4844704194330868,0.0027958011959606,0.1321402465769226,0.0524971529590221,0.998562894971431,0.1299663533732784,0.000840779142992,0.888698528424315,0.0002029185103068,0.0655687867978563,0.744738069547906,0.2297179975755858,0.3226759588743298,0.4795390312788146,0.3869585260674902,0.7122999315086683,0.3384193364242871,0.4399805827743853,0.572357103159748,0.5142012940582728,0.5506605763784594,0.1221470276265178,0.1282715225541673,0.1479051156907494,0.4534504804121283,0.4591042182441102,0.4313774227459992,0.75,48414
0,0,0.4866326999293595,-0.2896312917778125,0.0510803894426436,-0.8516609922317622,0.132484428370131,0.5715371617460968,0.0541864731373086,-0.1417806950288363,-0.4864685772839422,0.1846846336412927,-0.0009688720422725,0.4060468917952878,0.2341922650046989,0.5549974019961417,0.0140576463190273,0.3547591622186937,-0.4289470243255512,0.1273973104704045,0.0152293951960787,-0.4844704194330868,0.0027958011959606,0.1321402465769226,0.0524971529590221,0.998562894971431,0.1299663533732784,0.000840779142992,0.888698528424315,0.0002029185103068,0.0655687867978563,0.744738069547906,0.2297179975755858,0.3226759588743298,0.4795390312788146,0.3869585260674902,0.7122999315086683,0.3384193364242871,0.4399805827743853,0.572357103159748,0.5142012940582728,0.5506605763784594,0.1221470276265178,0.1282715225541673,0.1479051156907494,0.4534504804121283,0.4591042182441102,0.4313774227459992,0.75,48424
0,0,0.4866326999293595,-0.2896312917778125,0.0510803894426436,-0.8516609922317622,0.132484428370131,0.5715371617460968,0.0541864731373086,-0.1417806950288363,-0.4864685772839422,0.1846846336412927,-0.0009688720422725,0.4060468917952878,0.2341922650046989,0.5549974019961417,0.0140576463190273,0.3547591622186937,-0.4289470243255512,0.1273973104704045,0.0152293951960787,-0.4844704194330868,0.0027958011959606,0.1321402465769226,0.0524971529590221,0.998562894971431,0.1299663533732784,0.000840779142992,0.888698528424315,0.0002029185103068,0.0655687867978563,0.744738069547906,0.2297179975755858,0.3226759588743298,0.4795390312788146,0.3869585260674902,0.7122999315086683,0.3384193364242871,0.4399805827743853,0.572357103159748,0.5142012940582728,0.5506605763784594,0.1221470276265178,0.1282715225541673,0.1479051156907494,0.4534504804121283,0.4591042182441102,0.4313774227459992,0.75,48435
0,0,0.4866326999293595,-0.2896312917778125,0.0510803894426436,-0.8516609922317622,0.132484428370131,0.5715371617460968,0.0541864731373086,-0.1417806950288363,-0.4864685772839422,0.1846846336412927,-0.0009688720422725,0.4060468917952878,0.2341922650046989,0.5549974019961417,0.0140576463190273,0.3547591622186937,-0.4289470243255512,0.1273973104704045,0.0152293951960787,-0.4844704194330868,0.0027958011959606,0.1321402465769226,0.0524971529590221,0.998562894971431,0.1299663533732784,0.000840779142992,0.888698528424315,0.0002029185103068,0.0655687867978563,0.744738069547906,0.2297179975755858,0.3226759588743298,0.4795390312788146,0.3869585260674902,0.7122999315086683,0.3384193364242871,0.4399805827743853,0.572357103159748,0.5142012940582728,0.5506605763784594,0.1221470276265178,0.1282715225541673,0.1479051156907494,0.4534504804121283,0.4591042182441102,0.4313774227459992,0.75,48445
0,0,0.4866326999293595,-0.2896312917778125,0.0510803894426436,-0.8516609922317622,0.132484428370131,0.5715371617460968,0.0541864731373086,-0.1417806950288363,-0.4864685772839422,0.1846846336412927,-0.0009688720422725,0.4060468917952878,0.2341922650046989,0.5549974019961417,0.0140576463190273,0.3547591622186937,-0.4289470243255512,0.1273973104704045,0.0152293951960787,-0.4844704194330868,0.0027958011959606,0.1321402465769226,0.0524971529590221,0.998562894971431,0.1299663533732784,0.000840779142992,0.888698528424315,0.0002029185103068,0.0655687867978563,0.744738069547906,0.2297179975755858,0.3226759588743298,0.4795390312788146,0.3869585260674902,0.7122999315086683,0.3384193364242871,0.4399805827743853,0.572357103159748,0.5142012940582728,0.5506605763784594,0.1221470276265178,0.1282715225541673,0.1479051156907494,0.4534504804121283,0.4591042182441102,0.4313774227459992,0.75,48456
0,0,0.4866326999293595,-0.2896312917778125,0.0510803894426436,-0.8516609922317622,0.132484428370131,0.5715371617460968,0.0541864731373086,-0.1417806950288363,-0.4864685772839422,0.1846846336412927,-0.0009688720422725,0.4060468917952878,0.2341922650046989,0.5549974019961417,0.0140576463190273,0.3547591622186937,-0.4289470243255512,0.1273973104704045,0.0152293951960787,-0.4844704194330868,0.0027958011959606,0.1321402465769226,0.0524971529590221,0.998562894971431,0.1299663533732784,0.000840779142992,0.888698528424315,0.0002029185103068,0.0655687867978563,0.744738069547906,0.2297179975755858,0.3226759588743298,0.4795390312788146,0.3869585260674902,0.7122999315086683,0.3384193364242871,0.4399805827743853,0.572357103159748,0.5142012940582728,0.5506605763784594,0.1221470276265178,0.1282715225541673,0.1479051156907494,0.4534504804121283,0.4591042182441102,0.4313774227459992,0.75,48466
0,0,0.4866326999293595,-0.2896312917778125,0.0510803894426436,-0.8516609922317622,0.132484428370131,0.5715371617460968,0.0541864731373086,-0.1417806950288363,-0.4864685772839422,0.1846846336412927,-0.0009688720422725,0.4060468917952878,0.2341922650046989,0.5549974019961417,0.0140576463190273,0.3547591622186937,-0.4289470243255512,0.1273973104704045,0.0152293951960787,-0.4844704194330868,0.0027958011959606,0.1321402465769226,0.0524971529590221,0.998562894971431,0.1299663533732784,0.000840779142992,0.888698528424315,0.0002029185103068,0.0655687867978563,0.744738069547906,0.2297179975755858,0.3226759588743298,0.4795390312788146,0.3869585260674902,0.7122999315086683,0.3384193364242871,0.4399805827743853,0.572357103159748,0.5142012940582728,0.5506605763784594,0.1221470276265178,0.1282715225541673,0.1479051156907494,0.4534504804121283,0.4591042182441102,0.4313774227459992,0.75,48476
0,0,0.4866326999293595,-0.2896312917778125,0.0510803894426436,-0.8516609922317622,0.132484428370131,0.5715371617460968,0.0541864731373086,-0.1417806950288363,-0.4864685772839422,0.1846846336412927,-0.0009688720422725,0.4060468917952878,0.2341922650046989,0.5549974019961417,0.0140576463190273,0.3547591622186937,-0.4289470243255512,0.1273973104704045,0.0152293951960787,-0.4844704194330868,0.0027958011959606,0.1321402465769226,0.0524971529590221,0.998562894971431,0.1299663533732784,0.000840779142992,0.888698528424315,0.0002029185103068,0.0655687867978563,0.744738069547906,0.2297179975755858,0.3226759588743298,0.4795390312788146,0.3869585260674902,0.7122999315086683,0.3384193364242871,0.4399805827743853,0.572357103159748,0.5142012940582728,0.5506605763784594,0.1221470276265178,0.1282715225541673,0.1479051156907494,0.4534504804121283,0.4591042182441102,0.4313774227459992,0.75,48486
0,0,0.4866326999293595,-0.2896312917778125,0.0510803894426436,-0.8516609922317622,0.132484428370131,0.5715371617460968,0.0541864731373086,-0.1417806950288363,-0.4864685772839422,0.1846846336412927,-0.0009688720422725,0.4060468917952878,0.2341922650046989,0.5549974019961417,0.0140576463190273,0.3547591622186937,-0.4289470243255512,0.1273973104704045,0.0152293951960787,-0.4844704194330868,0.0027958011959606,0.1321402465769226,0.0524971529590221,0.998562894971431,0.1299663533732784,0.000840779142992,0.888698528424315,0.0002029185103068,0.0655687867978563,0.744738069547906,0.2297179975755858,0.3226759588743298,0.4795390312788146,0.3869585260674902,0.7122999315086683,0.3384193364242871,0.4399805827743853,0.572357103159748,0.5142012940582728,0.5506605763784594,0.1221470276265178,0.1282715225541673,0.1479051156907494,0.4534504804121283,0.4591042182441102,0.4313774227459992,0.75,48497
0,0,-0.096855767918558,-0.3108521533107707,0.2089690972288819,-0.84574254273724,0.7480390858119187,-0.1008576411717661,0.8443662096737158,-0.1409166914981816,-0.683160665069012,0.3286206527664643,-0.4681890317025226,0.7566468741744704,0.7483894539839654,0.5866959598965698,-0.7220899104668004,0.7536157843776384,-0.7289287189485402,0.0864205196602338,-0.0879076220313797,-0.6131989296644594,0.0056570750859058,0.1326394563843845,0.0525432662424083,1.0,0.1302375270180899,0.0010043798741338,0.8804095594777211,0.0001,0.0664336345597874,0.7422486547195418,0.1478400664858467,0.1062210569523113,0.0001,0.2239011011890639,0.1744354597927928,0.1940298382183629,0.7206437068215517,0.6158689698140412,0.6851885982129043,0.027947901565828,0.1466783926019788,0.6876072331583931,0.429970638271992,0.7765304633275983,0.4560770089473597,0.1423909591971934,0.92,485
0,0,0.4866326999293595,-0.2896312917778125,0.0510803894426436,-0.8516609922317622,0.132484428370131,0.5715371617460968,0.0541864731373086,-0.1417806950288363,-0.4864685772839422,0.1846846336412927,-0.0009688720422725,0.4060468917952878,0.2341922650046989,0.5549974019961417,0.0140576463190273,0.3547591622186937,-0.4289470243255512,0.1273973104704045,0.0152293951960787,-0.4844704194330868,0.0027958011959606,0.1321402465769226,0.0524971529590221,0.998562894971431,0.1299663533732784,0.000840779142992,0.888698528424315,0.0002029185103068,0.0655687867978563,0.744738069547906,0.2297179975755858,0.3226759588743298,0.4795390312788146,0.3869585260674902,0.7122999315086683,0.3384193364242871,0.4399805827743853,0.572357103159748,0.5142012940582728,0.5506605763784594,0.1221470276265178,0.1282715225541673,0.1479051156907494,0.4534504804121283,0.4591042182441102,0.4313774227459992,0.75,48507
0,0,0.4866326999293595,-0.2896312917778125,0.0510803894426436,-0.8516609922317622,0.132484428370131,0.5715371617460968,0.0541864731373086,-0.1417806950288363,-0.4864685772839422,0.1846846336412927,-0.0009688720422725,0.4060468917952878,0.2341922650046989,0.5549974019961417,0.0140576463190273,0.3547591622186937,-0.4289470243255512,0.1273973104704045,0.0152293951960787,-0.4844704194330868,0.0027958011959606,0.1321402465769226,0.0524971529590221,0.998562894971431,0.1299663533732784,0.000840779142992,0.888698528424315,0.0002029185103068,0.0655687867978563,0.744738069547906,0.2297179975755858,0.3226759588743298,0.4795390312788146,0.3869585260674902,0.7122999315086683,0.3384193364242871,0.4399805827743853,0.572357103159748,0.5142012940582728,0.5506605763784594,0.1221470276265178,0.1282715225541673,0.1479051156907494,0.4534504804121283,0.4591042182441102,0.4313774227459992,0.75,48518
0,0,0.4866326999293595,-0.2896312917778125,0.0510803894426436,-0.8516609922317622,0.132484428370131,0.5715371617460968,0.0541864731373086,-0.1417806950288363,-0.4864685772839422,0.1846846336412927,-0.0009688720422725,0.4060468917952878,0.2341922650046989,0.5549974019961417,0.0140576463190273,0.3547591622186937,-0.4289470243255512,0.1273973104704045,0.0152293951960787,-0.4844704194330868,0.0027958011959606,0.1321402465769226,0.0524971529590221,0.998562894971431,0.1299663533732784,0.000840779142992,0.888698528424315,0.0002029185103068,0.0655687867978563,0.744738069547906,0.2297179975755858,0.3226759588743298,0.4795390312788146,0.3869585260674902,0.7122999315086683,0.3384193364242871,0.4399805827743853,0.572357103159748,0.5142012940582728,0.5506605763784594,0.1221470276265178,0.1282715225541673,0.1479051156907494,0.4534504804121283,0.4591042182441102,0.4313774227459992,0.75,48528
0,0,0.4866326999293595,-0.2896312917778125,0.0510803894426436,-0.8516609922317622,0.132484428370131,0.5715371617460968,0.0541864731373086,-0.1417806950288363,-0.4864685772839422,0.1846846336412927,-0.0009688720422725,0.4060468917952878,0.2341922650046989,0.5549974019961417,0.0140576463190273,0.3547591622186937,-0.4289470243255512,0.1273973104704045,0.0152293951960787,-0.4844704194330868,0.0027958011959606,0.1321402465769226,0.0524971529590221,0.998562894971431,0.1299663533732784,0.000840779142992,0.888698528424315,0.0002029185103068,0.0655687867978563,0.744738069547906,0.2297179975755858,0.3226759588743298,0.4795390312788146,0.3869585260674902,0.7122999315086683,0.3384193364242871,0.4399805827743853,0.572357103159748,0.5142012940582728,0.5506605763784594,0.1221470276265178,0.1282715225541673,0.1479051156907494,0.4534504804121283,0.4591042182441102,0.4313774227459992,0.75,48538
0,0,0.4866326999293595,-0.2896312917778125,0.0510803894426436,-0.8516609922317622,0.132484428370131,0.5715371617460968,0.0541864731373086,-0.1417806950288363,-0.4864685772839422,0.1846846336412927,-0.0009688720422725,0.4060468917952878,0.2341922650046989,0.5549974019961417,0.0140576463190273,0.3547591622186937,-0.4289470243255512,0.1273973104704045,0.0152293951960787,-0.4844704194330868,0.0027958011959606,0.1321402465769226,0.0524971529590221,0.998562894971431,0.1299663533732784,0.000840779142992,0.888698528424315,0.0002029185103068,0.0655687867978563,0.744738069547906,0.2297179975755858,0.3226759588743298,0.4795390312788146,0.3869585260674902,0.7122999315086683,0.3384193364242871,0.4399805827743853,0.572357103159748,0.5142012940582728,0.5506605763784594,0.1221470276265178,0.1282715225541673,0.1479051156907494,0.4534504804121283,0.4591042182441102,0.4313774227459992,0.75,48548
0,0,0.4866326999293595,-0.2896312917778125,0.0510803894426436,-0.8516609922317622,0.132484428370131,0.5715371617460968,0.0541864731373086,-0.1417806950288363,-0.4864685772839422,0.1846846336412927,-0.0009688720422725,0.4060468917952878,0.2341922650046989,0.5549974019961417,0.0140576463190273,0.3547591622186937,-0.4289470243255512,0.1273973104704045,0.0152293951960787,-0.4844704194330868,0.0027958011959606,0.1321402465769226,0.0524971529590221,0.998562894971431,0.1299663533732784,0.000840779142992,0.888698528424315,0.0002029185103068,0.0655687867978563,0.744738069547906,0.2297179975755858,0.3226759588743298,0.4795390312788146,0.3869585260674902,0.7122999315086683,0.3384193364242871,0.4399805827743853,0.572357103159748,0.5142012940582728,0.5506605763784594,0.1221470276265178,0.1282715225541673,0.1479051156907494,0.4534504804121283,0.4591042182441102,0.4313774227459992,0.75,48559
0,0,0.4866326999293595,-0.2896312917778125,0.0510803894426436,-0.8516609922317622,0.132484428370131,0.5715371617460968,0.0541864731373086,-0.1417806950288363,-0.4864685772839422,0.1846846336412927,-0.0009688720422725,0.4060468917952878,0.2341922650046989,0.5549974019961417,0.0140576463190273,0.3547591622186937,-0.4289470243255512,0.1273973104704045,0.0152293951960787,-0.4844704194330868,0.0027958011959606,0.1321402465769226,0.0524971529590221,0.998562894971431,0.1299663533732784,0.000840779142992,0.888698528424315,0.0002029185103068,0.0655687867978563,0.744738069547906,0.2297179975755858,0.3226759588743298,0.4795390312788146,0.3869585260674902,0.7122999315086683,0.3384193364242871,0.4399805827743853,0.572357103159748,0.5142012940582728,0.5506605763784594,0.1221470276265178,0.1282715225541673,0.1479051156907494,0.4534504804121283,0.4591042182441102,0.4313774227459992,0.75,48569
0,0,0.4866326999293595,-0.2896312917778125,0.0510803894426436,-0.8516609922317622,0.132484428370131,0.5715371617460968,0.0541864731373086,-0.1417806950288363,-0.4864685772839422,0.1846846336412927,-0.0009688720422725,0.4060468917952878,0.2341922650046989,0.5549974019961417,0.0140576463190273,0.3547591622186937,-0.4289470243255512,0.1273973104704045,0.0152293951960787,-0.4844704194330868,0.0027958011959606,0.1321402465769226,0.0524971529590221,0.998562894971431,0.1299663533732784,0.000840779142992,0.888698528424315,0.0002029185103068,0.0655687867978563,0.744738069547906,0.2297179975755858,0.3226759588743298,0.4795390312788146,0.3869585260674902,0.7122999315086683,0.3384193364242871,0.4399805827743853,0.572357103159748,0.5142012940582728,0.5506605763784594,0.1221470276265178,0.1282715225541673,0.1479051156907494,0.4534504804121283,0.4591042182441102,0.4313774227459992,0.75,48579
0,0,0.4866326999293595,-0.2896312917778125,0.0510803894426436,-0.8516609922317622,0.132484428370131,0.5715371617460968,0.0541864731373086,-0.1417806950288363,-0.4864685772839422,0.1846846336412927,-0.0009688720422725,0.4060468917952878,0.2341922650046989,0.5549974019961417,0.0140576463190273,0.3547591622186937,-0.4289470243255512,0.1273973104704045,0.0152293951960787,-0.4844704194330868,0.0027958011959606,0.1321402465769226,0.0524971529590221,0.998562894971431,0.1299663533732784,0.000840779142992,0.888698528424315,0.0002029185103068,0.0655687867978563,0.744738069547906,0.2297179975755858,0.3226759588743298,0.4795390312788146,0.3869585260674902,0.7122999315086683,0.3384193364242871,0.4399805827743853,0.572357103159748,0.5142012940582728,0.5506605763784594,0.1221470276265178,0.1282715225541673,0.1479051156907494,0.4534504804121283,0.4591042182441102,0.4313774227459992,0.75,48589
0,0,0.4866326999293595,-0.2896312917778125,0.0510803894426436,-0.8516609922317622,0.132484428370131,0.5715371617460968,0.0541864731373086,-0.1417806950288363,-0.4864685772839422,0.1846846336412927,-0.0009688720422725,0.4060468917952878,0.2341922650046989,0.5549974019961417,0.0140576463190273,0.3547591622186937,-0.4289470243255512,0.1273973104704045,0.0152293951960787,-0.4844704194330868,0.0027958011959606,0.1321402465769226,0.0524971529590221,0.998562894971431,0.1299663533732784,0.000840779142992,0.888698528424315,0.0002029185103068,0.0655687867978563,0.744738069547906,0.2297179975755858,0.3226759588743298,0.4795390312788146,0.3869585260674902,0.7122999315086683,0.3384193364242871,0.4399805827743853,0.572357103159748,0.5142012940582728,0.5506605763784594,0.1221470276265178,0.1282715225541673,0.1479051156907494,0.4534504804121283,0.4591042182441102,0.4313774227459992,0.75,48607
0,0,0.4866326999293595,-0.2896312917778125,0.0510803894426436,-0.8516609922317622,0.132484428370131,0.5715371617460968,0.0541864731373086,-0.1417806950288363,-0.4864685772839422,0.1846846336412927,-0.0009688720422725,0.4060468917952878,0.2341922650046989,0.5549974019961417,0.0140576463190273,0.3547591622186937,-0.4289470243255512,0.1273973104704045,0.0152293951960787,-0.4844704194330868,0.0027958011959606,0.1321402465769226,0.0524971529590221,0.998562894971431,0.1299663533732784,0.000840779142992,0.888698528424315,0.0002029185103068,0.0655687867978563,0.744738069547906,0.2297179975755858,0.3226759588743298,0.4795390312788146,0.3869585260674902,0.7122999315086683,0.3384193364242871,0.4399805827743853,0.572357103159748,0.5142012940582728,0.5506605763784594,0.1221470276265178,0.1282715225541673,0.1479051156907494,0.4534504804121283,0.4591042182441102,0.4313774227459992,0.75,48626
0,0,0.4866326999293595,-0.2896312917778125,0.0510803894426436,-0.8516609922317622,0.132484428370131,0.5715371617460968,0.0541864731373086,-0.1417806950288363,-0.4864685772839422,0.1846846336412927,-0.0009688720422725,0.4060468917952878,0.2341922650046989,0.5549974019961417,0.0140576463190273,0.3547591622186937,-0.4289470243255512,0.1273973104704045,0.0152293951960787,-0.4844704194330868,0.0027958011959606,0.1321402465769226,0.0524971529590221,0.998562894971431,0.1299663533732784,0.000840779142992,0.888698528424315,0.0002029185103068,0.0655687867978563,0.744738069547906,0.2297179975755858,0.3226759588743298,0.4795390312788146,0.3869585260674902,0.7122999315086683,0.3384193364242871,0.4399805827743853,0.572357103159748,0.5142012940582728,0.5506605763784594,0.1221470276265178,0.1282715225541673,0.1479051156907494,0.4534504804121283,0.4591042182441102,0.4313774227459992,0.75,48636
0,0,0.4866326999293595,-0.2896312917778125,0.0510803894426436,-0.8516609922317622,0.132484428370131,0.5715371617460968,0.0541864731373086,-0.1417806950288363,-0.4864685772839422,0.1846846336412927,-0.0009688720422725,0.4060468917952878,0.2341922650046989,0.5549974019961417,0.0140576463190273,0.3547591622186937,-0.4289470243255512,0.1273973104704045,0.0152293951960787,-0.4844704194330868,0.0027958011959606,0.1321402465769226,0.0524971529590221,0.998562894971431,0.1299663533732784,0.000840779142992,0.888698528424315,0.0002029185103068,0.0655687867978563,0.744738069547906,0.2297179975755858,0.3226759588743298,0.4795390312788146,0.3869585260674902,0.7122999315086683,0.3384193364242871,0.4399805827743853,0.572357103159748,0.5142012940582728,0.5506605763784594,0.1221470276265178,0.1282715225541673,0.1479051156907494,0.4534504804121283,0.4591042182441102,0.4313774227459992,0.75,48646
0,0,0.4866326999293595,-0.2896312917778125,0.0510803894426436,-0.8516609922317622,0.132484428370131,0.5715371617460968,0.0541864731373086,-0.1417806950288363,-0.4864685772839422,0.1846846336412927,-0.0009688720422725,0.4060468917952878,0.2341922650046989,0.5549974019961417,0.0140576463190273,0.3547591622186937,-0.4289470243255512,0.1273973104704045,0.0152293951960787,-0.4844704194330868,0.0027958011959606,0.1321402465769226,0.0524971529590221,0.998562894971431,0.1299663533732784,0.000840779142992,0.888698528424315,0.0002029185103068,0.0655687867978563,0.744738069547906,0.2297179975755858,0.3226759588743298,0.4795390312788146,0.3869585260674902,0.7122999315086683,0.3384193364242871,0.4399805827743853,0.572357103159748,0.5142012940582728,0.5506605763784594,0.1221470276265178,0.1282715225541673,0.1479051156907494,0.4534504804121283,0.4591042182441102,0.4313774227459992,0.75,48656
0,0,0.4866326999293595,-0.2896312917778125,0.0510803894426436,-0.8516609922317622,0.132484428370131,0.5715371617460968,0.0541864731373086,-0.1417806950288363,-0.4864685772839422,0.1846846336412927,-0.0009688720422725,0.4060468917952878,0.2341922650046989,0.5549974019961417,0.0140576463190273,0.3547591622186937,-0.4289470243255512,0.1273973104704045,0.0152293951960787,-0.4844704194330868,0.0027958011959606,0.1321402465769226,0.0524971529590221,0.998562894971431,0.1299663533732784,0.000840779142992,0.888698528424315,0.0002029185103068,0.0655687867978563,0.744738069547906,0.2297179975755858,0.3226759588743298,0.4795390312788146,0.3869585260674902,0.7122999315086683,0.3384193364242871,0.4399805827743853,0.572357103159748,0.5142012940582728,0.5506605763784594,0.1221470276265178,0.1282715225541673,0.1479051156907494,0.4534504804121283,0.4591042182441102,0.4313774227459992,0.75,48675
0,0,0.4866326999293595,-0.2896312917778125,0.0510803894426436,-0.8516609922317622,0.132484428370131,0.5715371617460968,0.0541864731373086,-0.1417806950288363,-0.4864685772839422,0.1846846336412927,-0.0009688720422725,0.4060468917952878,0.2341922650046989,0.5549974019961417,0.0140576463190273,0.3547591622186937,-0.4289470243255512,0.1273973104704045,0.0152293951960787,-0.4844704194330868,0.0027958011959606,0.1321402465769226,0.0524971529590221,0.998562894971431,0.1299663533732784,0.000840779142992,0.888698528424315,0.0002029185103068,0.0655687867978563,0.744738069547906,0.2297179975755858,0.3226759588743298,0.4795390312788146,0.3869585260674902,0.7122999315086683,0.3384193364242871,0.4399805827743853,0.572357103159748,0.5142012940582728,0.5506605763784594,0.1221470276265178,0.1282715225541673,0.1479051156907494,0.4534504804121283,0.4591042182441102,0.4313774227459992,0.75,48685
0,0,0.4866326999293595,-0.2896312917778125,0.0510803894426436,-0.8516609922317622,0.132484428370131,0.5715371617460968,0.0541864731373086,-0.1417806950288363,-0.4864685772839422,0.1846846336412927,-0.0009688720422725,0.4060468917952878,0.2341922650046989,0.5549974019961417,0.0140576463190273,0.3547591622186937,-0.4289470243255512,0.1273973104704045,0.0152293951960787,-0.4844704194330868,0.0027958011959606,0.1321402465769226,0.0524971529590221,0.998562894971431,0.1299663533732784,0.000840779142992,0.888698528424315,0.0002029185103068,0.0655687867978563,0.744738069547906,0.2297179975755858,0.3226759588743298,0.4795390312788146,0.3869585260674902,0.7122999315086683,0.3384193364242871,0.4399805827743853,0.572357103159748,0.5142012940582728,0.5506605763784594,0.1221470276265178,0.1282715225541673,0.1479051156907494,0.4534504804121283,0.4591042182441102,0.4313774227459992,0.75,48695
0,0,0.4866326999293595,-0.2896312917778125,0.0510803894426436,-0.8516609922317622,0.132484428370131,0.5715371617460968,0.0541864731373086,-0.1417806950288363,-0.4864685772839422,0.1846846336412927,-0.0009688720422725,0.4060468917952878,0.2341922650046989,0.5549974019961417,0.0140576463190273,0.3547591622186937,-0.4289470243255512,0.1273973104704045,0.0152293951960787,-0.4844704194330868,0.0027958011959606,0.1321402465769226,0.0524971529590221,0.998562894971431,0.1299663533732784,0.000840779142992,0.888698528424315,0.0002029185103068,0.0655687867978563,0.744738069547906,0.2297179975755858,0.3226759588743298,0.4795390312788146,0.3869585260674902,0.7122999315086683,0.3384193364242871,0.4399805827743853,0.572357103159748,0.5142012940582728,0.5506605763784594,0.1221470276265178,0.1282715225541673,0.1479051156907494,0.4534504804121283,0.4591042182441102,0.4313774227459992,0.75,48705
0,0,0.4866326999293595,-0.2896312917778125,0.0510803894426436,-0.8516609922317622,0.132484428370131,0.5715371617460968,0.0541864731373086,-0.1417806950288363,-0.4864685772839422,0.1846846336412927,-0.0009688720422725,0.4060468917952878,0.2341922650046989,0.5549974019961417,0.0140576463190273,0.3547591622186937,-0.4289470243255512,0.1273973104704045,0.0152293951960787,-0.4844704194330868,0.0027958011959606,0.1321402465769226,0.0524971529590221,0.998562894971431,0.1299663533732784,0.000840779142992,0.888698528424315,0.0002029185103068,0.0655687867978563,0.744738069547906,0.2297179975755858,0.3226759588743298,0.4795390312788146,0.3869585260674902,0.7122999315086683,0.3384193364242871,0.4399805827743853,0.572357103159748,0.5142012940582728,0.5506605763784594,0.1221470276265178,0.1282715225541673,0.1479051156907494,0.4534504804121283,0.4591042182441102,0.4313774227459992,0.75,48716
0,0,0.4866326999293595,-0.2896312917778125,0.0510803894426436,-0.8516609922317622,0.132484428370131,0.5715371617460968,0.0541864731373086,-0.1417806950288363,-0.4864685772839422,0.1846846336412927,-0.0009688720422725,0.4060468917952878,0.2341922650046989,0.5549974019961417,0.0140576463190273,0.3547591622186937,-0.4289470243255512,0.1273973104704045,0.0152293951960787,-0.4844704194330868,0.0027958011959606,0.1321402465769226,0.0524971529590221,0.998562894971431,0.1299663533732784,0.000840779142992,0.888698528424315,0.0002029185103068,0.0655687867978563,0.744738069547906,0.2297179975755858,0.3226759588743298,0.4795390312788146,0.3869585260674902,0.7122999315086683,0.3384193364242871,0.4399805827743853,0.572357103159748,0.5142012940582728,0.5506605763784594,0.1221470276265178,0.1282715225541673,0.1479051156907494,0.4534504804121283,0.4591042182441102,0.4313774227459992,0.75,48726
0,0,0.4866326999293595,-0.2896312917778125,0.0510803894426436,-0.8516609922317622,0.132484428370131,0.5715371617460968,0.0541864731373086,-0.1417806950288363,-0.4864685772839422,0.1846846336412927,-0.0009688720422725,0.4060468917952878,0.2341922650046989,0.5549974019961417,0.0140576463190273,0.3547591622186937,-0.4289470243255512,0.1273973104704045,0.0152293951960787,-0.4844704194330868,0.0027958011959606,0.1321402465769226,0.0524971529590221,0.998562894971431,0.1299663533732784,0.000840779142992,0.888698528424315,0.0002029185103068,0.0655687867978563,0.744738069547906,0.2297179975755858,0.3226759588743298,0.4795390312788146,0.3869585260674902,0.7122999315086683,0.3384193364242871,0.4399805827743853,0.572357103159748,0.5142012940582728,0.5506605763784594,0.1221470276265178,0.1282715225541673,0.1479051156907494,0.4534504804121283,0.4591042182441102,0.4313774227459992,0.75,48736
0,0,0.4866326999293595,-0.2896312917778125,0.0510803894426436,-0.8516609922317622,0.132484428370131,0.5715371617460968,0.0541864731373086,-0.1417806950288363,-0.4864685772839422,0.1846846336412927,-0.0009688720422725,0.4060468917952878,0.2341922650046989,0.5549974019961417,0.0140576463190273,0.3547591622186937,-0.4289470243255512,0.1273973104704045,0.0152293951960787,-0.4844704194330868,0.0027958011959606,0.1321402465769226,0.0524971529590221,0.998562894971431,0.1299663533732784,0.000840779142992,0.888698528424315,0.0002029185103068,0.0655687867978563,0.744738069547906,0.2297179975755858,0.3226759588743298,0.4795390312788146,0.3869585260674902,0.7122999315086683,0.3384193364242871,0.4399805827743853,0.572357103159748,0.5142012940582728,0.5506605763784594,0.1221470276265178,0.1282715225541673,0.1479051156907494,0.4534504804121283,0.4591042182441102,0.4313774227459992,0.75,48746
0,0,0.4866326999293595,-0.2896312917778125,0.0510803894426436,-0.8516609922317622,0.132484428370131,0.5715371617460968,0.0541864731373086,-0.1417806950288363,-0.4864685772839422,0.1846846336412927,-0.0009688720422725,0.4060468917952878,0.2341922650046989,0.5549974019961417,0.0140576463190273,0.3547591622186937,-0.4289470243255512,0.1273973104704045,0.0152293951960787,-0.4844704194330868,0.0027958011959606,0.1321402465769226,0.0524971529590221,0.998562894971431,0.1299663533732784,0.000840779142992,0.888698528424315,0.0002029185103068,0.0655687867978563,0.744738069547906,0.2297179975755858,0.3226759588743298,0.4795390312788146,0.3869585260674902,0.7122999315086683,0.3384193364242871,0.4399805827743853,0.572357103159748,0.5142012940582728,0.5506605763784594,0.1221470276265178,0.1282715225541673,0.1479051156907494,0.4534504804121283,0.4591042182441102,0.4313774227459992,0.75,48757
0,0,0.4866326999293595,-0.2896312917778125,0.0510803894426436,-0.8516609922317622,0.132484428370131,0.5715371617460968,0.0541864731373086,-0.1417806950288363,-0.4864685772839422,0.1846846336412927,-0.0009688720422725,0.4060468917952878,0.2341922650046989,0.5549974019961417,0.0140576463190273,0.3547591622186937,-0.4289470243255512,0.1273973104704045,0.0152293951960787,-0.4844704194330868,0.0027958011959606,0.1321402465769226,0.0524971529590221,0.998562894971431,0.1299663533732784,0.000840779142992,0.888698528424315,0.0002029185103068,0.0655687867978563,0.744738069547906,0.2297179975755858,0.3226759588743298,0.4795390312788146,0.3869585260674902,0.7122999315086683,0.3384193364242871,0.4399805827743853,0.572357103159748,0.5142012940582728,0.5506605763784594,0.1221470276265178,0.1282715225541673,0.1479051156907494,0.4534504804121283,0.4591042182441102,0.4313774227459992,0.75,48768
0,0,0.4866326999293595,-0.2896312917778125,0.0510803894426436,-0.8516609922317622,0.132484428370131,0.5715371617460968,0.0541864731373086,-0.1417806950288363,-0.4864685772839422,0.1846846336412927,-0.0009688720422725,0.4060468917952878,0.2341922650046989,0.5549974019961417,0.0140576463190273,0.3547591622186937,-0.4289470243255512,0.1273973104704045,0.0152293951960787,-0.4844704194330868,0.0027958011959606,0.1321402465769226,0.0524971529590221,0.998562894971431,0.1299663533732784,0.000840779142992,0.888698528424315,0.0002029185103068,0.0655687867978563,0.744738069547906,0.2297179975755858,0.3226759588743298,0.4795390312788146,0.3869585260674902,0.7122999315086683,0.3384193364242871,0.4399805827743853,0.572357103159748,0.5142012940582728,0.5506605763784594,0.1221470276265178,0.1282715225541673,0.1479051156907494,0.4534504804121283,0.4591042182441102,0.4313774227459992,0.75,48778
0,0,0.4866326999293595,-0.2896312917778125,0.0510803894426436,-0.8516609922317622,0.132484428370131,0.5715371617460968,0.0541864731373086,-0.1417806950288363,-0.4864685772839422,0.1846846336412927,-0.0009688720422725,0.4060468917952878,0.2341922650046989,0.5549974019961417,0.0140576463190273,0.3547591622186937,-0.4289470243255512,0.1273973104704045,0.0152293951960787,-0.4844704194330868,0.0027958011959606,0.1321402465769226,0.0524971529590221,0.998562894971431,0.1299663533732784,0.000840779142992,0.888698528424315,0.0002029185103068,0.0655687867978563,0.744738069547906,0.2297179975755858,0.3226759588743298,0.4795390312788146,0.3869585260674902,0.7122999315086683,0.3384193364242871,0.4399805827743853,0.572357103159748,0.5142012940582728,0.5506605763784594,0.1221470276265178,0.1282715225541673,0.1479051156907494,0.4534504804121283,0.4591042182441102,0.4313774227459992,0.75,48797
0,0,0.4866326999293595,-0.2896312917778125,0.0510803894426436,-0.8516609922317622,0.132484428370131,0.5715371617460968,0.0541864731373086,-0.1417806950288363,-0.4864685772839422,0.1846846336412927,-0.0009688720422725,0.4060468917952878,0.2341922650046989,0.5549974019961417,0.0140576463190273,0.3547591622186937,-0.4289470243255512,0.1273973104704045,0.0152293951960787,-0.4844704194330868,0.0027958011959606,0.1321402465769226,0.0524971529590221,0.998562894971431,0.1299663533732784,0.000840779142992,0.888698528424315,0.0002029185103068,0.0655687867978563,0.744738069547906,0.2297179975755858,0.3226759588743298,0.4795390312788146,0.3869585260674902,0.7122999315086683,0.3384193364242871,0.4399805827743853,0.572357103159748,0.5142012940582728,0.5506605763784594,0.1221470276265178,0.1282715225541673,0.1479051156907494,0.4534504804121283,0.4591042182441102,0.4313774227459992,0.75,48808
0,0,0.4866326999293595,-0.2896312917778125,0.0510803894426436,-0.8516609922317622,0.132484428370131,0.5715371617460968,0.0541864731373086,-0.1417806950288363,-0.4864685772839422,0.1846846336412927,-0.0009688720422725,0.4060468917952878,0.2341922650046989,0.5549974019961417,0.0140576463190273,0.3547591622186937,-0.4289470243255512,0.1273973104704045,0.0152293951960787,-0.4844704194330868,0.0027958011959606,0.1321402465769226,0.0524971529590221,0.998562894971431,0.1299663533732784,0.000840779142992,0.888698528424315,0.0002029185103068,0.0655687867978563,0.744738069547906,0.2297179975755858,0.3226759588743298,0.4795390312788146,0.3869585260674902,0.7122999315086683,0.3384193364242871,0.4399805827743853,0.572357103159748,0.5142012940582728,0.5506605763784594,0.1221470276265178,0.1282715225541673,0.1479051156907494,0.4534504804121283,0.4591042182441102,0.4313774227459992,0.75,48819
0,0,0.4866326999293595,-0.2896312917778125,0.0510803894426436,-0.8516609922317622,0.132484428370131,0.5715371617460968,0.0541864731373086,-0.1417806950288363,-0.4864685772839422,0.1846846336412927,-0.0009688720422725,0.4060468917952878,0.2341922650046989,0.5549974019961417,0.0140576463190273,0.3547591622186937,-0.4289470243255512,0.1273973104704045,0.0152293951960787,-0.4844704194330868,0.0027958011959606,0.1321402465769226,0.0524971529590221,0.998562894971431,0.1299663533732784,0.000840779142992,0.888698528424315,0.0002029185103068,0.0655687867978563,0.744738069547906,0.2297179975755858,0.3226759588743298,0.4795390312788146,0.3869585260674902,0.7122999315086683,0.3384193364242871,0.4399805827743853,0.572357103159748,0.5142012940582728,0.5506605763784594,0.1221470276265178,0.1282715225541673,0.1479051156907494,0.4534504804121283,0.4591042182441102,0.4313774227459992,0.75,48829
0,0,0.4866326999293595,-0.2896312917778125,0.0510803894426436,-0.8516609922317622,0.132484428370131,0.5715371617460968,0.0541864731373086,-0.1417806950288363,-0.4864685772839422,0.1846846336412927,-0.0009688720422725,0.4060468917952878,0.2341922650046989,0.5549974019961417,0.0140576463190273,0.3547591622186937,-0.4289470243255512,0.1273973104704045,0.0152293951960787,-0.4844704194330868,0.0027958011959606,0.1321402465769226,0.0524971529590221,0.998562894971431,0.1299663533732784,0.000840779142992,0.888698528424315,0.0002029185103068,0.0655687867978563,0.744738069547906,0.2297179975755858,0.3226759588743298,0.4795390312788146,0.3869585260674902,0.7122999315086683,0.3384193364242871,0.4399805827743853,0.572357103159748,0.5142012940582728,0.5506605763784594,0.1221470276265178,0.1282715225541673,0.1479051156907494,0.4534504804121283,0.4591042182441102,0.4313774227459992,0.75,48839
0,0,0.4866326999293595,-0.2896312917778125,0.0510803894426436,-0.8516609922317622,0.132484428370131,0.5715371617460968,0.0541864731373086,-0.1417806950288363,-0.4864685772839422,0.1846846336412927,-0.0009688720422725,0.4060468917952878,0.2341922650046989,0.5549974019961417,0.0140576463190273,0.3547591622186937,-0.4289470243255512,0.1273973104704045,0.0152293951960787,-0.4844704194330868,0.0027958011959606,0.1321402465769226,0.0524971529590221,0.998562894971431,0.1299663533732784,0.000840779142992,0.888698528424315,0.0002029185103068,0.0655687867978563,0.744738069547906,0.2297179975755858,0.3226759588743298,0.4795390312788146,0.3869585260674902,0.7122999315086683,0.3384193364242871,0.4399805827743853,0.572357103159748,0.5142012940582728,0.5506605763784594,0.1221470276265178,0.1282715225541673,0.1479051156907494,0.4534504804121283,0.4591042182441102,0.4313774227459992,0.75,48849
0,0,0.4866326999293595,-0.2896312917778125,0.0510803894426436,-0.8516609922317622,0.132484428370131,0.5715371617460968,0.0541864731373086,-0.1417806950288363,-0.4864685772839422,0.1846846336412927,-0.0009688720422725,0.4060468917952878,0.2341922650046989,0.5549974019961417,0.0140576463190273,0.3547591622186937,-0.4289470243255512,0.1273973104704045,0.0152293951960787,-0.4844704194330868,0.0027958011959606,0.1321402465769226,0.0524971529590221,0.998562894971431,0.1299663533732784,0.000840779142992,0.888698528424315,0.0002029185103068,0.0655687867978563,0.744738069547906,0.2297179975755858,0.3226759588743298,0.4795390312788146,0.3869585260674902,0.7122999315086683,0.3384193364242871,0.4399805827743853,0.572357103159748,0.5142012940582728,0.5506605763784594,0.1221470276265178,0.1282715225541673,0.1479051156907494,0.4534504804121283,0.4591042182441102,0.4313774227459992,0.75,48859
0,0,0.4866326999293595,-0.2896312917778125,0.0510803894426436,-0.8516609922317622,0.132484428370131,0.5715371617460968,0.0541864731373086,-0.1417806950288363,-0.4864685772839422,0.1846846336412927,-0.0009688720422725,0.4060468917952878,0.2341922650046989,0.5549974019961417,0.0140576463190273,0.3547591622186937,-0.4289470243255512,0.1273973104704045,0.0152293951960787,-0.4844704194330868,0.0027958011959606,0.1321402465769226,0.0524971529590221,0.998562894971431,0.1299663533732784,0.000840779142992,0.888698528424315,0.0002029185103068,0.0655687867978563,0.744738069547906,0.2297179975755858,0.3226759588743298,0.4795390312788146,0.3869585260674902,0.7122999315086683,0.3384193364242871,0.4399805827743853,0.572357103159748,0.5142012940582728,0.5506605763784594,0.1221470276265178,0.1282715225541673,0.1479051156907494,0.4534504804121283,0.4591042182441102,0.4313774227459992,0.75,48869
0,0,0.4866326999293595,-0.2896312917778125,0.0510803894426436,-0.8516609922317622,0.132484428370131,0.5715371617460968,0.0541864731373086,-0.1417806950288363,-0.4864685772839422,0.1846846336412927,-0.0009688720422725,0.4060468917952878,0.2341922650046989,0.5549974019961417,0.0140576463190273,0.3547591622186937,-0.4289470243255512,0.1273973104704045,0.0152293951960787,-0.4844704194330868,0.0027958011959606,0.1321402465769226,0.0524971529590221,0.998562894971431,0.1299663533732784,0.000840779142992,0.888698528424315,0.0002029185103068,0.0655687867978563,0.744738069547906,0.2297179975755858,0.3226759588743298,0.4795390312788146,0.3869585260674902,0.7122999315086683,0.3384193364242871,0.4399805827743853,0.572357103159748,0.5142012940582728,0.5506605763784594,0.1221470276265178,0.1282715225541673,0.1479051156907494,0.4534504804121283,0.4591042182441102,0.4313774227459992,0.75,48879
0,0,0.4866326999293595,-0.2896312917778125,0.0510803894426436,-0.8516609922317622,0.132484428370131,0.5715371617460968,0.0541864731373086,-0.1417806950288363,-0.4864685772839422,0.1846846336412927,-0.0009688720422725,0.4060468917952878,0.2341922650046989,0.5549974019961417,0.0140576463190273,0.3547591622186937,-0.4289470243255512,0.1273973104704045,0.0152293951960787,-0.4844704194330868,0.0027958011959606,0.1321402465769226,0.0524971529590221,0.998562894971431,0.1299663533732784,0.000840779142992,0.888698528424315,0.0002029185103068,0.0655687867978563,0.744738069547906,0.2297179975755858,0.3226759588743298,0.4795390312788146,0.3869585260674902,0.7122999315086683,0.3384193364242871,0.4399805827743853,0.572357103159748,0.5142012940582728,0.5506605763784594,0.1221470276265178,0.1282715225541673,0.1479051156907494,0.4534504804121283,0.4591042182441102,0.4313774227459992,0.75,48889
0,0,0.4866326999293595,-0.2896312917778125,0.0510803894426436,-0.8516609922317622,0.132484428370131,0.5715371617460968,0.0541864731373086,-0.1417806950288363,-0.4864685772839422,0.1846846336412927,-0.0009688720422725,0.4060468917952878,0.2341922650046989,0.5549974019961417,0.0140576463190273,0.3547591622186937,-0.4289470243255512,0.1273973104704045,0.0152293951960787,-0.4844704194330868,0.0027958011959606,0.1321402465769226,0.0524971529590221,0.998562894971431,0.1299663533732784,0.000840779142992,0.888698528424315,0.0002029185103068,0.0655687867978563,0.744738069547906,0.2297179975755858,0.3226759588743298,0.4795390312788146,0.3869585260674902,0.7122999315086683,0.3384193364242871,0.4399805827743853,0.572357103159748,0.5142012940582728,0.5506605763784594,0.1221470276265178,0.1282715225541673,0.1479051156907494,0.4534504804121283,0.4591042182441102,0.4313774227459992,0.75,48899
0,0,0.4866326999293595,-0.2896312917778125,0.0510803894426436,-0.8516609922317622,0.132484428370131,0.5715371617460968,0.0541864731373086,-0.1417806950288363,-0.4864685772839422,0.1846846336412927,-0.0009688720422725,0.4060468917952878,0.2341922650046989,0.5549974019961417,0.0140576463190273,0.3547591622186937,-0.4289470243255512,0.1273973104704045,0.0152293951960787,-0.4844704194330868,0.0027958011959606,0.1321402465769226,0.0524971529590221,0.998562894971431,0.1299663533732784,0.000840779142992,0.888698528424315,0.0002029185103068,0.0655687867978563,0.744738069547906,0.2297179975755858,0.3226759588743298,0.4795390312788146,0.3869585260674902,0.7122999315086683,0.3384193364242871,0.4399805827743853,0.572357103159748,0.5142012940582728,0.5506605763784594,0.1221470276265178,0.1282715225541673,0.1479051156907494,0.4534504804121283,0.4591042182441102,0.4313774227459992,0.75,48910
0,0,0.4866326999293595,-0.2896312917778125,0.0510803894426436,-0.8516609922317622,0.132484428370131,0.5715371617460968,0.0541864731373086,-0.1417806950288363,-0.4864685772839422,0.1846846336412927,-0.0009688720422725,0.4060468917952878,0.2341922650046989,0.5549974019961417,0.0140576463190273,0.3547591622186937,-0.4289470243255512,0.1273973104704045,0.0152293951960787,-0.4844704194330868,0.0027958011959606,0.1321402465769226,0.0524971529590221,0.998562894971431,0.1299663533732784,0.000840779142992,0.888698528424315,0.0002029185103068,0.0655687867978563,0.744738069547906,0.2297179975755858,0.3226759588743298,0.4795390312788146,0.3869585260674902,0.7122999315086683,0.3384193364242871,0.4399805827743853,0.572357103159748,0.5142012940582728,0.5506605763784594,0.1221470276265178,0.1282715225541673,0.1479051156907494,0.4534504804121283,0.4591042182441102,0.4313774227459992,0.75,48921
0,0,0.4866326999293595,-0.2896312917778125,0.0510803894426436,-0.8516609922317622,0.132484428370131,0.5715371617460968,0.0541864731373086,-0.1417806950288363,-0.4864685772839422,0.1846846336412927,-0.0009688720422725,0.4060468917952878,0.2341922650046989,0.5549974019961417,0.0140576463190273,0.3547591622186937,-0.4289470243255512,0.1273973104704045,0.0152293951960787,-0.4844704194330868,0.0027958011959606,0.1321402465769226,0.0524971529590221,0.998562894971431,0.1299663533732784,0.000840779142992,0.888698528424315,0.0002029185103068,0.0655687867978563,0.744738069547906,0.2297179975755858,0.3226759588743298,0.4795390312788146,0.3869585260674902,0.7122999315086683,0.3384193364242871,0.4399805827743853,0.572357103159748,0.5142012940582728,0.5506605763784594,0.1221470276265178,0.1282715225541673,0.1479051156907494,0.4534504804121283,0.4591042182441102,0.4313774227459992,0.75,48931
0,0,0.4866326999293595,-0.2896312917778125,0.0510803894426436,-0.8516609922317622,0.132484428370131,0.5715371617460968,0.0541864731373086,-0.1417806950288363,-0.4864685772839422,0.1846846336412927,-0.0009688720422725,0.4060468917952878,0.2341922650046989,0.5549974019961417,0.0140576463190273,0.3547591622186937,-0.4289470243255512,0.1273973104704045,0.0152293951960787,-0.4844704194330868,0.0027958011959606,0.1321402465769226,0.0524971529590221,0.998562894971431,0.1299663533732784,0.000840779142992,0.888698528424315,0.0002029185103068,0.0655687867978563,0.744738069547906,0.2297179975755858,0.3226759588743298,0.4795390312788146,0.3869585260674902,0.7122999315086683,0.3384193364242871,0.4399805827743853,0.572357103159748,0.5142012940582728,0.5506605763784594,0.1221470276265178,0.1282715225541673,0.1479051156907494,0.4534504804121283,0.4591042182441102,0.4313774227459992,0.75,48941
0,0,0.4866326999293595,-0.2896312917778125,0.0510803894426436,-0.8516609922317622,0.132484428370131,0.5715371617460968,0.0541864731373086,-0.1417806950288363,-0.4864685772839422,0.1846846336412927,-0.0009688720422725,0.4060468917952878,0.2341922650046989,0.5549974019961417,0.0140576463190273,0.3547591622186937,-0.4289470243255512,0.1273973104704045,0.0152293951960787,-0.4844704194330868,0.0027958011959606,0.1321402465769226,0.0524971529590221,0.998562894971431,0.1299663533732784,0.000840779142992,0.888698528424315,0.0002029185103068,0.0655687867978563,0.744738069547906,0.2297179975755858,0.3226759588743298,0.4795390312788146,0.3869585260674902,0.7122999315086683,0.3384193364242871,0.4399805827743853,0.572357103159748,0.5142012940582728,0.5506605763784594,0.1221470276265178,0.1282715225541673,0.1479051156907494,0.4534504804121283,0.4591042182441102,0.4313774227459992,0.75,48952
0,0,0.4866326999293595,-0.2896312917778125,0.0510803894426436,-0.8516609922317622,0.132484428370131,0.5715371617460968,0.0541864731373086,-0.1417806950288363,-0.4864685772839422,0.1846846336412927,-0.0009688720422725,0.4060468917952878,0.2341922650046989,0.5549974019961417,0.0140576463190273,0.3547591622186937,-0.4289470243255512,0.1273973104704045,0.0152293951960787,-0.4844704194330868,0.0027958011959606,0.1321402465769226,0.0524971529590221,0.998562894971431,0.1299663533732784,0.000840779142992,0.888698528424315,0.0002029185103068,0.0655687867978563,0.744738069547906,0.2297179975755858,0.3226759588743298,0.4795390312788146,0.3869585260674902,0.7122999315086683,0.3384193364242871,0.4399805827743853,0.572357103159748,0.5142012940582728,0.5506605763784594,0.1221470276265178,0.1282715225541673,0.1479051156907494,0.4534504804121283,0.4591042182441102,0.4313774227459992,0.75,48962
0,0,0.4866326999293595,-0.2896312917778125,0.0510803894426436,-0.8516609922317622,0.132484428370131,0.5715371617460968,0.0541864731373086,-0.1417806950288363,-0.4864685772839422,0.1846846336412927,-0.0009688720422725,0.4060468917952878,0.2341922650046989,0.5549974019961417,0.0140576463190273,0.3547591622186937,-0.4289470243255512,0.1273973104704045,0.0152293951960787,-0.4844704194330868,0.0027958011959606,0.1321402465769226,0.0524971529590221,0.998562894971431,0.1299663533732784,0.000840779142992,0.888698528424315,0.0002029185103068,0.0655687867978563,0.744738069547906,0.2297179975755858,0.3226759588743298,0.4795390312788146,0.3869585260674902,0.7122999315086683,0.3384193364242871,0.4399805827743853,0.572357103159748,0.5142012940582728,0.5506605763784594,0.1221470276265178,0.1282715225541673,0.1479051156907494,0.4534504804121283,0.4591042182441102,0.4313774227459992,0.75,48973
0,0,0.4866326999293595,-0.2896312917778125,0.0510803894426436,-0.8516609922317622,0.132484428370131,0.5715371617460968,0.0541864731373086,-0.1417806950288363,-0.4864685772839422,0.1846846336412927,-0.0009688720422725,0.4060468917952878,0.2341922650046989,0.5549974019961417,0.0140576463190273,0.3547591622186937,-0.4289470243255512,0.1273973104704045,0.0152293951960787,-0.4844704194330868,0.0027958011959606,0.1321402465769226,0.0524971529590221,0.998562894971431,0.1299663533732784,0.000840779142992,0.888698528424315,0.0002029185103068,0.0655687867978563,0.744738069547906,0.2297179975755858,0.3226759588743298,0.4795390312788146,0.3869585260674902,0.7122999315086683,0.3384193364242871,0.4399805827743853,0.572357103159748,0.5142012940582728,0.5506605763784594,0.1221470276265178,0.1282715225541673,0.1479051156907494,0.4534504804121283,0.4591042182441102,0.4313774227459992,0.75,48983
0,0,0.4866326999293595,-0.2896312917778125,0.0510803894426436,-0.8516609922317622,0.132484428370131,0.5715371617460968,0.0541864731373086,-0.1417806950288363,-0.4864685772839422,0.1846846336412927,-0.0009688720422725,0.4060468917952878,0.2341922650046989,0.5549974019961417,0.0140576463190273,0.3547591622186937,-0.4289470243255512,0.1273973104704045,0.0152293951960787,-0.4844704194330868,0.0027958011959606,0.1321402465769226,0.0524971529590221,0.998562894971431,0.1299663533732784,0.000840779142992,0.888698528424315,0.0002029185103068,0.0655687867978563,0.744738069547906,0.2297179975755858,0.3226759588743298,0.4795390312788146,0.3869585260674902,0.7122999315086683,0.3384193364242871,0.4399805827743853,0.572357103159748,0.5142012940582728,0.5506605763784594,0.1221470276265178,0.1282715225541673,0.1479051156907494,0.4534504804121283,0.4591042182441102,0.4313774227459992,0.75,48993
0,0,0.4866326999293595,-0.2896312917778125,0.0510803894426436,-0.8516609922317622,0.132484428370131,0.5715371617460968,0.0541864731373086,-0.1417806950288363,-0.4864685772839422,0.1846846336412927,-0.0009688720422725,0.4060468917952878,0.2341922650046989,0.5549974019961417,0.0140576463190273,0.3547591622186937,-0.4289470243255512,0.1273973104704045,0.0152293951960787,-0.4844704194330868,0.0027958011959606,0.1321402465769226,0.0524971529590221,0.998562894971431,0.1299663533732784,0.000840779142992,0.888698528424315,0.0002029185103068,0.0655687867978563,0.744738069547906,0.2297179975755858,0.3226759588743298,0.4795390312788146,0.3869585260674902,0.7122999315086683,0.3384193364242871,0.4399805827743853,0.572357103159748,0.5142012940582728,0.5506605763784594,0.1221470276265178,0.1282715225541673,0.1479051156907494,0.4534504804121283,0.4591042182441102,0.4313774227459992,0.75,49003
0,0,0.4866326999293595,-0.2896312917778125,0.0510803894426436,-0.8516609922317622,0.132484428370131,0.5715371617460968,0.0541864731373086,-0.1417806950288363,-0.4864685772839422,0.1846846336412927,-0.0009688720422725,0.4060468917952878,0.2341922650046989,0.5549974019961417,0.0140576463190273,0.3547591622186937,-0.4289470243255512,0.1273973104704045,0.0152293951960787,-0.4844704194330868,0.0027958011959606,0.1321402465769226,0.0524971529590221,0.998562894971431,0.1299663533732784,0.000840779142992,0.888698528424315,0.0002029185103068,0.0655687867978563,0.744738069547906,0.2297179975755858,0.3226759588743298,0.4795390312788146,0.3869585260674902,0.7122999315086683,0.3384193364242871,0.4399805827743853,0.572357103159748,0.5142012940582728,0.5506605763784594,0.1221470276265178,0.1282715225541673,0.1479051156907494,0.4534504804121283,0.4591042182441102,0.4313774227459992,0.75,49013
0,0,0.4866326999293595,-0.2896312917778125,0.0510803894426436,-0.8516609922317622,0.132484428370131,0.5715371617460968,0.0541864731373086,-0.1417806950288363,-0.4864685772839422,0.1846846336412927,-0.0009688720422725,0.4060468917952878,0.2341922650046989,0.5549974019961417,0.0140576463190273,0.3547591622186937,-0.4289470243255512,0.1273973104704045,0.0152293951960787,-0.4844704194330868,0.0027958011959606,0.1321402465769226,0.0524971529590221,0.998562894971431,0.1299663533732784,0.000840779142992,0.888698528424315,0.0002029185103068,0.0655687867978563,0.744738069547906,0.2297179975755858,0.3226759588743298,0.4795390312788146,0.3869585260674902,0.7122999315086683,0.3384193364242871,0.4399805827743853,0.572357103159748,0.5142012940582728,0.5506605763784594,0.1221470276265178,0.1282715225541673,0.1479051156907494,0.4534504804121283,0.4591042182441102,0.4313774227459992,0.75,49023
0,0,0.4866326999293595,-0.2896312917778125,0.0510803894426436,-0.8516609922317622,0.132484428370131,0.5715371617460968,0.0541864731373086,-0.1417806950288363,-0.4864685772839422,0.1846846336412927,-0.0009688720422725,0.4060468917952878,0.2341922650046989,0.5549974019961417,0.0140576463190273,0.3547591622186937,-0.4289470243255512,0.1273973104704045,0.0152293951960787,-0.4844704194330868,0.0027958011959606,0.1321402465769226,0.0524971529590221,0.998562894971431,0.1299663533732784,0.000840779142992,0.888698528424315,0.0002029185103068,0.0655687867978563,0.744738069547906,0.2297179975755858,0.3226759588743298,0.4795390312788146,0.3869585260674902,0.7122999315086683,0.3384193364242871,0.4399805827743853,0.572357103159748,0.5142012940582728,0.5506605763784594,0.1221470276265178,0.1282715225541673,0.1479051156907494,0.4534504804121283,0.4591042182441102,0.4313774227459992,0.75,49033
0,0,0.4866326999293595,-0.2896312917778125,0.0510803894426436,-0.8516609922317622,0.132484428370131,0.5715371617460968,0.0541864731373086,-0.1417806950288363,-0.4864685772839422,0.1846846336412927,-0.0009688720422725,0.4060468917952878,0.2341922650046989,0.5549974019961417,0.0140576463190273,0.3547591622186937,-0.4289470243255512,0.1273973104704045,0.0152293951960787,-0.4844704194330868,0.0027958011959606,0.1321402465769226,0.0524971529590221,0.998562894971431,0.1299663533732784,0.000840779142992,0.888698528424315,0.0002029185103068,0.0655687867978563,0.744738069547906,0.2297179975755858,0.3226759588743298,0.4795390312788146,0.3869585260674902,0.7122999315086683,0.3384193364242871,0.4399805827743853,0.572357103159748,0.5142012940582728,0.5506605763784594,0.1221470276265178,0.1282715225541673,0.1479051156907494,0.4534504804121283,0.4591042182441102,0.4313774227459992,0.75,49043
0,0,0.4866326999293595,-0.2896312917778125,0.0510803894426436,-0.8516609922317622,0.132484428370131,0.5715371617460968,0.0541864731373086,-0.1417806950288363,-0.4864685772839422,0.1846846336412927,-0.0009688720422725,0.4060468917952878,0.2341922650046989,0.5549974019961417,0.0140576463190273,0.3547591622186937,-0.4289470243255512,0.1273973104704045,0.0152293951960787,-0.4844704194330868,0.0027958011959606,0.1321402465769226,0.0524971529590221,0.998562894971431,0.1299663533732784,0.000840779142992,0.888698528424315,0.0002029185103068,0.0655687867978563,0.744738069547906,0.2297179975755858,0.3226759588743298,0.4795390312788146,0.3869585260674902,0.7122999315086683,0.3384193364242871,0.4399805827743853,0.572357103159748,0.5142012940582728,0.5506605763784594,0.1221470276265178,0.1282715225541673,0.1479051156907494,0.4534504804121283,0.4591042182441102,0.4313774227459992,0.75,49061
0,0,0.4866326999293595,-0.2896312917778125,0.0510803894426436,-0.8516609922317622,0.132484428370131,0.5715371617460968,0.0541864731373086,-0.1417806950288363,-0.4864685772839422,0.1846846336412927,-0.0009688720422725,0.4060468917952878,0.2341922650046989,0.5549974019961417,0.0140576463190273,0.3547591622186937,-0.4289470243255512,0.1273973104704045,0.0152293951960787,-0.4844704194330868,0.0027958011959606,0.1321402465769226,0.0524971529590221,0.998562894971431,0.1299663533732784,0.000840779142992,0.888698528424315,0.0002029185103068,0.0655687867978563,0.744738069547906,0.2297179975755858,0.3226759588743298,0.4795390312788146,0.3869585260674902,0.7122999315086683,0.3384193364242871,0.4399805827743853,0.572357103159748,0.5142012940582728,0.5506605763784594,0.1221470276265178,0.1282715225541673,0.1479051156907494,0.4534504804121283,0.4591042182441102,0.4313774227459992,0.75,49071
0,0,0.4866326999293595,-0.2896312917778125,0.0510803894426436,-0.8516609922317622,0.132484428370131,0.5715371617460968,0.0541864731373086,-0.1417806950288363,-0.4864685772839422,0.1846846336412927,-0.0009688720422725,0.4060468917952878,0.2341922650046989,0.5549974019961417,0.0140576463190273,0.3547591622186937,-0.4289470243255512,0.1273973104704045,0.0152293951960787,-0.4844704194330868,0.0027958011959606,0.1321402465769226,0.0524971529590221,0.998562894971431,0.1299663533732784,0.000840779142992,0.888698528424315,0.0002029185103068,0.0655687867978563,0.744738069547906,0.2297179975755858,0.3226759588743298,0.4795390312788146,0.3869585260674902,0.7122999315086683,0.3384193364242871,0.4399805827743853,0.572357103159748,0.5142012940582728,0.5506605763784594,0.1221470276265178,0.1282715225541673,0.1479051156907494,0.4534504804121283,0.4591042182441102,0.4313774227459992,0.75,49090
0,0,0.4866326999293595,-0.2896312917778125,0.0510803894426436,-0.8516609922317622,0.132484428370131,0.5715371617460968,0.0541864731373086,-0.1417806950288363,-0.4864685772839422,0.1846846336412927,-0.0009688720422725,0.4060468917952878,0.2341922650046989,0.5549974019961417,0.0140576463190273,0.3547591622186937,-0.4289470243255512,0.1273973104704045,0.0152293951960787,-0.4844704194330868,0.0027958011959606,0.1321402465769226,0.0524971529590221,0.998562894971431,0.1299663533732784,0.000840779142992,0.888698528424315,0.0002029185103068,0.0655687867978563,0.744738069547906,0.2297179975755858,0.3226759588743298,0.4795390312788146,0.3869585260674902,0.7122999315086683,0.3384193364242871,0.4399805827743853,0.572357103159748,0.5142012940582728,0.5506605763784594,0.1221470276265178,0.1282715225541673,0.1479051156907494,0.4534504804121283,0.4591042182441102,0.4313774227459992,0.75,49101
0,0,0.4866326999293595,-0.2896312917778125,0.0510803894426436,-0.8516609922317622,0.132484428370131,0.5715371617460968,0.0541864731373086,-0.1417806950288363,-0.4864685772839422,0.1846846336412927,-0.0009688720422725,0.4060468917952878,0.2341922650046989,0.5549974019961417,0.0140576463190273,0.3547591622186937,-0.4289470243255512,0.1273973104704045,0.0152293951960787,-0.4844704194330868,0.0027958011959606,0.1321402465769226,0.0524971529590221,0.998562894971431,0.1299663533732784,0.000840779142992,0.888698528424315,0.0002029185103068,0.0655687867978563,0.744738069547906,0.2297179975755858,0.3226759588743298,0.4795390312788146,0.3869585260674902,0.7122999315086683,0.3384193364242871,0.4399805827743853,0.572357103159748,0.5142012940582728,0.5506605763784594,0.1221470276265178,0.1282715225541673,0.1479051156907494,0.4534504804121283,0.4591042182441102,0.4313774227459992,0.75,49111
0,0,0.4866326999293595,-0.2896312917778125,0.0510803894426436,-0.8516609922317622,0.132484428370131,0.5715371617460968,0.0541864731373086,-0.1417806950288363,-0.4864685772839422,0.1846846336412927,-0.0009688720422725,0.4060468917952878,0.2341922650046989,0.5549974019961417,0.0140576463190273,0.3547591622186937,-0.4289470243255512,0.1273973104704045,0.0152293951960787,-0.4844704194330868,0.0027958011959606,0.1321402465769226,0.0524971529590221,0.998562894971431,0.1299663533732784,0.000840779142992,0.888698528424315,0.0002029185103068,0.0655687867978563,0.744738069547906,0.2297179975755858,0.3226759588743298,0.4795390312788146,0.3869585260674902,0.7122999315086683,0.3384193364242871,0.4399805827743853,0.572357103159748,0.5142012940582728,0.5506605763784594,0.1221470276265178,0.1282715225541673,0.1479051156907494,0.4534504804121283,0.4591042182441102,0.4313774227459992,0.75,49130
0,0,0.4866326999293595,-0.2896312917778125,0.0510803894426436,-0.8516609922317622,0.132484428370131,0.5715371617460968,0.0541864731373086,-0.1417806950288363,-0.4864685772839422,0.1846846336412927,-0.0009688720422725,0.4060468917952878,0.2341922650046989,0.5549974019961417,0.0140576463190273,0.3547591622186937,-0.4289470243255512,0.1273973104704045,0.0152293951960787,-0.4844704194330868,0.0027958011959606,0.1321402465769226,0.0524971529590221,0.998562894971431,0.1299663533732784,0.000840779142992,0.888698528424315,0.0002029185103068,0.0655687867978563,0.744738069547906,0.2297179975755858,0.3226759588743298,0.4795390312788146,0.3869585260674902,0.7122999315086683,0.3384193364242871,0.4399805827743853,0.572357103159748,0.5142012940582728,0.5506605763784594,0.1221470276265178,0.1282715225541673,0.1479051156907494,0.4534504804121283,0.4591042182441102,0.4313774227459992,0.75,49148
0,0,0.4866326999293595,-0.2896312917778125,0.0510803894426436,-0.8516609922317622,0.132484428370131,0.5715371617460968,0.0541864731373086,-0.1417806950288363,-0.4864685772839422,0.1846846336412927,-0.0009688720422725,0.4060468917952878,0.2341922650046989,0.5549974019961417,0.0140576463190273,0.3547591622186937,-0.4289470243255512,0.1273973104704045,0.0152293951960787,-0.4844704194330868,0.0027958011959606,0.1321402465769226,0.0524971529590221,0.998562894971431,0.1299663533732784,0.000840779142992,0.888698528424315,0.0002029185103068,0.0655687867978563,0.744738069547906,0.2297179975755858,0.3226759588743298,0.4795390312788146,0.3869585260674902,0.7122999315086683,0.3384193364242871,0.4399805827743853,0.572357103159748,0.5142012940582728,0.5506605763784594,0.1221470276265178,0.1282715225541673,0.1479051156907494,0.4534504804121283,0.4591042182441102,0.4313774227459992,0.75,49158
0,0,0.4866326999293595,-0.2896312917778125,0.0510803894426436,-0.8516609922317622,0.132484428370131,0.5715371617460968,0.0541864731373086,-0.1417806950288363,-0.4864685772839422,0.1846846336412927,-0.0009688720422725,0.4060468917952878,0.2341922650046989,0.5549974019961417,0.0140576463190273,0.3547591622186937,-0.4289470243255512,0.1273973104704045,0.0152293951960787,-0.4844704194330868,0.0027958011959606,0.1321402465769226,0.0524971529590221,0.998562894971431,0.1299663533732784,0.000840779142992,0.888698528424315,0.0002029185103068,0.0655687867978563,0.744738069547906,0.2297179975755858,0.3226759588743298,0.4795390312788146,0.3869585260674902,0.7122999315086683,0.3384193364242871,0.4399805827743853,0.572357103159748,0.5142012940582728,0.5506605763784594,0.1221470276265178,0.1282715225541673,0.1479051156907494,0.4534504804121283,0.4591042182441102,0.4313774227459992,0.75,49168
0,0,0.4866326999293595,-0.2896312917778125,0.0510803894426436,-0.8516609922317622,0.132484428370131,0.5715371617460968,0.0541864731373086,-0.1417806950288363,-0.4864685772839422,0.1846846336412927,-0.0009688720422725,0.4060468917952878,0.2341922650046989,0.5549974019961417,0.0140576463190273,0.3547591622186937,-0.4289470243255512,0.1273973104704045,0.0152293951960787,-0.4844704194330868,0.0027958011959606,0.1321402465769226,0.0524971529590221,0.998562894971431,0.1299663533732784,0.000840779142992,0.888698528424315,0.0002029185103068,0.0655687867978563,0.744738069547906,0.2297179975755858,0.3226759588743298,0.4795390312788146,0.3869585260674902,0.7122999315086683,0.3384193364242871,0.4399805827743853,0.572357103159748,0.5142012940582728,0.5506605763784594,0.1221470276265178,0.1282715225541673,0.1479051156907494,0.4534504804121283,0.4591042182441102,0.4313774227459992,0.75,49179
0,0,0.4866326999293595,-0.2896312917778125,0.0510803894426436,-0.8516609922317622,0.132484428370131,0.5715371617460968,0.0541864731373086,-0.1417806950288363,-0.4864685772839422,0.1846846336412927,-0.0009688720422725,0.4060468917952878,0.2341922650046989,0.5549974019961417,0.0140576463190273,0.3547591622186937,-0.4289470243255512,0.1273973104704045,0.0152293951960787,-0.4844704194330868,0.0027958011959606,0.1321402465769226,0.0524971529590221,0.998562894971431,0.1299663533732784,0.000840779142992,0.888698528424315,0.0002029185103068,0.0655687867978563,0.744738069547906,0.2297179975755858,0.3226759588743298,0.4795390312788146,0.3869585260674902,0.7122999315086683,0.3384193364242871,0.4399805827743853,0.572357103159748,0.5142012940582728,0.5506605763784594,0.1221470276265178,0.1282715225541673,0.1479051156907494,0.4534504804121283,0.4591042182441102,0.4313774227459992,0.75,49190
0,0,0.4866326999293595,-0.2896312917778125,0.0510803894426436,-0.8516609922317622,0.132484428370131,0.5715371617460968,0.0541864731373086,-0.1417806950288363,-0.4864685772839422,0.1846846336412927,-0.0009688720422725,0.4060468917952878,0.2341922650046989,0.5549974019961417,0.0140576463190273,0.3547591622186937,-0.4289470243255512,0.1273973104704045,0.0152293951960787,-0.4844704194330868,0.0027958011959606,0.1321402465769226,0.0524971529590221,0.998562894971431,0.1299663533732784,0.000840779142992,0.888698528424315,0.0002029185103068,0.0655687867978563,0.744738069547906,0.2297179975755858,0.3226759588743298,0.4795390312788146,0.3869585260674902,0.7122999315086683,0.3384193364242871,0.4399805827743853,0.572357103159748,0.5142012940582728,0.5506605763784594,0.1221470276265178,0.1282715225541673,0.1479051156907494,0.4534504804121283,0.4591042182441102,0.4313774227459992,0.75,49201
0,0,0.4866326999293595,-0.2896312917778125,0.0510803894426436,-0.8516609922317622,0.132484428370131,0.5715371617460968,0.0541864731373086,-0.1417806950288363,-0.4864685772839422,0.1846846336412927,-0.0009688720422725,0.4060468917952878,0.2341922650046989,0.5549974019961417,0.0140576463190273,0.3547591622186937,-0.4289470243255512,0.1273973104704045,0.0152293951960787,-0.4844704194330868,0.0027958011959606,0.1321402465769226,0.0524971529590221,0.998562894971431,0.1299663533732784,0.000840779142992,0.888698528424315,0.0002029185103068,0.0655687867978563,0.744738069547906,0.2297179975755858,0.3226759588743298,0.4795390312788146,0.3869585260674902,0.7122999315086683,0.3384193364242871,0.4399805827743853,0.572357103159748,0.5142012940582728,0.5506605763784594,0.1221470276265178,0.1282715225541673,0.1479051156907494,0.4534504804121283,0.4591042182441102,0.4313774227459992,0.75,49211
0,0,0.4866326999293595,-0.2896312917778125,0.0510803894426436,-0.8516609922317622,0.132484428370131,0.5715371617460968,0.0541864731373086,-0.1417806950288363,-0.4864685772839422,0.1846846336412927,-0.0009688720422725,0.4060468917952878,0.2341922650046989,0.5549974019961417,0.0140576463190273,0.3547591622186937,-0.4289470243255512,0.1273973104704045,0.0152293951960787,-0.4844704194330868,0.0027958011959606,0.1321402465769226,0.0524971529590221,0.998562894971431,0.1299663533732784,0.000840779142992,0.888698528424315,0.0002029185103068,0.0655687867978563,0.744738069547906,0.2297179975755858,0.3226759588743298,0.4795390312788146,0.3869585260674902,0.7122999315086683,0.3384193364242871,0.4399805827743853,0.572357103159748,0.5142012940582728,0.5506605763784594,0.1221470276265178,0.1282715225541673,0.1479051156907494,0.4534504804121283,0.4591042182441102,0.4313774227459992,0.75,49222
0,0,0.4866326999293595,-0.2896312917778125,0.0510803894426436,-0.8516609922317622,0.132484428370131,0.5715371617460968,0.0541864731373086,-0.1417806950288363,-0.4864685772839422,0.1846846336412927,-0.0009688720422725,0.4060468917952878,0.2341922650046989,0.5549974019961417,0.0140576463190273,0.3547591622186937,-0.4289470243255512,0.1273973104704045,0.0152293951960787,-0.4844704194330868,0.0027958011959606,0.1321402465769226,0.0524971529590221,0.998562894971431,0.1299663533732784,0.000840779142992,0.888698528424315,0.0002029185103068,0.0655687867978563,0.744738069547906,0.2297179975755858,0.3226759588743298,0.4795390312788146,0.3869585260674902,0.7122999315086683,0.3384193364242871,0.4399805827743853,0.572357103159748,0.5142012940582728,0.5506605763784594,0.1221470276265178,0.1282715225541673,0.1479051156907494,0.4534504804121283,0.4591042182441102,0.4313774227459992,0.75,49232
0,0,0.4866326999293595,-0.2896312917778125,0.0510803894426436,-0.8516609922317622,0.132484428370131,0.5715371617460968,0.0541864731373086,-0.1417806950288363,-0.4864685772839422,0.1846846336412927,-0.0009688720422725,0.4060468917952878,0.2341922650046989,0.5549974019961417,0.0140576463190273,0.3547591622186937,-0.4289470243255512,0.1273973104704045,0.0152293951960787,-0.4844704194330868,0.0027958011959606,0.1321402465769226,0.0524971529590221,0.998562894971431,0.1299663533732784,0.000840779142992,0.888698528424315,0.0002029185103068,0.0655687867978563,0.744738069547906,0.2297179975755858,0.3226759588743298,0.4795390312788146,0.3869585260674902,0.7122999315086683,0.3384193364242871,0.4399805827743853,0.572357103159748,0.5142012940582728,0.5506605763784594,0.1221470276265178,0.1282715225541673,0.1479051156907494,0.4534504804121283,0.4591042182441102,0.4313774227459992,0.75,49251
0,0,0.4866326999293595,-0.2896312917778125,0.0510803894426436,-0.8516609922317622,0.132484428370131,0.5715371617460968,0.0541864731373086,-0.1417806950288363,-0.4864685772839422,0.1846846336412927,-0.0009688720422725,0.4060468917952878,0.2341922650046989,0.5549974019961417,0.0140576463190273,0.3547591622186937,-0.4289470243255512,0.1273973104704045,0.0152293951960787,-0.4844704194330868,0.0027958011959606,0.1321402465769226,0.0524971529590221,0.998562894971431,0.1299663533732784,0.000840779142992,0.888698528424315,0.0002029185103068,0.0655687867978563,0.744738069547906,0.2297179975755858,0.3226759588743298,0.4795390312788146,0.3869585260674902,0.7122999315086683,0.3384193364242871,0.4399805827743853,0.572357103159748,0.5142012940582728,0.5506605763784594,0.1221470276265178,0.1282715225541673,0.1479051156907494,0.4534504804121283,0.4591042182441102,0.4313774227459992,0.75,49262
0,0,0.4866326999293595,-0.2896312917778125,0.0510803894426436,-0.8516609922317622,0.132484428370131,0.5715371617460968,0.0541864731373086,-0.1417806950288363,-0.4864685772839422,0.1846846336412927,-0.0009688720422725,0.4060468917952878,0.2341922650046989,0.5549974019961417,0.0140576463190273,0.3547591622186937,-0.4289470243255512,0.1273973104704045,0.0152293951960787,-0.4844704194330868,0.0027958011959606,0.1321402465769226,0.0524971529590221,0.998562894971431,0.1299663533732784,0.000840779142992,0.888698528424315,0.0002029185103068,0.0655687867978563,0.744738069547906,0.2297179975755858,0.3226759588743298,0.4795390312788146,0.3869585260674902,0.7122999315086683,0.3384193364242871,0.4399805827743853,0.572357103159748,0.5142012940582728,0.5506605763784594,0.1221470276265178,0.1282715225541673,0.1479051156907494,0.4534504804121283,0.4591042182441102,0.4313774227459992,0.75,49273
0,0,0.4866326999293595,-0.2896312917778125,0.0510803894426436,-0.8516609922317622,0.132484428370131,0.5715371617460968,0.0541864731373086,-0.1417806950288363,-0.4864685772839422,0.1846846336412927,-0.0009688720422725,0.4060468917952878,0.2341922650046989,0.5549974019961417,0.0140576463190273,0.3547591622186937,-0.4289470243255512,0.1273973104704045,0.0152293951960787,-0.4844704194330868,0.0027958011959606,0.1321402465769226,0.0524971529590221,0.998562894971431,0.1299663533732784,0.000840779142992,0.888698528424315,0.0002029185103068,0.0655687867978563,0.744738069547906,0.2297179975755858,0.3226759588743298,0.4795390312788146,0.3869585260674902,0.7122999315086683,0.3384193364242871,0.4399805827743853,0.572357103159748,0.5142012940582728,0.5506605763784594,0.1221470276265178,0.1282715225541673,0.1479051156907494,0.4534504804121283,0.4591042182441102,0.4313774227459992,0.75,49283
0,0,0.4866326999293595,-0.2896312917778125,0.0510803894426436,-0.8516609922317622,0.132484428370131,0.5715371617460968,0.0541864731373086,-0.1417806950288363,-0.4864685772839422,0.1846846336412927,-0.0009688720422725,0.4060468917952878,0.2341922650046989,0.5549974019961417,0.0140576463190273,0.3547591622186937,-0.4289470243255512,0.1273973104704045,0.0152293951960787,-0.4844704194330868,0.0027958011959606,0.1321402465769226,0.0524971529590221,0.998562894971431,0.1299663533732784,0.000840779142992,0.888698528424315,0.0002029185103068,0.0655687867978563,0.744738069547906,0.2297179975755858,0.3226759588743298,0.4795390312788146,0.3869585260674902,0.7122999315086683,0.3384193364242871,0.4399805827743853,0.572357103159748,0.5142012940582728,0.5506605763784594,0.1221470276265178,0.1282715225541673,0.1479051156907494,0.4534504804121283,0.4591042182441102,0.4313774227459992,0.75,49294
0,0,0.4866326999293595,-0.2896312917778125,0.0510803894426436,-0.8516609922317622,0.132484428370131,0.5715371617460968,0.0541864731373086,-0.1417806950288363,-0.4864685772839422,0.1846846336412927,-0.0009688720422725,0.4060468917952878,0.2341922650046989,0.5549974019961417,0.0140576463190273,0.3547591622186937,-0.4289470243255512,0.1273973104704045,0.0152293951960787,-0.4844704194330868,0.0027958011959606,0.1321402465769226,0.0524971529590221,0.998562894971431,0.1299663533732784,0.000840779142992,0.888698528424315,0.0002029185103068,0.0655687867978563,0.744738069547906,0.2297179975755858,0.3226759588743298,0.4795390312788146,0.3869585260674902,0.7122999315086683,0.3384193364242871,0.4399805827743853,0.572357103159748,0.5142012940582728,0.5506605763784594,0.1221470276265178,0.1282715225541673,0.1479051156907494,0.4534504804121283,0.4591042182441102,0.4313774227459992,0.75,49314
0,0,0.4866326999293595,-0.2896312917778125,0.0510803894426436,-0.8516609922317622,0.132484428370131,0.5715371617460968,0.0541864731373086,-0.1417806950288363,-0.4864685772839422,0.1846846336412927,-0.0009688720422725,0.4060468917952878,0.2341922650046989,0.5549974019961417,0.0140576463190273,0.3547591622186937,-0.4289470243255512,0.1273973104704045,0.0152293951960787,-0.4844704194330868,0.0027958011959606,0.1321402465769226,0.0524971529590221,0.998562894971431,0.1299663533732784,0.000840779142992,0.888698528424315,0.0002029185103068,0.0655687867978563,0.744738069547906,0.2297179975755858,0.3226759588743298,0.4795390312788146,0.3869585260674902,0.7122999315086683,0.3384193364242871,0.4399805827743853,0.572357103159748,0.5142012940582728,0.5506605763784594,0.1221470276265178,0.1282715225541673,0.1479051156907494,0.4534504804121283,0.4591042182441102,0.4313774227459992,0.75,49324
0,0,0.4866326999293595,-0.2896312917778125,0.0510803894426436,-0.8516609922317622,0.132484428370131,0.5715371617460968,0.0541864731373086,-0.1417806950288363,-0.4864685772839422,0.1846846336412927,-0.0009688720422725,0.4060468917952878,0.2341922650046989,0.5549974019961417,0.0140576463190273,0.3547591622186937,-0.4289470243255512,0.1273973104704045,0.0152293951960787,-0.4844704194330868,0.0027958011959606,0.1321402465769226,0.0524971529590221,0.998562894971431,0.1299663533732784,0.000840779142992,0.888698528424315,0.0002029185103068,0.0655687867978563,0.744738069547906,0.2297179975755858,0.3226759588743298,0.4795390312788146,0.3869585260674902,0.7122999315086683,0.3384193364242871,0.4399805827743853,0.572357103159748,0.5142012940582728,0.5506605763784594,0.1221470276265178,0.1282715225541673,0.1479051156907494,0.4534504804121283,0.4591042182441102,0.4313774227459992,0.75,49334
0,0,0.4866326999293595,-0.2896312917778125,0.0510803894426436,-0.8516609922317622,0.132484428370131,0.5715371617460968,0.0541864731373086,-0.1417806950288363,-0.4864685772839422,0.1846846336412927,-0.0009688720422725,0.4060468917952878,0.2341922650046989,0.5549974019961417,0.0140576463190273,0.3547591622186937,-0.4289470243255512,0.1273973104704045,0.0152293951960787,-0.4844704194330868,0.0027958011959606,0.1321402465769226,0.0524971529590221,0.998562894971431,0.1299663533732784,0.000840779142992,0.888698528424315,0.0002029185103068,0.0655687867978563,0.744738069547906,0.2297179975755858,0.3226759588743298,0.4795390312788146,0.3869585260674902,0.7122999315086683,0.3384193364242871,0.4399805827743853,0.572357103159748,0.5142012940582728,0.5506605763784594,0.1221470276265178,0.1282715225541673,0.1479051156907494,0.4534504804121283,0.4591042182441102,0.4313774227459992,0.75,49344
0,0,0.4866326999293595,-0.2896312917778125,0.0510803894426436,-0.8516609922317622,0.132484428370131,0.5715371617460968,0.0541864731373086,-0.1417806950288363,-0.4864685772839422,0.1846846336412927,-0.0009688720422725,0.4060468917952878,0.2341922650046989,0.5549974019961417,0.0140576463190273,0.3547591622186937,-0.4289470243255512,0.1273973104704045,0.0152293951960787,-0.4844704194330868,0.0027958011959606,0.1321402465769226,0.0524971529590221,0.998562894971431,0.1299663533732784,0.000840779142992,0.888698528424315,0.0002029185103068,0.0655687867978563,0.744738069547906,0.2297179975755858,0.3226759588743298,0.4795390312788146,0.3869585260674902,0.7122999315086683,0.3384193364242871,0.4399805827743853,0.572357103159748,0.5142012940582728,0.5506605763784594,0.1221470276265178,0.1282715225541673,0.1479051156907494,0.4534504804121283,0.4591042182441102,0.4313774227459992,0.75,49354
0,0,0.8611321369107228,-0.301765313277839,0.2117473313125712,-0.8501418016187574,0.7521058732402998,-0.1027081832994895,0.8487314495374609,-0.1405773520987076,-0.7614531420813382,0.3195284792462471,-0.4683383622028966,0.7007812987625246,0.797205673564499,0.6042248467728369,-0.0305665614562554,0.556618708774979,-0.7266260174938248,0.1404300000262652,-0.0909964321464445,-0.6106011249948362,0.0038035145228964,0.1318999270720717,0.0524298117699747,1.0,0.129918148463398,0.000411747047461,0.8906495881839059,0.0001,0.0669233232898114,0.7433629270429749,0.1477362283863928,0.0849414935212601,0.5211950576860817,0.2559109522357338,0.7577863878113864,0.1940930126760431,0.7380636312993897,0.6153528442287197,0.6228163957100423,0.5861793873806771,0.147043064999287,0.1764306161875003,0.1477649907541243,0.4539742404026295,0.4604631810018615,0.137491966583931,0.78,4936
0,0,0.4866326999293595,-0.2896312917778125,0.0510803894426436,-0.8516609922317622,0.132484428370131,0.5715371617460968,0.0541864731373086,-0.1417806950288363,-0.4864685772839422,0.1846846336412927,-0.0009688720422725,0.4060468917952878,0.2341922650046989,0.5549974019961417,0.0140576463190273,0.3547591622186937,-0.4289470243255512,0.1273973104704045,0.0152293951960787,-0.4844704194330868,0.0027958011959606,0.1321402465769226,0.0524971529590221,0.998562894971431,0.1299663533732784,0.000840779142992,0.888698528424315,0.0002029185103068,0.0655687867978563,0.744738069547906,0.2297179975755858,0.3226759588743298,0.4795390312788146,0.3869585260674902,0.7122999315086683,0.3384193364242871,0.4399805827743853,0.572357103159748,0.5142012940582728,0.5506605763784594,0.1221470276265178,0.1282715225541673,0.1479051156907494,0.4534504804121283,0.4591042182441102,0.4313774227459992,0.75,49364
0,0,0.4866326999293595,-0.2896312917778125,0.0510803894426436,-0.8516609922317622,0.132484428370131,0.5715371617460968,0.0541864731373086,-0.1417806950288363,-0.4864685772839422,0.1846846336412927,-0.0009688720422725,0.4060468917952878,0.2341922650046989,0.5549974019961417,0.0140576463190273,0.3547591622186937,-0.4289470243255512,0.1273973104704045,0.0152293951960787,-0.4844704194330868,0.0027958011959606,0.1321402465769226,0.0524971529590221,0.998562894971431,0.1299663533732784,0.000840779142992,0.888698528424315,0.0002029185103068,0.0655687867978563,0.744738069547906,0.2297179975755858,0.3226759588743298,0.4795390312788146,0.3869585260674902,0.7122999315086683,0.3384193364242871,0.4399805827743853,0.572357103159748,0.5142012940582728,0.5506605763784594,0.1221470276265178,0.1282715225541673,0.1479051156907494,0.4534504804121283,0.4591042182441102,0.4313774227459992,0.75,49374
0,0,0.4866326999293595,-0.2896312917778125,0.0510803894426436,-0.8516609922317622,0.132484428370131,0.5715371617460968,0.0541864731373086,-0.1417806950288363,-0.4864685772839422,0.1846846336412927,-0.0009688720422725,0.4060468917952878,0.2341922650046989,0.5549974019961417,0.0140576463190273,0.3547591622186937,-0.4289470243255512,0.1273973104704045,0.0152293951960787,-0.4844704194330868,0.0027958011959606,0.1321402465769226,0.0524971529590221,0.998562894971431,0.1299663533732784,0.000840779142992,0.888698528424315,0.0002029185103068,0.0655687867978563,0.744738069547906,0.2297179975755858,0.3226759588743298,0.4795390312788146,0.3869585260674902,0.7122999315086683,0.3384193364242871,0.4399805827743853,0.572357103159748,0.5142012940582728,0.5506605763784594,0.1221470276265178,0.1282715225541673,0.1479051156907494,0.4534504804121283,0.4591042182441102,0.4313774227459992,0.75,49384
0,0,0.4866326999293595,-0.2896312917778125,0.0510803894426436,-0.8516609922317622,0.132484428370131,0.5715371617460968,0.0541864731373086,-0.1417806950288363,-0.4864685772839422,0.1846846336412927,-0.0009688720422725,0.4060468917952878,0.2341922650046989,0.5549974019961417,0.0140576463190273,0.3547591622186937,-0.4289470243255512,0.1273973104704045,0.0152293951960787,-0.4844704194330868,0.0027958011959606,0.1321402465769226,0.0524971529590221,0.998562894971431,0.1299663533732784,0.000840779142992,0.888698528424315,0.0002029185103068,0.0655687867978563,0.744738069547906,0.2297179975755858,0.3226759588743298,0.4795390312788146,0.3869585260674902,0.7122999315086683,0.3384193364242871,0.4399805827743853,0.572357103159748,0.5142012940582728,0.5506605763784594,0.1221470276265178,0.1282715225541673,0.1479051156907494,0.4534504804121283,0.4591042182441102,0.4313774227459992,0.75,49394
0,0,0.4866326999293595,-0.2896312917778125,0.0510803894426436,-0.8516609922317622,0.132484428370131,0.5715371617460968,0.0541864731373086,-0.1417806950288363,-0.4864685772839422,0.1846846336412927,-0.0009688720422725,0.4060468917952878,0.2341922650046989,0.5549974019961417,0.0140576463190273,0.3547591622186937,-0.4289470243255512,0.1273973104704045,0.0152293951960787,-0.4844704194330868,0.0027958011959606,0.1321402465769226,0.0524971529590221,0.998562894971431,0.1299663533732784,0.000840779142992,0.888698528424315,0.0002029185103068,0.0655687867978563,0.744738069547906,0.2297179975755858,0.3226759588743298,0.4795390312788146,0.3869585260674902,0.7122999315086683,0.3384193364242871,0.4399805827743853,0.572357103159748,0.5142012940582728,0.5506605763784594,0.1221470276265178,0.1282715225541673,0.1479051156907494,0.4534504804121283,0.4591042182441102,0.4313774227459992,0.75,49404
0,0,0.4866326999293595,-0.2896312917778125,0.0510803894426436,-0.8516609922317622,0.132484428370131,0.5715371617460968,0.0541864731373086,-0.1417806950288363,-0.4864685772839422,0.1846846336412927,-0.0009688720422725,0.4060468917952878,0.2341922650046989,0.5549974019961417,0.0140576463190273,0.3547591622186937,-0.4289470243255512,0.1273973104704045,0.0152293951960787,-0.4844704194330868,0.0027958011959606,0.1321402465769226,0.0524971529590221,0.998562894971431,0.1299663533732784,0.000840779142992,0.888698528424315,0.0002029185103068,0.0655687867978563,0.744738069547906,0.2297179975755858,0.3226759588743298,0.4795390312788146,0.3869585260674902,0.7122999315086683,0.3384193364242871,0.4399805827743853,0.572357103159748,0.5142012940582728,0.5506605763784594,0.1221470276265178,0.1282715225541673,0.1479051156907494,0.4534504804121283,0.4591042182441102,0.4313774227459992,0.75,49415
0,0,0.4866326999293595,-0.2896312917778125,0.0510803894426436,-0.8516609922317622,0.132484428370131,0.5715371617460968,0.0541864731373086,-0.1417806950288363,-0.4864685772839422,0.1846846336412927,-0.0009688720422725,0.4060468917952878,0.2341922650046989,0.5549974019961417,0.0140576463190273,0.3547591622186937,-0.4289470243255512,0.1273973104704045,0.0152293951960787,-0.4844704194330868,0.0027958011959606,0.1321402465769226,0.0524971529590221,0.998562894971431,0.1299663533732784,0.000840779142992,0.888698528424315,0.0002029185103068,0.0655687867978563,0.744738069547906,0.2297179975755858,0.3226759588743298,0.4795390312788146,0.3869585260674902,0.7122999315086683,0.3384193364242871,0.4399805827743853,0.572357103159748,0.5142012940582728,0.5506605763784594,0.1221470276265178,0.1282715225541673,0.1479051156907494,0.4534504804121283,0.4591042182441102,0.4313774227459992,0.75,49425
0,0,0.4866326999293595,-0.2896312917778125,0.0510803894426436,-0.8516609922317622,0.132484428370131,0.5715371617460968,0.0541864731373086,-0.1417806950288363,-0.4864685772839422,0.1846846336412927,-0.0009688720422725,0.4060468917952878,0.2341922650046989,0.5549974019961417,0.0140576463190273,0.3547591622186937,-0.4289470243255512,0.1273973104704045,0.0152293951960787,-0.4844704194330868,0.0027958011959606,0.1321402465769226,0.0524971529590221,0.998562894971431,0.1299663533732784,0.000840779142992,0.888698528424315,0.0002029185103068,0.0655687867978563,0.744738069547906,0.2297179975755858,0.3226759588743298,0.4795390312788146,0.3869585260674902,0.7122999315086683,0.3384193364242871,0.4399805827743853,0.572357103159748,0.5142012940582728,0.5506605763784594,0.1221470276265178,0.1282715225541673,0.1479051156907494,0.4534504804121283,0.4591042182441102,0.4313774227459992,0.75,49435
0,0,0.4866326999293595,-0.2896312917778125,0.0510803894426436,-0.8516609922317622,0.132484428370131,0.5715371617460968,0.0541864731373086,-0.1417806950288363,-0.4864685772839422,0.1846846336412927,-0.0009688720422725,0.4060468917952878,0.2341922650046989,0.5549974019961417,0.0140576463190273,0.3547591622186937,-0.4289470243255512,0.1273973104704045,0.0152293951960787,-0.4844704194330868,0.0027958011959606,0.1321402465769226,0.0524971529590221,0.998562894971431,0.1299663533732784,0.000840779142992,0.888698528424315,0.0002029185103068,0.0655687867978563,0.744738069547906,0.2297179975755858,0.3226759588743298,0.4795390312788146,0.3869585260674902,0.7122999315086683,0.3384193364242871,0.4399805827743853,0.572357103159748,0.5142012940582728,0.5506605763784594,0.1221470276265178,0.1282715225541673,0.1479051156907494,0.4534504804121283,0.4591042182441102,0.4313774227459992,0.75,49446
0,0,0.4866326999293595,-0.2896312917778125,0.0510803894426436,-0.8516609922317622,0.132484428370131,0.5715371617460968,0.0541864731373086,-0.1417806950288363,-0.4864685772839422,0.1846846336412927,-0.0009688720422725,0.4060468917952878,0.2341922650046989,0.5549974019961417,0.0140576463190273,0.3547591622186937,-0.4289470243255512,0.1273973104704045,0.0152293951960787,-0.4844704194330868,0.0027958011959606,0.1321402465769226,0.0524971529590221,0.998562894971431,0.1299663533732784,0.000840779142992,0.888698528424315,0.0002029185103068,0.0655687867978563,0.744738069547906,0.2297179975755858,0.3226759588743298,0.4795390312788146,0.3869585260674902,0.7122999315086683,0.3384193364242871,0.4399805827743853,0.572357103159748,0.5142012940582728,0.5506605763784594,0.1221470276265178,0.1282715225541673,0.1479051156907494,0.4534504804121283,0.4591042182441102,0.4313774227459992,0.75,49456
0,0,0.4866326999293595,-0.2896312917778125,0.0510803894426436,-0.8516609922317622,0.132484428370131,0.5715371617460968,0.0541864731373086,-0.1417806950288363,-0.4864685772839422,0.1846846336412927,-0.0009688720422725,0.4060468917952878,0.2341922650046989,0.5549974019961417,0.0140576463190273,0.3547591622186937,-0.4289470243255512,0.1273973104704045,0.0152293951960787,-0.4844704194330868,0.0027958011959606,0.1321402465769226,0.0524971529590221,0.998562894971431,0.1299663533732784,0.000840779142992,0.888698528424315,0.0002029185103068,0.0655687867978563,0.744738069547906,0.2297179975755858,0.3226759588743298,0.4795390312788146,0.3869585260674902,0.7122999315086683,0.3384193364242871,0.4399805827743853,0.572357103159748,0.5142012940582728,0.5506605763784594,0.1221470276265178,0.1282715225541673,0.1479051156907494,0.4534504804121283,0.4591042182441102,0.4313774227459992,0.75,49466
0,0,0.4866326999293595,-0.2896312917778125,0.0510803894426436,-0.8516609922317622,0.132484428370131,0.5715371617460968,0.0541864731373086,-0.1417806950288363,-0.4864685772839422,0.1846846336412927,-0.0009688720422725,0.4060468917952878,0.2341922650046989,0.5549974019961417,0.0140576463190273,0.3547591622186937,-0.4289470243255512,0.1273973104704045,0.0152293951960787,-0.4844704194330868,0.0027958011959606,0.1321402465769226,0.0524971529590221,0.998562894971431,0.1299663533732784,0.000840779142992,0.888698528424315,0.0002029185103068,0.0655687867978563,0.744738069547906,0.2297179975755858,0.3226759588743298,0.4795390312788146,0.3869585260674902,0.7122999315086683,0.3384193364242871,0.4399805827743853,0.572357103159748,0.5142012940582728,0.5506605763784594,0.1221470276265178,0.1282715225541673,0.1479051156907494,0.4534504804121283,0.4591042182441102,0.4313774227459992,0.75,49476
0,0,0.4866326999293595,-0.2896312917778125,0.0510803894426436,-0.8516609922317622,0.132484428370131,0.5715371617460968,0.0541864731373086,-0.1417806950288363,-0.4864685772839422,0.1846846336412927,-0.0009688720422725,0.4060468917952878,0.2341922650046989,0.5549974019961417,0.0140576463190273,0.3547591622186937,-0.4289470243255512,0.1273973104704045,0.0152293951960787,-0.4844704194330868,0.0027958011959606,0.1321402465769226,0.0524971529590221,0.998562894971431,0.1299663533732784,0.000840779142992,0.888698528424315,0.0002029185103068,0.0655687867978563,0.744738069547906,0.2297179975755858,0.3226759588743298,0.4795390312788146,0.3869585260674902,0.7122999315086683,0.3384193364242871,0.4399805827743853,0.572357103159748,0.5142012940582728,0.5506605763784594,0.1221470276265178,0.1282715225541673,0.1479051156907494,0.4534504804121283,0.4591042182441102,0.4313774227459992,0.75,49486
0,0,0.4866326999293595,-0.2896312917778125,0.0510803894426436,-0.8516609922317622,0.132484428370131,0.5715371617460968,0.0541864731373086,-0.1417806950288363,-0.4864685772839422,0.1846846336412927,-0.0009688720422725,0.4060468917952878,0.2341922650046989,0.5549974019961417,0.0140576463190273,0.3547591622186937,-0.4289470243255512,0.1273973104704045,0.0152293951960787,-0.4844704194330868,0.0027958011959606,0.1321402465769226,0.0524971529590221,0.998562894971431,0.1299663533732784,0.000840779142992,0.888698528424315,0.0002029185103068,0.0655687867978563,0.744738069547906,0.2297179975755858,0.3226759588743298,0.4795390312788146,0.3869585260674902,0.7122999315086683,0.3384193364242871,0.4399805827743853,0.572357103159748,0.5142012940582728,0.5506605763784594,0.1221470276265178,0.1282715225541673,0.1479051156907494,0.4534504804121283,0.4591042182441102,0.4313774227459992,0.75,49503
0,0,0.4866326999293595,-0.2896312917778125,0.0510803894426436,-0.8516609922317622,0.132484428370131,0.5715371617460968,0.0541864731373086,-0.1417806950288363,-0.4864685772839422,0.1846846336412927,-0.0009688720422725,0.4060468917952878,0.2341922650046989,0.5549974019961417,0.0140576463190273,0.3547591622186937,-0.4289470243255512,0.1273973104704045,0.0152293951960787,-0.4844704194330868,0.0027958011959606,0.1321402465769226,0.0524971529590221,0.998562894971431,0.1299663533732784,0.000840779142992,0.888698528424315,0.0002029185103068,0.0655687867978563,0.744738069547906,0.2297179975755858,0.3226759588743298,0.4795390312788146,0.3869585260674902,0.7122999315086683,0.3384193364242871,0.4399805827743853,0.572357103159748,0.5142012940582728,0.5506605763784594,0.1221470276265178,0.1282715225541673,0.1479051156907494,0.4534504804121283,0.4591042182441102,0.4313774227459992,0.75,49513
0,0,0.4866326999293595,-0.2896312917778125,0.0510803894426436,-0.8516609922317622,0.132484428370131,0.5715371617460968,0.0541864731373086,-0.1417806950288363,-0.4864685772839422,0.1846846336412927,-0.0009688720422725,0.4060468917952878,0.2341922650046989,0.5549974019961417,0.0140576463190273,0.3547591622186937,-0.4289470243255512,0.1273973104704045,0.0152293951960787,-0.4844704194330868,0.0027958011959606,0.1321402465769226,0.0524971529590221,0.998562894971431,0.1299663533732784,0.000840779142992,0.888698528424315,0.0002029185103068,0.0655687867978563,0.744738069547906,0.2297179975755858,0.3226759588743298,0.4795390312788146,0.3869585260674902,0.7122999315086683,0.3384193364242871,0.4399805827743853,0.572357103159748,0.5142012940582728,0.5506605763784594,0.1221470276265178,0.1282715225541673,0.1479051156907494,0.4534504804121283,0.4591042182441102,0.4313774227459992,0.75,49524
0,0,0.4866326999293595,-0.2896312917778125,0.0510803894426436,-0.8516609922317622,0.132484428370131,0.5715371617460968,0.0541864731373086,-0.1417806950288363,-0.4864685772839422,0.1846846336412927,-0.0009688720422725,0.4060468917952878,0.2341922650046989,0.5549974019961417,0.0140576463190273,0.3547591622186937,-0.4289470243255512,0.1273973104704045,0.0152293951960787,-0.4844704194330868,0.0027958011959606,0.1321402465769226,0.0524971529590221,0.998562894971431,0.1299663533732784,0.000840779142992,0.888698528424315,0.0002029185103068,0.0655687867978563,0.744738069547906,0.2297179975755858,0.3226759588743298,0.4795390312788146,0.3869585260674902,0.7122999315086683,0.3384193364242871,0.4399805827743853,0.572357103159748,0.5142012940582728,0.5506605763784594,0.1221470276265178,0.1282715225541673,0.1479051156907494,0.4534504804121283,0.4591042182441102,0.4313774227459992,0.75,49543
0,0,0.4866326999293595,-0.2896312917778125,0.0510803894426436,-0.8516609922317622,0.132484428370131,0.5715371617460968,0.0541864731373086,-0.1417806950288363,-0.4864685772839422,0.1846846336412927,-0.0009688720422725,0.4060468917952878,0.2341922650046989,0.5549974019961417,0.0140576463190273,0.3547591622186937,-0.4289470243255512,0.1273973104704045,0.0152293951960787,-0.4844704194330868,0.0027958011959606,0.1321402465769226,0.0524971529590221,0.998562894971431,0.1299663533732784,0.000840779142992,0.888698528424315,0.0002029185103068,0.0655687867978563,0.744738069547906,0.2297179975755858,0.3226759588743298,0.4795390312788146,0.3869585260674902,0.7122999315086683,0.3384193364242871,0.4399805827743853,0.572357103159748,0.5142012940582728,0.5506605763784594,0.1221470276265178,0.1282715225541673,0.1479051156907494,0.4534504804121283,0.4591042182441102,0.4313774227459992,0.75,49554
0,0,0.4866326999293595,-0.2896312917778125,0.0510803894426436,-0.8516609922317622,0.132484428370131,0.5715371617460968,0.0541864731373086,-0.1417806950288363,-0.4864685772839422,0.1846846336412927,-0.0009688720422725,0.4060468917952878,0.2341922650046989,0.5549974019961417,0.0140576463190273,0.3547591622186937,-0.4289470243255512,0.1273973104704045,0.0152293951960787,-0.4844704194330868,0.0027958011959606,0.1321402465769226,0.0524971529590221,0.998562894971431,0.1299663533732784,0.000840779142992,0.888698528424315,0.0002029185103068,0.0655687867978563,0.744738069547906,0.2297179975755858,0.3226759588743298,0.4795390312788146,0.3869585260674902,0.7122999315086683,0.3384193364242871,0.4399805827743853,0.572357103159748,0.5142012940582728,0.5506605763784594,0.1221470276265178,0.1282715225541673,0.1479051156907494,0.4534504804121283,0.4591042182441102,0.4313774227459992,0.75,49565
0,0,0.4866326999293595,-0.2896312917778125,0.0510803894426436,-0.8516609922317622,0.132484428370131,0.5715371617460968,0.0541864731373086,-0.1417806950288363,-0.4864685772839422,0.1846846336412927,-0.0009688720422725,0.4060468917952878,0.2341922650046989,0.5549974019961417,0.0140576463190273,0.3547591622186937,-0.4289470243255512,0.1273973104704045,0.0152293951960787,-0.4844704194330868,0.0027958011959606,0.1321402465769226,0.0524971529590221,0.998562894971431,0.1299663533732784,0.000840779142992,0.888698528424315,0.0002029185103068,0.0655687867978563,0.744738069547906,0.2297179975755858,0.3226759588743298,0.4795390312788146,0.3869585260674902,0.7122999315086683,0.3384193364242871,0.4399805827743853,0.572357103159748,0.5142012940582728,0.5506605763784594,0.1221470276265178,0.1282715225541673,0.1479051156907494,0.4534504804121283,0.4591042182441102,0.4313774227459992,0.75,49576
0,0,0.4866326999293595,-0.2896312917778125,0.0510803894426436,-0.8516609922317622,0.132484428370131,0.5715371617460968,0.0541864731373086,-0.1417806950288363,-0.4864685772839422,0.1846846336412927,-0.0009688720422725,0.4060468917952878,0.2341922650046989,0.5549974019961417,0.0140576463190273,0.3547591622186937,-0.4289470243255512,0.1273973104704045,0.0152293951960787,-0.4844704194330868,0.0027958011959606,0.1321402465769226,0.0524971529590221,0.998562894971431,0.1299663533732784,0.000840779142992,0.888698528424315,0.0002029185103068,0.0655687867978563,0.744738069547906,0.2297179975755858,0.3226759588743298,0.4795390312788146,0.3869585260674902,0.7122999315086683,0.3384193364242871,0.4399805827743853,0.572357103159748,0.5142012940582728,0.5506605763784594,0.1221470276265178,0.1282715225541673,0.1479051156907494,0.4534504804121283,0.4591042182441102,0.4313774227459992,0.75,49587
0,0,0.4866326999293595,-0.2896312917778125,0.0510803894426436,-0.8516609922317622,0.132484428370131,0.5715371617460968,0.0541864731373086,-0.1417806950288363,-0.4864685772839422,0.1846846336412927,-0.0009688720422725,0.4060468917952878,0.2341922650046989,0.5549974019961417,0.0140576463190273,0.3547591622186937,-0.4289470243255512,0.1273973104704045,0.0152293951960787,-0.4844704194330868,0.0027958011959606,0.1321402465769226,0.0524971529590221,0.998562894971431,0.1299663533732784,0.000840779142992,0.888698528424315,0.0002029185103068,0.0655687867978563,0.744738069547906,0.2297179975755858,0.3226759588743298,0.4795390312788146,0.3869585260674902,0.7122999315086683,0.3384193364242871,0.4399805827743853,0.572357103159748,0.5142012940582728,0.5506605763784594,0.1221470276265178,0.1282715225541673,0.1479051156907494,0.4534504804121283,0.4591042182441102,0.4313774227459992,0.75,49598
0,0,0.4866326999293595,-0.2896312917778125,0.0510803894426436,-0.8516609922317622,0.132484428370131,0.5715371617460968,0.0541864731373086,-0.1417806950288363,-0.4864685772839422,0.1846846336412927,-0.0009688720422725,0.4060468917952878,0.2341922650046989,0.5549974019961417,0.0140576463190273,0.3547591622186937,-0.4289470243255512,0.1273973104704045,0.0152293951960787,-0.4844704194330868,0.0027958011959606,0.1321402465769226,0.0524971529590221,0.998562894971431,0.1299663533732784,0.000840779142992,0.888698528424315,0.0002029185103068,0.0655687867978563,0.744738069547906,0.2297179975755858,0.3226759588743298,0.4795390312788146,0.3869585260674902,0.7122999315086683,0.3384193364242871,0.4399805827743853,0.572357103159748,0.5142012940582728,0.5506605763784594,0.1221470276265178,0.1282715225541673,0.1479051156907494,0.4534504804121283,0.4591042182441102,0.4313774227459992,0.75,49608
0,0,0.4866326999293595,-0.2896312917778125,0.0510803894426436,-0.8516609922317622,0.132484428370131,0.5715371617460968,0.0541864731373086,-0.1417806950288363,-0.4864685772839422,0.1846846336412927,-0.0009688720422725,0.4060468917952878,0.2341922650046989,0.5549974019961417,0.0140576463190273,0.3547591622186937,-0.4289470243255512,0.1273973104704045,0.0152293951960787,-0.4844704194330868,0.0027958011959606,0.1321402465769226,0.0524971529590221,0.998562894971431,0.1299663533732784,0.000840779142992,0.888698528424315,0.0002029185103068,0.0655687867978563,0.744738069547906,0.2297179975755858,0.3226759588743298,0.4795390312788146,0.3869585260674902,0.7122999315086683,0.3384193364242871,0.4399805827743853,0.572357103159748,0.5142012940582728,0.5506605763784594,0.1221470276265178,0.1282715225541673,0.1479051156907494,0.4534504804121283,0.4591042182441102,0.4313774227459992,0.75,49618
0,0,0.4866326999293595,-0.2896312917778125,0.0510803894426436,-0.8516609922317622,0.132484428370131,0.5715371617460968,0.0541864731373086,-0.1417806950288363,-0.4864685772839422,0.1846846336412927,-0.0009688720422725,0.4060468917952878,0.2341922650046989,0.5549974019961417,0.0140576463190273,0.3547591622186937,-0.4289470243255512,0.1273973104704045,0.0152293951960787,-0.4844704194330868,0.0027958011959606,0.1321402465769226,0.0524971529590221,0.998562894971431,0.1299663533732784,0.000840779142992,0.888698528424315,0.0002029185103068,0.0655687867978563,0.744738069547906,0.2297179975755858,0.3226759588743298,0.4795390312788146,0.3869585260674902,0.7122999315086683,0.3384193364242871,0.4399805827743853,0.572357103159748,0.5142012940582728,0.5506605763784594,0.1221470276265178,0.1282715225541673,0.1479051156907494,0.4534504804121283,0.4591042182441102,0.4313774227459992,0.75,49629
0,0,0.4866326999293595,-0.2896312917778125,0.0510803894426436,-0.8516609922317622,0.132484428370131,0.5715371617460968,0.0541864731373086,-0.1417806950288363,-0.4864685772839422,0.1846846336412927,-0.0009688720422725,0.4060468917952878,0.2341922650046989,0.5549974019961417,0.0140576463190273,0.3547591622186937,-0.4289470243255512,0.1273973104704045,0.0152293951960787,-0.4844704194330868,0.0027958011959606,0.1321402465769226,0.0524971529590221,0.998562894971431,0.1299663533732784,0.000840779142992,0.888698528424315,0.0002029185103068,0.0655687867978563,0.744738069547906,0.2297179975755858,0.3226759588743298,0.4795390312788146,0.3869585260674902,0.7122999315086683,0.3384193364242871,0.4399805827743853,0.572357103159748,0.5142012940582728,0.5506605763784594,0.1221470276265178,0.1282715225541673,0.1479051156907494,0.4534504804121283,0.4591042182441102,0.4313774227459992,0.75,49639
0,0,0.4866326999293595,-0.2896312917778125,0.0510803894426436,-0.8516609922317622,0.132484428370131,0.5715371617460968,0.0541864731373086,-0.1417806950288363,-0.4864685772839422,0.1846846336412927,-0.0009688720422725,0.4060468917952878,0.2341922650046989,0.5549974019961417,0.0140576463190273,0.3547591622186937,-0.4289470243255512,0.1273973104704045,0.0152293951960787,-0.4844704194330868,0.0027958011959606,0.1321402465769226,0.0524971529590221,0.998562894971431,0.1299663533732784,0.000840779142992,0.888698528424315,0.0002029185103068,0.0655687867978563,0.744738069547906,0.2297179975755858,0.3226759588743298,0.4795390312788146,0.3869585260674902,0.7122999315086683,0.3384193364242871,0.4399805827743853,0.572357103159748,0.5142012940582728,0.5506605763784594,0.1221470276265178,0.1282715225541673,0.1479051156907494,0.4534504804121283,0.4591042182441102,0.4313774227459992,0.75,49649
0,0,0.4866326999293595,-0.2896312917778125,0.0510803894426436,-0.8516609922317622,0.132484428370131,0.5715371617460968,0.0541864731373086,-0.1417806950288363,-0.4864685772839422,0.1846846336412927,-0.0009688720422725,0.4060468917952878,0.2341922650046989,0.5549974019961417,0.0140576463190273,0.3547591622186937,-0.4289470243255512,0.1273973104704045,0.0152293951960787,-0.4844704194330868,0.0027958011959606,0.1321402465769226,0.0524971529590221,0.998562894971431,0.1299663533732784,0.000840779142992,0.888698528424315,0.0002029185103068,0.0655687867978563,0.744738069547906,0.2297179975755858,0.3226759588743298,0.4795390312788146,0.3869585260674902,0.7122999315086683,0.3384193364242871,0.4399805827743853,0.572357103159748,0.5142012940582728,0.5506605763784594,0.1221470276265178,0.1282715225541673,0.1479051156907494,0.4534504804121283,0.4591042182441102,0.4313774227459992,0.75,49660
0,0,0.4866326999293595,-0.2896312917778125,0.0510803894426436,-0.8516609922317622,0.132484428370131,0.5715371617460968,0.0541864731373086,-0.1417806950288363,-0.4864685772839422,0.1846846336412927,-0.0009688720422725,0.4060468917952878,0.2341922650046989,0.5549974019961417,0.0140576463190273,0.3547591622186937,-0.4289470243255512,0.1273973104704045,0.0152293951960787,-0.4844704194330868,0.0027958011959606,0.1321402465769226,0.0524971529590221,0.998562894971431,0.1299663533732784,0.000840779142992,0.888698528424315,0.0002029185103068,0.0655687867978563,0.744738069547906,0.2297179975755858,0.3226759588743298,0.4795390312788146,0.3869585260674902,0.7122999315086683,0.3384193364242871,0.4399805827743853,0.572357103159748,0.5142012940582728,0.5506605763784594,0.1221470276265178,0.1282715225541673,0.1479051156907494,0.4534504804121283,0.4591042182441102,0.4313774227459992,0.75,49671
0,0,0.4866326999293595,-0.2896312917778125,0.0510803894426436,-0.8516609922317622,0.132484428370131,0.5715371617460968,0.0541864731373086,-0.1417806950288363,-0.4864685772839422,0.1846846336412927,-0.0009688720422725,0.4060468917952878,0.2341922650046989,0.5549974019961417,0.0140576463190273,0.3547591622186937,-0.4289470243255512,0.1273973104704045,0.0152293951960787,-0.4844704194330868,0.0027958011959606,0.1321402465769226,0.0524971529590221,0.998562894971431,0.1299663533732784,0.000840779142992,0.888698528424315,0.0002029185103068,0.0655687867978563,0.744738069547906,0.2297179975755858,0.3226759588743298,0.4795390312788146,0.3869585260674902,0.7122999315086683,0.3384193364242871,0.4399805827743853,0.572357103159748,0.5142012940582728,0.5506605763784594,0.1221470276265178,0.1282715225541673,0.1479051156907494,0.4534504804121283,0.4591042182441102,0.4313774227459992,0.75,49682
0,0,0.4866326999293595,-0.2896312917778125,0.0510803894426436,-0.8516609922317622,0.132484428370131,0.5715371617460968,0.0541864731373086,-0.1417806950288363,-0.4864685772839422,0.1846846336412927,-0.0009688720422725,0.4060468917952878,0.2341922650046989,0.5549974019961417,0.0140576463190273,0.3547591622186937,-0.4289470243255512,0.1273973104704045,0.0152293951960787,-0.4844704194330868,0.0027958011959606,0.1321402465769226,0.0524971529590221,0.998562894971431,0.1299663533732784,0.000840779142992,0.888698528424315,0.0002029185103068,0.0655687867978563,0.744738069547906,0.2297179975755858,0.3226759588743298,0.4795390312788146,0.3869585260674902,0.7122999315086683,0.3384193364242871,0.4399805827743853,0.572357103159748,0.5142012940582728,0.5506605763784594,0.1221470276265178,0.1282715225541673,0.1479051156907494,0.4534504804121283,0.4591042182441102,0.4313774227459992,0.75,49692
0,0,0.4866326999293595,-0.2896312917778125,0.0510803894426436,-0.8516609922317622,0.132484428370131,0.5715371617460968,0.0541864731373086,-0.1417806950288363,-0.4864685772839422,0.1846846336412927,-0.0009688720422725,0.4060468917952878,0.2341922650046989,0.5549974019961417,0.0140576463190273,0.3547591622186937,-0.4289470243255512,0.1273973104704045,0.0152293951960787,-0.4844704194330868,0.0027958011959606,0.1321402465769226,0.0524971529590221,0.998562894971431,0.1299663533732784,0.000840779142992,0.888698528424315,0.0002029185103068,0.0655687867978563,0.744738069547906,0.2297179975755858,0.3226759588743298,0.4795390312788146,0.3869585260674902,0.7122999315086683,0.3384193364242871,0.4399805827743853,0.572357103159748,0.5142012940582728,0.5506605763784594,0.1221470276265178,0.1282715225541673,0.1479051156907494,0.4534504804121283,0.4591042182441102,0.4313774227459992,0.75,49702
0,0,0.4866326999293595,-0.2896312917778125,0.0510803894426436,-0.8516609922317622,0.132484428370131,0.5715371617460968,0.0541864731373086,-0.1417806950288363,-0.4864685772839422,0.1846846336412927,-0.0009688720422725,0.4060468917952878,0.2341922650046989,0.5549974019961417,0.0140576463190273,0.3547591622186937,-0.4289470243255512,0.1273973104704045,0.0152293951960787,-0.4844704194330868,0.0027958011959606,0.1321402465769226,0.0524971529590221,0.998562894971431,0.1299663533732784,0.000840779142992,0.888698528424315,0.0002029185103068,0.0655687867978563,0.744738069547906,0.2297179975755858,0.3226759588743298,0.4795390312788146,0.3869585260674902,0.7122999315086683,0.3384193364242871,0.4399805827743853,0.572357103159748,0.5142012940582728,0.5506605763784594,0.1221470276265178,0.1282715225541673,0.1479051156907494,0.4534504804121283,0.4591042182441102,0.4313774227459992,0.75,49712
0,0,0.4866326999293595,-0.2896312917778125,0.0510803894426436,-0.8516609922317622,0.132484428370131,0.5715371617460968,0.0541864731373086,-0.1417806950288363,-0.4864685772839422,0.1846846336412927,-0.0009688720422725,0.4060468917952878,0.2341922650046989,0.5549974019961417,0.0140576463190273,0.3547591622186937,-0.4289470243255512,0.1273973104704045,0.0152293951960787,-0.4844704194330868,0.0027958011959606,0.1321402465769226,0.0524971529590221,0.998562894971431,0.1299663533732784,0.000840779142992,0.888698528424315,0.0002029185103068,0.0655687867978563,0.744738069547906,0.2297179975755858,0.3226759588743298,0.4795390312788146,0.3869585260674902,0.7122999315086683,0.3384193364242871,0.4399805827743853,0.572357103159748,0.5142012940582728,0.5506605763784594,0.1221470276265178,0.1282715225541673,0.1479051156907494,0.4534504804121283,0.4591042182441102,0.4313774227459992,0.75,49723
0,0,0.4866326999293595,-0.2896312917778125,0.0510803894426436,-0.8516609922317622,0.132484428370131,0.5715371617460968,0.0541864731373086,-0.1417806950288363,-0.4864685772839422,0.1846846336412927,-0.0009688720422725,0.4060468917952878,0.2341922650046989,0.5549974019961417,0.0140576463190273,0.3547591622186937,-0.4289470243255512,0.1273973104704045,0.0152293951960787,-0.4844704194330868,0.0027958011959606,0.1321402465769226,0.0524971529590221,0.998562894971431,0.1299663533732784,0.000840779142992,0.888698528424315,0.0002029185103068,0.0655687867978563,0.744738069547906,0.2297179975755858,0.3226759588743298,0.4795390312788146,0.3869585260674902,0.7122999315086683,0.3384193364242871,0.4399805827743853,0.572357103159748,0.5142012940582728,0.5506605763784594,0.1221470276265178,0.1282715225541673,0.1479051156907494,0.4534504804121283,0.4591042182441102,0.4313774227459992,0.75,49734
0,0,0.4866326999293595,-0.2896312917778125,0.0510803894426436,-0.8516609922317622,0.132484428370131,0.5715371617460968,0.0541864731373086,-0.1417806950288363,-0.4864685772839422,0.1846846336412927,-0.0009688720422725,0.4060468917952878,0.2341922650046989,0.5549974019961417,0.0140576463190273,0.3547591622186937,-0.4289470243255512,0.1273973104704045,0.0152293951960787,-0.4844704194330868,0.0027958011959606,0.1321402465769226,0.0524971529590221,0.998562894971431,0.1299663533732784,0.000840779142992,0.888698528424315,0.0002029185103068,0.0655687867978563,0.744738069547906,0.2297179975755858,0.3226759588743298,0.4795390312788146,0.3869585260674902,0.7122999315086683,0.3384193364242871,0.4399805827743853,0.572357103159748,0.5142012940582728,0.5506605763784594,0.1221470276265178,0.1282715225541673,0.1479051156907494,0.4534504804121283,0.4591042182441102,0.4313774227459992,0.75,49745
0,0,0.4866326999293595,-0.2896312917778125,0.0510803894426436,-0.8516609922317622,0.132484428370131,0.5715371617460968,0.0541864731373086,-0.1417806950288363,-0.4864685772839422,0.1846846336412927,-0.0009688720422725,0.4060468917952878,0.2341922650046989,0.5549974019961417,0.0140576463190273,0.3547591622186937,-0.4289470243255512,0.1273973104704045,0.0152293951960787,-0.4844704194330868,0.0027958011959606,0.1321402465769226,0.0524971529590221,0.998562894971431,0.1299663533732784,0.000840779142992,0.888698528424315,0.0002029185103068,0.0655687867978563,0.744738069547906,0.2297179975755858,0.3226759588743298,0.4795390312788146,0.3869585260674902,0.7122999315086683,0.3384193364242871,0.4399805827743853,0.572357103159748,0.5142012940582728,0.5506605763784594,0.1221470276265178,0.1282715225541673,0.1479051156907494,0.4534504804121283,0.4591042182441102,0.4313774227459992,0.75,49755
0,0,0.4866326999293595,-0.2896312917778125,0.0510803894426436,-0.8516609922317622,0.132484428370131,0.5715371617460968,0.0541864731373086,-0.1417806950288363,-0.4864685772839422,0.1846846336412927,-0.0009688720422725,0.4060468917952878,0.2341922650046989,0.5549974019961417,0.0140576463190273,0.3547591622186937,-0.4289470243255512,0.1273973104704045,0.0152293951960787,-0.4844704194330868,0.0027958011959606,0.1321402465769226,0.0524971529590221,0.998562894971431,0.1299663533732784,0.000840779142992,0.888698528424315,0.0002029185103068,0.0655687867978563,0.744738069547906,0.2297179975755858,0.3226759588743298,0.4795390312788146,0.3869585260674902,0.7122999315086683,0.3384193364242871,0.4399805827743853,0.572357103159748,0.5142012940582728,0.5506605763784594,0.1221470276265178,0.1282715225541673,0.1479051156907494,0.4534504804121283,0.4591042182441102,0.4313774227459992,0.75,49766
0,0,0.4866326999293595,-0.2896312917778125,0.0510803894426436,-0.8516609922317622,0.132484428370131,0.5715371617460968,0.0541864731373086,-0.1417806950288363,-0.4864685772839422,0.1846846336412927,-0.0009688720422725,0.4060468917952878,0.2341922650046989,0.5549974019961417,0.0140576463190273,0.3547591622186937,-0.4289470243255512,0.1273973104704045,0.0152293951960787,-0.4844704194330868,0.0027958011959606,0.1321402465769226,0.0524971529590221,0.998562894971431,0.1299663533732784,0.000840779142992,0.888698528424315,0.0002029185103068,0.0655687867978563,0.744738069547906,0.2297179975755858,0.3226759588743298,0.4795390312788146,0.3869585260674902,0.7122999315086683,0.3384193364242871,0.4399805827743853,0.572357103159748,0.5142012940582728,0.5506605763784594,0.1221470276265178,0.1282715225541673,0.1479051156907494,0.4534504804121283,0.4591042182441102,0.4313774227459992,0.75,49777
0,0,0.4866326999293595,-0.2896312917778125,0.0510803894426436,-0.8516609922317622,0.132484428370131,0.5715371617460968,0.0541864731373086,-0.1417806950288363,-0.4864685772839422,0.1846846336412927,-0.0009688720422725,0.4060468917952878,0.2341922650046989,0.5549974019961417,0.0140576463190273,0.3547591622186937,-0.4289470243255512,0.1273973104704045,0.0152293951960787,-0.4844704194330868,0.0027958011959606,0.1321402465769226,0.0524971529590221,0.998562894971431,0.1299663533732784,0.000840779142992,0.888698528424315,0.0002029185103068,0.0655687867978563,0.744738069547906,0.2297179975755858,0.3226759588743298,0.4795390312788146,0.3869585260674902,0.7122999315086683,0.3384193364242871,0.4399805827743853,0.572357103159748,0.5142012940582728,0.5506605763784594,0.1221470276265178,0.1282715225541673,0.1479051156907494,0.4534504804121283,0.4591042182441102,0.4313774227459992,0.75,49787
0,0,0.4866326999293595,-0.2896312917778125,0.0510803894426436,-0.8516609922317622,0.132484428370131,0.5715371617460968,0.0541864731373086,-0.1417806950288363,-0.4864685772839422,0.1846846336412927,-0.0009688720422725,0.4060468917952878,0.2341922650046989,0.5549974019961417,0.0140576463190273,0.3547591622186937,-0.4289470243255512,0.1273973104704045,0.0152293951960787,-0.4844704194330868,0.0027958011959606,0.1321402465769226,0.0524971529590221,0.998562894971431,0.1299663533732784,0.000840779142992,0.888698528424315,0.0002029185103068,0.0655687867978563,0.744738069547906,0.2297179975755858,0.3226759588743298,0.4795390312788146,0.3869585260674902,0.7122999315086683,0.3384193364242871,0.4399805827743853,0.572357103159748,0.5142012940582728,0.5506605763784594,0.1221470276265178,0.1282715225541673,0.1479051156907494,0.4534504804121283,0.4591042182441102,0.4313774227459992,0.75,49806
0,0,0.4866326999293595,-0.2896312917778125,0.0510803894426436,-0.8516609922317622,0.132484428370131,0.5715371617460968,0.0541864731373086,-0.1417806950288363,-0.4864685772839422,0.1846846336412927,-0.0009688720422725,0.4060468917952878,0.2341922650046989,0.5549974019961417,0.0140576463190273,0.3547591622186937,-0.4289470243255512,0.1273973104704045,0.0152293951960787,-0.4844704194330868,0.0027958011959606,0.1321402465769226,0.0524971529590221,0.998562894971431,0.1299663533732784,0.000840779142992,0.888698528424315,0.0002029185103068,0.0655687867978563,0.744738069547906,0.2297179975755858,0.3226759588743298,0.4795390312788146,0.3869585260674902,0.7122999315086683,0.3384193364242871,0.4399805827743853,0.572357103159748,0.5142012940582728,0.5506605763784594,0.1221470276265178,0.1282715225541673,0.1479051156907494,0.4534504804121283,0.4591042182441102,0.4313774227459992,0.75,49816
0,0,0.4866326999293595,-0.2896312917778125,0.0510803894426436,-0.8516609922317622,0.132484428370131,0.5715371617460968,0.0541864731373086,-0.1417806950288363,-0.4864685772839422,0.1846846336412927,-0.0009688720422725,0.4060468917952878,0.2341922650046989,0.5549974019961417,0.0140576463190273,0.3547591622186937,-0.4289470243255512,0.1273973104704045,0.0152293951960787,-0.4844704194330868,0.0027958011959606,0.1321402465769226,0.0524971529590221,0.998562894971431,0.1299663533732784,0.000840779142992,0.888698528424315,0.0002029185103068,0.0655687867978563,0.744738069547906,0.2297179975755858,0.3226759588743298,0.4795390312788146,0.3869585260674902,0.7122999315086683,0.3384193364242871,0.4399805827743853,0.572357103159748,0.5142012940582728,0.5506605763784594,0.1221470276265178,0.1282715225541673,0.1479051156907494,0.4534504804121283,0.4591042182441102,0.4313774227459992,0.75,49827
0,0,0.4866326999293595,-0.2896312917778125,0.0510803894426436,-0.8516609922317622,0.132484428370131,0.5715371617460968,0.0541864731373086,-0.1417806950288363,-0.4864685772839422,0.1846846336412927,-0.0009688720422725,0.4060468917952878,0.2341922650046989,0.5549974019961417,0.0140576463190273,0.3547591622186937,-0.4289470243255512,0.1273973104704045,0.0152293951960787,-0.4844704194330868,0.0027958011959606,0.1321402465769226,0.0524971529590221,0.998562894971431,0.1299663533732784,0.000840779142992,0.888698528424315,0.0002029185103068,0.0655687867978563,0.744738069547906,0.2297179975755858,0.3226759588743298,0.4795390312788146,0.3869585260674902,0.7122999315086683,0.3384193364242871,0.4399805827743853,0.572357103159748,0.5142012940582728,0.5506605763784594,0.1221470276265178,0.1282715225541673,0.1479051156907494,0.4534504804121283,0.4591042182441102,0.4313774227459992,0.75,49846
0,0,0.4866326999293595,-0.2896312917778125,0.0510803894426436,-0.8516609922317622,0.132484428370131,0.5715371617460968,0.0541864731373086,-0.1417806950288363,-0.4864685772839422,0.1846846336412927,-0.0009688720422725,0.4060468917952878,0.2341922650046989,0.5549974019961417,0.0140576463190273,0.3547591622186937,-0.4289470243255512,0.1273973104704045,0.0152293951960787,-0.4844704194330868,0.0027958011959606,0.1321402465769226,0.0524971529590221,0.998562894971431,0.1299663533732784,0.000840779142992,0.888698528424315,0.0002029185103068,0.0655687867978563,0.744738069547906,0.2297179975755858,0.3226759588743298,0.4795390312788146,0.3869585260674902,0.7122999315086683,0.3384193364242871,0.4399805827743853,0.572357103159748,0.5142012940582728,0.5506605763784594,0.1221470276265178,0.1282715225541673,0.1479051156907494,0.4534504804121283,0.4591042182441102,0.4313774227459992,0.75,49857
0,0,0.4866326999293595,-0.2896312917778125,0.0510803894426436,-0.8516609922317622,0.132484428370131,0.5715371617460968,0.0541864731373086,-0.1417806950288363,-0.4864685772839422,0.1846846336412927,-0.0009688720422725,0.4060468917952878,0.2341922650046989,0.5549974019961417,0.0140576463190273,0.3547591622186937,-0.4289470243255512,0.1273973104704045,0.0152293951960787,-0.4844704194330868,0.0027958011959606,0.1321402465769226,0.0524971529590221,0.998562894971431,0.1299663533732784,0.000840779142992,0.888698528424315,0.0002029185103068,0.0655687867978563,0.744738069547906,0.2297179975755858,0.3226759588743298,0.4795390312788146,0.3869585260674902,0.7122999315086683,0.3384193364242871,0.4399805827743853,0.572357103159748,0.5142012940582728,0.5506605763784594,0.1221470276265178,0.1282715225541673,0.1479051156907494,0.4534504804121283,0.4591042182441102,0.4313774227459992,0.75,49867
0,0,0.4866326999293595,-0.2896312917778125,0.0510803894426436,-0.8516609922317622,0.132484428370131,0.5715371617460968,0.0541864731373086,-0.1417806950288363,-0.4864685772839422,0.1846846336412927,-0.0009688720422725,0.4060468917952878,0.2341922650046989,0.5549974019961417,0.0140576463190273,0.3547591622186937,-0.4289470243255512,0.1273973104704045,0.0152293951960787,-0.4844704194330868,0.0027958011959606,0.1321402465769226,0.0524971529590221,0.998562894971431,0.1299663533732784,0.000840779142992,0.888698528424315,0.0002029185103068,0.0655687867978563,0.744738069547906,0.2297179975755858,0.3226759588743298,0.4795390312788146,0.3869585260674902,0.7122999315086683,0.3384193364242871,0.4399805827743853,0.572357103159748,0.5142012940582728,0.5506605763784594,0.1221470276265178,0.1282715225541673,0.1479051156907494,0.4534504804121283,0.4591042182441102,0.4313774227459992,0.75,49877
0,0,0.4866326999293595,-0.2896312917778125,0.0510803894426436,-0.8516609922317622,0.132484428370131,0.5715371617460968,0.0541864731373086,-0.1417806950288363,-0.4864685772839422,0.1846846336412927,-0.0009688720422725,0.4060468917952878,0.2341922650046989,0.5549974019961417,0.0140576463190273,0.3547591622186937,-0.4289470243255512,0.1273973104704045,0.0152293951960787,-0.4844704194330868,0.0027958011959606,0.1321402465769226,0.0524971529590221,0.998562894971431,0.1299663533732784,0.000840779142992,0.888698528424315,0.0002029185103068,0.0655687867978563,0.744738069547906,0.2297179975755858,0.3226759588743298,0.4795390312788146,0.3869585260674902,0.7122999315086683,0.3384193364242871,0.4399805827743853,0.572357103159748,0.5142012940582728,0.5506605763784594,0.1221470276265178,0.1282715225541673,0.1479051156907494,0.4534504804121283,0.4591042182441102,0.4313774227459992,0.75,49887
0,0,0.4866326999293595,-0.2896312917778125,0.0510803894426436,-0.8516609922317622,0.132484428370131,0.5715371617460968,0.0541864731373086,-0.1417806950288363,-0.4864685772839422,0.1846846336412927,-0.0009688720422725,0.4060468917952878,0.2341922650046989,0.5549974019961417,0.0140576463190273,0.3547591622186937,-0.4289470243255512,0.1273973104704045,0.0152293951960787,-0.4844704194330868,0.0027958011959606,0.1321402465769226,0.0524971529590221,0.998562894971431,0.1299663533732784,0.000840779142992,0.888698528424315,0.0002029185103068,0.0655687867978563,0.744738069547906,0.2297179975755858,0.3226759588743298,0.4795390312788146,0.3869585260674902,0.7122999315086683,0.3384193364242871,0.4399805827743853,0.572357103159748,0.5142012940582728,0.5506605763784594,0.1221470276265178,0.1282715225541673,0.1479051156907494,0.4534504804121283,0.4591042182441102,0.4313774227459992,0.75,49897
0,0,0.4866326999293595,-0.2896312917778125,0.0510803894426436,-0.8516609922317622,0.132484428370131,0.5715371617460968,0.0541864731373086,-0.1417806950288363,-0.4864685772839422,0.1846846336412927,-0.0009688720422725,0.4060468917952878,0.2341922650046989,0.5549974019961417,0.0140576463190273,0.3547591622186937,-0.4289470243255512,0.1273973104704045,0.0152293951960787,-0.4844704194330868,0.0027958011959606,0.1321402465769226,0.0524971529590221,0.998562894971431,0.1299663533732784,0.000840779142992,0.888698528424315,0.0002029185103068,0.0655687867978563,0.744738069547906,0.2297179975755858,0.3226759588743298,0.4795390312788146,0.3869585260674902,0.7122999315086683,0.3384193364242871,0.4399805827743853,0.572357103159748,0.5142012940582728,0.5506605763784594,0.1221470276265178,0.1282715225541673,0.1479051156907494,0.4534504804121283,0.4591042182441102,0.4313774227459992,0.75,49907
0,0,0.4866326999293595,-0.2896312917778125,0.0510803894426436,-0.8516609922317622,0.132484428370131,0.5715371617460968,0.0541864731373086,-0.1417806950288363,-0.4864685772839422,0.1846846336412927,-0.0009688720422725,0.4060468917952878,0.2341922650046989,0.5549974019961417,0.0140576463190273,0.3547591622186937,-0.4289470243255512,0.1273973104704045,0.0152293951960787,-0.4844704194330868,0.0027958011959606,0.1321402465769226,0.0524971529590221,0.998562894971431,0.1299663533732784,0.000840779142992,0.888698528424315,0.0002029185103068,0.0655687867978563,0.744738069547906,0.2297179975755858,0.3226759588743298,0.4795390312788146,0.3869585260674902,0.7122999315086683,0.3384193364242871,0.4399805827743853,0.572357103159748,0.5142012940582728,0.5506605763784594,0.1221470276265178,0.1282715225541673,0.1479051156907494,0.4534504804121283,0.4591042182441102,0.4313774227459992,0.75,49918
0,0,0.4866326999293595,-0.2896312917778125,0.0510803894426436,-0.8516609922317622,0.132484428370131,0.5715371617460968,0.0541864731373086,-0.1417806950288363,-0.4864685772839422,0.1846846336412927,-0.0009688720422725,0.4060468917952878,0.2341922650046989,0.5549974019961417,0.0140576463190273,0.3547591622186937,-0.4289470243255512,0.1273973104704045,0.0152293951960787,-0.4844704194330868,0.0027958011959606,0.1321402465769226,0.0524971529590221,0.998562894971431,0.1299663533732784,0.000840779142992,0.888698528424315,0.0002029185103068,0.0655687867978563,0.744738069547906,0.2297179975755858,0.3226759588743298,0.4795390312788146,0.3869585260674902,0.7122999315086683,0.3384193364242871,0.4399805827743853,0.572357103159748,0.5142012940582728,0.5506605763784594,0.1221470276265178,0.1282715225541673,0.1479051156907494,0.4534504804121283,0.4591042182441102,0.4313774227459992,0.75,49928
0,0,0.4866326999293595,-0.2896312917778125,0.0510803894426436,-0.8516609922317622,0.132484428370131,0.5715371617460968,0.0541864731373086,-0.1417806950288363,-0.4864685772839422,0.1846846336412927,-0.0009688720422725,0.4060468917952878,0.2341922650046989,0.5549974019961417,0.0140576463190273,0.3547591622186937,-0.4289470243255512,0.1273973104704045,0.0152293951960787,-0.4844704194330868,0.0027958011959606,0.1321402465769226,0.0524971529590221,0.998562894971431,0.1299663533732784,0.000840779142992,0.888698528424315,0.0002029185103068,0.0655687867978563,0.744738069547906,0.2297179975755858,0.3226759588743298,0.4795390312788146,0.3869585260674902,0.7122999315086683,0.3384193364242871,0.4399805827743853,0.572357103159748,0.5142012940582728,0.5506605763784594,0.1221470276265178,0.1282715225541673,0.1479051156907494,0.4534504804121283,0.4591042182441102,0.4313774227459992,0.75,49938
0,0,0.4866326999293595,-0.2896312917778125,0.0510803894426436,-0.8516609922317622,0.132484428370131,0.5715371617460968,0.0541864731373086,-0.1417806950288363,-0.4864685772839422,0.1846846336412927,-0.0009688720422725,0.4060468917952878,0.2341922650046989,0.5549974019961417,0.0140576463190273,0.3547591622186937,-0.4289470243255512,0.1273973104704045,0.0152293951960787,-0.4844704194330868,0.0027958011959606,0.1321402465769226,0.0524971529590221,0.998562894971431,0.1299663533732784,0.000840779142992,0.888698528424315,0.0002029185103068,0.0655687867978563,0.744738069547906,0.2297179975755858,0.3226759588743298,0.4795390312788146,0.3869585260674902,0.7122999315086683,0.3384193364242871,0.4399805827743853,0.572357103159748,0.5142012940582728,0.5506605763784594,0.1221470276265178,0.1282715225541673,0.1479051156907494,0.4534504804121283,0.4591042182441102,0.4313774227459992,0.75,49948
0,0,0.4866326999293595,-0.2896312917778125,0.0510803894426436,-0.8516609922317622,0.132484428370131,0.5715371617460968,0.0541864731373086,-0.1417806950288363,-0.4864685772839422,0.1846846336412927,-0.0009688720422725,0.4060468917952878,0.2341922650046989,0.5549974019961417,0.0140576463190273,0.3547591622186937,-0.4289470243255512,0.1273973104704045,0.0152293951960787,-0.4844704194330868,0.0027958011959606,0.1321402465769226,0.0524971529590221,0.998562894971431,0.1299663533732784,0.000840779142992,0.888698528424315,0.0002029185103068,0.0655687867978563,0.744738069547906,0.2297179975755858,0.3226759588743298,0.4795390312788146,0.3869585260674902,0.7122999315086683,0.3384193364242871,0.4399805827743853,0.572357103159748,0.5142012940582728,0.5506605763784594,0.1221470276265178,0.1282715225541673,0.1479051156907494,0.4534504804121283,0.4591042182441102,0.4313774227459992,0.75,49958
0,0,0.4866326999293595,-0.2896312917778125,0.0510803894426436,-0.8516609922317622,0.132484428370131,0.5715371617460968,0.0541864731373086,-0.1417806950288363,-0.4864685772839422,0.1846846336412927,-0.0009688720422725,0.4060468917952878,0.2341922650046989,0.5549974019961417,0.0140576463190273,0.3547591622186937,-0.4289470243255512,0.1273973104704045,0.0152293951960787,-0.4844704194330868,0.0027958011959606,0.1321402465769226,0.0524971529590221,0.998562894971431,0.1299663533732784,0.000840779142992,0.888698528424315,0.0002029185103068,0.0655687867978563,0.744738069547906,0.2297179975755858,0.3226759588743298,0.4795390312788146,0.3869585260674902,0.7122999315086683,0.3384193364242871,0.4399805827743853,0.572357103159748,0.5142012940582728,0.5506605763784594,0.1221470276265178,0.1282715225541673,0.1479051156907494,0.4534504804121283,0.4591042182441102,0.4313774227459992,0.75,49968
0,0,0.4866326999293595,-0.2896312917778125,0.0510803894426436,-0.8516609922317622,0.132484428370131,0.5715371617460968,0.0541864731373086,-0.1417806950288363,-0.4864685772839422,0.1846846336412927,-0.0009688720422725,0.4060468917952878,0.2341922650046989,0.5549974019961417,0.0140576463190273,0.3547591622186937,-0.4289470243255512,0.1273973104704045,0.0152293951960787,-0.4844704194330868,0.0027958011959606,0.1321402465769226,0.0524971529590221,0.998562894971431,0.1299663533732784,0.000840779142992,0.888698528424315,0.0002029185103068,0.0655687867978563,0.744738069547906,0.2297179975755858,0.3226759588743298,0.4795390312788146,0.3869585260674902,0.7122999315086683,0.3384193364242871,0.4399805827743853,0.572357103159748,0.5142012940582728,0.5506605763784594,0.1221470276265178,0.1282715225541673,0.1479051156907494,0.4534504804121283,0.4591042182441102,0.4313774227459992,0.75,49979
0,0,0.4866326999293595,-0.2896312917778125,0.0510803894426436,-0.8516609922317622,0.132484428370131,0.5715371617460968,0.0541864731373086,-0.1417806950288363,-0.4864685772839422,0.1846846336412927,-0.0009688720422725,0.4060468917952878,0.2341922650046989,0.5549974019961417,0.0140576463190273,0.3547591622186937,-0.4289470243255512,0.1273973104704045,0.0152293951960787,-0.4844704194330868,0.0027958011959606,0.1321402465769226,0.0524971529590221,0.998562894971431,0.1299663533732784,0.000840779142992,0.888698528424315,0.0002029185103068,0.0655687867978563,0.744738069547906,0.2297179975755858,0.3226759588743298,0.4795390312788146,0.3869585260674902,0.7122999315086683,0.3384193364242871,0.4399805827743853,0.572357103159748,0.5142012940582728,0.5506605763784594,0.1221470276265178,0.1282715225541673,0.1479051156907494,0.4534504804121283,0.4591042182441102,0.4313774227459992,0.75,49989
0,0,0.4866326999293595,-0.2896312917778125,0.0510803894426436,-0.8516609922317622,0.132484428370131,0.5715371617460968,0.0541864731373086,-0.1417806950288363,-0.4864685772839422,0.1846846336412927,-0.0009688720422725,0.4060468917952878,0.2341922650046989,0.5549974019961417,0.0140576463190273,0.3547591622186937,-0.4289470243255512,0.1273973104704045,0.0152293951960787,-0.4844704194330868,0.0027958011959606,0.1321402465769226,0.0524971529590221,0.998562894971431,0.1299663533732784,0.000840779142992,0.888698528424315,0.0002029185103068,0.0655687867978563,0.744738069547906,0.2297179975755858,0.3226759588743298,0.4795390312788146,0.3869585260674902,0.7122999315086683,0.3384193364242871,0.4399805827743853,0.572357103159748,0.5142012940582728,0.5506605763784594,0.1221470276265178,0.1282715225541673,0.1479051156907494,0.4534504804121283,0.4591042182441102,0.4313774227459992,0.75,49999
0,0,0.4866326999293595,-0.2896312917778125,0.0510803894426436,-0.8516609922317622,0.132484428370131,0.5715371617460968,0.0541864731373086,-0.1417806950288363,-0.4864685772839422,0.1846846336412927,-0.0009688720422725,0.4060468917952878,0.2341922650046989,0.5549974019961417,0.0140576463190273,0.3547591622186937,-0.4289470243255512,0.1273973104704045,0.0152293951960787,-0.4844704194330868,0.0027958011959606,0.1321402465769226,0.0524971529590221,0.998562894971431,0.1299663533732784,0.000840779142992,0.888698528424315,0.0002029185103068,0.0655687867978563,0.744738069547906,0.2297179975755858,0.3226759588743298,0.4795390312788146,0.3869585260674902,0.7122999315086683,0.3384193364242871,0.4399805827743853,0.572357103159748,0.5142012940582728,0.5506605763784594,0.1221470276265178,0.1282715225541673,0.1479051156907494,0.4534504804121283,0.4591042182441102,0.4313774227459992,0.75,50009
0,0,0.8611321369107228,-0.301765313277839,0.2117473313125712,-0.8501418016187574,0.7521058732402998,-0.1027081832994895,0.8487314495374609,-0.1405773520987076,-0.7614531420813382,0.3195284792462471,-0.4683383622028966,0.7007812987625246,0.797205673564499,0.6042248467728369,-0.0305665614562554,0.556618708774979,-0.7266260174938248,0.1404300000262652,-0.0909964321464445,-0.6106011249948362,0.0038035145228964,0.1318999270720717,0.0524298117699747,1.0,0.129918148463398,0.000411747047461,0.8906495881839059,0.0001,0.0669233232898114,0.7433629270429749,0.1477362283863928,0.0849414935212601,0.5211950576860817,0.2559109522357338,0.7577863878113864,0.1940930126760431,0.7380636312993897,0.6153528442287197,0.6228163957100423,0.5861793873806771,0.147043064999287,0.1764306161875003,0.1477649907541243,0.4539742404026295,0.4604631810018615,0.137491966583931,0.78,5035
0,0,0.8611321369107228,-0.301765313277839,0.2117473313125712,-0.8501418016187574,0.7521058732402998,-0.1027081832994895,0.8487314495374609,-0.1405773520987076,-0.7614531420813382,0.3195284792462471,-0.4683383622028966,0.7007812987625246,0.797205673564499,0.6042248467728369,-0.0305665614562554,0.556618708774979,-0.7266260174938248,0.1404300000262652,-0.0909964321464445,-0.6106011249948362,0.0038035145228964,0.1318999270720717,0.0524298117699747,1.0,0.129918148463398,0.000411747047461,0.8906495881839059,0.0001,0.0669233232898114,0.7433629270429749,0.1477362283863928,0.0849414935212601,0.5211950576860817,0.2559109522357338,0.7577863878113864,0.1940930126760431,0.7380636312993897,0.6153528442287197,0.6228163957100423,0.5861793873806771,0.147043064999287,0.1764306161875003,0.1477649907541243,0.4539742404026295,0.4604631810018615,0.137491966583931,0.78,5131
0,0,0.8611321369107228,-0.301765313277839,0.2117473313125712,-0.8501418016187574,0.7521058732402998,-0.1027081832994895,0.8487314495374609,-0.1405773520987076,-0.7614531420813382,0.3195284792462471,-0.4683383622028966,0.7007812987625246,0.797205673564499,0.6042248467728369,-0.0305665614562554,0.556618708774979,-0.7266260174938248,0.1404300000262652,-0.0909964321464445,-0.6106011249948362,0.0038035145228964,0.1318999270720717,0.0524298117699747,1.0,0.129918148463398,0.000411747047461,0.8906495881839059,0.0001,0.0669233232898114,0.7433629270429749,0.1477362283863928,0.0849414935212601,0.5211950576860817,0.2559109522357338,0.7577863878113864,0.1940930126760431,0.7380636312993897,0.6153528442287197,0.6228163957100423,0.5861793873806771,0.147043064999287,0.1764306161875003,0.1477649907541243,0.4539742404026295,0.4604631810018615,0.137491966583931,0.78,5228
0,0,0.8611321369107228,-0.301765313277839,0.2117473313125712,-0.8501418016187574,0.7521058732402998,-0.1027081832994895,0.8487314495374609,-0.1405773520987076,-0.7614531420813382,0.3195284792462471,-0.4683383622028966,0.7007812987625246,0.797205673564499,0.6042248467728369,-0.0305665614562554,0.556618708774979,-0.7266260174938248,0.1404300000262652,-0.0909964321464445,-0.6106011249948362,0.0038035145228964,0.1318999270720717,0.0524298117699747,1.0,0.129918148463398,0.000411747047461,0.8906495881839059,0.0001,0.0669233232898114,0.7433629270429749,0.1477362283863928,0.0849414935212601,0.5211950576860817,0.2559109522357338,0.7577863878113864,0.1940930126760431,0.7380636312993897,0.6153528442287197,0.6228163957100423,0.5861793873806771,0.147043064999287,0.1764306161875003,0.1477649907541243,0.4539742404026295,0.4604631810018615,0.137491966583931,0.78,5326
0,0,0.8611321369107228,-0.301765313277839,0.2117473313125712,-0.8501418016187574,0.7521058732402998,-0.1027081832994895,0.8487314495374609,-0.1405773520987076,-0.7614531420813382,0.3195284792462471,-0.4683383622028966,0.7007812987625246,0.797205673564499,0.6042248467728369,-0.0305665614562554,0.556618708774979,-0.7266260174938248,0.1404300000262652,-0.0909964321464445,-0.6106011249948362,0.0038035145228964,0.1318999270720717,0.0524298117699747,1.0,0.129918148463398,0.000411747047461,0.8906495881839059,0.0001,0.0669233232898114,0.7433629270429749,0.1477362283863928,0.0849414935212601,0.5211950576860817,0.2559109522357338,0.7577863878113864,0.1940930126760431,0.7380636312993897,0.6153528442287197,0.6228163957100423,0.5861793873806771,0.147043064999287,0.1764306161875003,0.1477649907541243,0.4539742404026295,0.4604631810018615,0.137491966583931,0.78,5421
0,0,0.8611321369107228,-0.301765313277839,0.2117473313125712,-0.8501418016187574,0.7521058732402998,-0.1027081832994895,0.8487314495374609,-0.1405773520987076,-0.7614531420813382,0.3195284792462471,-0.4683383622028966,0.7007812987625246,0.797205673564499,0.6042248467728369,-0.0305665614562554,0.556618708774979,-0.7266260174938248,0.1404300000262652,-0.0909964321464445,-0.6106011249948362,0.0038035145228964,0.1318999270720717,0.0524298117699747,1.0,0.129918148463398,0.000411747047461,0.8906495881839059,0.0001,0.0669233232898114,0.7433629270429749,0.1477362283863928,0.0849414935212601,0.5211950576860817,0.2559109522357338,0.7577863878113864,0.1940930126760431,0.7380636312993897,0.6153528442287197,0.6228163957100423,0.5861793873806771,0.147043064999287,0.1764306161875003,0.1477649907541243,0.4539742404026295,0.4604631810018615,0.137491966583931,0.78,5518
0,0,0.8611321369107228,-0.301765313277839,0.2117473313125712,-0.8501418016187574,0.7521058732402998,-0.1027081832994895,0.8487314495374609,-0.1405773520987076,-0.7614531420813382,0.3195284792462471,-0.4683383622028966,0.7007812987625246,0.797205673564499,0.6042248467728369,-0.0305665614562554,0.556618708774979,-0.7266260174938248,0.1404300000262652,-0.0909964321464445,-0.6106011249948362,0.0038035145228964,0.1318999270720717,0.0524298117699747,1.0,0.129918148463398,0.000411747047461,0.8906495881839059,0.0001,0.0669233232898114,0.7433629270429749,0.1477362283863928,0.0849414935212601,0.5211950576860817,0.2559109522357338,0.7577863878113864,0.1940930126760431,0.7380636312993897,0.6153528442287197,0.6228163957100423,0.5861793873806771,0.147043064999287,0.1764306161875003,0.1477649907541243,0.4539742404026295,0.4604631810018615,0.137491966583931,0.78,5613
0,0,0.8611321369107228,-0.301765313277839,0.2117473313125712,-0.8501418016187574,0.7521058732402998,-0.1027081832994895,0.8487314495374609,-0.1405773520987076,-0.7614531420813382,0.3195284792462471,-0.4683383622028966,0.7007812987625246,0.797205673564499,0.6042248467728369,-0.0305665614562554,0.556618708774979,-0.7266260174938248,0.1404300000262652,-0.0909964321464445,-0.6106011249948362,0.0038035145228964,0.1318999270720717,0.0524298117699747,1.0,0.129918148463398,0.000411747047461,0.8906495881839059,0.0001,0.0669233232898114,0.7433629270429749,0.1477362283863928,0.0849414935212601,0.5211950576860817,0.2559109522357338,0.7577863878113864,0.1940930126760431,0.7380636312993897,0.6153528442287197,0.6228163957100423,0.5861793873806771,0.147043064999287,0.1764306161875003,0.1477649907541243,0.4539742404026295,0.4604631810018615,0.137491966583931,0.78,5712
0,0,-0.096855767918558,-0.3108521533107707,0.2089690972288819,-0.84574254273724,0.7480390858119187,-0.1008576411717661,0.8443662096737158,-0.1409166914981816,-0.683160665069012,0.3286206527664643,-0.4681890317025226,0.7566468741744704,0.7483894539839654,0.5866959598965698,-0.7220899104668004,0.7536157843776384,-0.7289287189485402,0.0864205196602338,-0.0879076220313797,-0.6131989296644594,0.0056570750859058,0.1326394563843845,0.0525432662424083,1.0,0.1302375270180899,0.0010043798741338,0.8804095594777211,0.0001,0.0664336345597874,0.7422486547195418,0.1478400664858467,0.1062210569523113,0.0001,0.2239011011890639,0.1744354597927928,0.1940298382183629,0.7206437068215517,0.6158689698140412,0.6851885982129043,0.027947901565828,0.1466783926019788,0.6876072331583931,0.429970638271992,0.7765304633275983,0.4560770089473597,0.1423909591971934,0.92,580
0,0,0.8611321369107228,-0.301765313277839,0.2117473313125712,-0.8501418016187574,0.7521058732402998,-0.1027081832994895,0.8487314495374609,-0.1405773520987076,-0.7614531420813382,0.3195284792462471,-0.4683383622028966,0.7007812987625246,0.797205673564499,0.6042248467728369,-0.0305665614562554,0.556618708774979,-0.7266260174938248,0.1404300000262652,-0.0909964321464445,-0.6106011249948362,0.0038035145228964,0.1318999270720717,0.0524298117699747,1.0,0.129918148463398,0.000411747047461,0.8906495881839059,0.0001,0.0669233232898114,0.7433629270429749,0.1477362283863928,0.0849414935212601,0.5211950576860817,0.2559109522357338,0.7577863878113864,0.1940930126760431,0.7380636312993897,0.6153528442287197,0.6228163957100423,0.5861793873806771,0.147043064999287,0.1764306161875003,0.1477649907541243,0.4539742404026295,0.4604631810018615,0.137491966583931,0.78,5807
0,0,0.8611321369107228,-0.301765313277839,0.2117473313125712,-0.8501418016187574,0.7521058732402998,-0.1027081832994895,0.8487314495374609,-0.1405773520987076,-0.7614531420813382,0.3195284792462471,-0.4683383622028966,0.7007812987625246,0.797205673564499,0.6042248467728369,-0.0305665614562554,0.556618708774979,-0.7266260174938248,0.1404300000262652,-0.0909964321464445,-0.6106011249948362,0.0038035145228964,0.1318999270720717,0.0524298117699747,1.0,0.129918148463398,0.000411747047461,0.8906495881839059,0.0001,0.0669233232898114,0.7433629270429749,0.1477362283863928,0.0849414935212601,0.5211950576860817,0.2559109522357338,0.7577863878113864,0.1940930126760431,0.7380636312993897,0.6153528442287197,0.6228163957100423,0.5861793873806771,0.147043064999287,0.1764306161875003,0.1477649907541243,0.4539742404026295,0.4604631810018615,0.137491966583931,0.78,5906
0,0,0.8515820727818987,-0.3102868188827299,0.2099817378739689,-0.8501418016187575,0.75109542303634,0.572417393540603,-0.1562753014805711,-0.1416366820533515,-0.7978997938316856,0.3236205791246425,-0.0227923545401725,0.6944368661843512,0.7955514680521634,0.5948481036603745,-0.0899149300929166,0.5596120727206025,-0.7235621864636764,0.0778979877221119,-0.0533651629058409,-0.6097181180560027,0.003937260618411,0.1318858764105538,0.0524213653614924,0.9976580474408536,0.1300963469072261,0.0005519856048086,0.88979340849376,0.0001008871605598,0.0658182907952454,0.7431892773264634,0.1404756509027517,0.1196879611296611,0.5211393899978968,0.2559991136314509,0.7483514103385929,0.194852546350827,0.4409087435961168,0.61706261130995,0.5933610877701182,0.5415672825524876,0.1470404581661109,0.1764306161875002,0.1477649907541243,0.4509541929948306,0.4720251678567828,0.137491966583931,0.77,6006
0,0,0.8515820727818987,-0.3102868188827299,0.2099817378739689,-0.8501418016187575,0.75109542303634,0.572417393540603,-0.1562753014805711,-0.1416366820533515,-0.7978997938316856,0.3236205791246425,-0.0227923545401725,0.6944368661843512,0.7955514680521634,0.5948481036603745,-0.0899149300929166,0.5596120727206025,-0.7235621864636764,0.0778979877221119,-0.0533651629058409,-0.6097181180560027,0.003937260618411,0.1318858764105538,0.0524213653614924,0.9976580474408536,0.1300963469072261,0.0005519856048086,0.88979340849376,0.0001008871605598,0.0658182907952454,0.7431892773264634,0.1404756509027517,0.1196879611296611,0.5211393899978968,0.2559991136314509,0.7483514103385929,0.194852546350827,0.4409087435961168,0.61706261130995,0.5933610877701182,0.5415672825524876,0.1470404581661109,0.1764306161875002,0.1477649907541243,0.4509541929948306,0.4720251678567828,0.137491966583931,0.77,6098
0,0,0.8515820727818987,-0.3102868188827299,0.2099817378739689,-0.8501418016187575,0.75109542303634,0.572417393540603,-0.1562753014805711,-0.1416366820533515,-0.7978997938316856,0.3236205791246425,-0.0227923545401725,0.6944368661843512,0.7955514680521634,0.5948481036603745,-0.0899149300929166,0.5596120727206025,-0.7235621864636764,0.0778979877221119,-0.0533651629058409,-0.6097181180560027,0.003937260618411,0.1318858764105538,0.0524213653614924,0.9976580474408536,0.1300963469072261,0.0005519856048086,0.88979340849376,0.0001008871605598,0.0658182907952454,0.7431892773264634,0.1404756509027517,0.1196879611296611,0.5211393899978968,0.2559991136314509,0.7483514103385929,0.194852546350827,0.4409087435961168,0.61706261130995,0.5933610877701182,0.5415672825524876,0.1470404581661109,0.1764306161875002,0.1477649907541243,0.4509541929948306,0.4720251678567828,0.137491966583931,0.77,6192
0,0,0.8515820727818987,-0.3102868188827299,0.2099817378739689,-0.8501418016187575,0.75109542303634,0.572417393540603,-0.1562753014805711,-0.1416366820533515,-0.7978997938316856,0.3236205791246425,-0.0227923545401725,0.6944368661843512,0.7955514680521634,0.5948481036603745,-0.0899149300929166,0.5596120727206025,-0.7235621864636764,0.0778979877221119,-0.0533651629058409,-0.6097181180560027,0.003937260618411,0.1318858764105538,0.0524213653614924,0.9976580474408536,0.1300963469072261,0.0005519856048086,0.88979340849376,0.0001008871605598,0.0658182907952454,0.7431892773264634,0.1404756509027517,0.1196879611296611,0.5211393899978968,0.2559991136314509,0.7483514103385929,0.194852546350827,0.4409087435961168,0.61706261130995,0.5933610877701182,0.5415672825524876,0.1470404581661109,0.1764306161875002,0.1477649907541243,0.4509541929948306,0.4720251678567828,0.137491966583931,0.77,6287
0,0,0.8515820727818987,-0.3102868188827299,0.2099817378739689,-0.8501418016187575,0.75109542303634,0.572417393540603,-0.1562753014805711,-0.1416366820533515,-0.7978997938316856,0.3236205791246425,-0.0227923545401725,0.6944368661843512,0.7955514680521634,0.5948481036603745,-0.0899149300929166,0.5596120727206025,-0.7235621864636764,0.0778979877221119,-0.0533651629058409,-0.6097181180560027,0.003937260618411,0.1318858764105538,0.0524213653614924,0.9976580474408536,0.1300963469072261,0.0005519856048086,0.88979340849376,0.0001008871605598,0.0658182907952454,0.7431892773264634,0.1404756509027517,0.1196879611296611,0.5211393899978968,0.2559991136314509,0.7483514103385929,0.194852546350827,0.4409087435961168,0.61706261130995,0.5933610877701182,0.5415672825524876,0.1470404581661109,0.1764306161875002,0.1477649907541243,0.4509541929948306,0.4720251678567828,0.137491966583931,0.77,6382
0,0,0.8515820727818987,-0.3102868188827299,0.2099817378739689,-0.8501418016187575,0.75109542303634,0.572417393540603,-0.1562753014805711,-0.1416366820533515,-0.7978997938316856,0.3236205791246425,-0.0227923545401725,0.6944368661843512,0.7955514680521634,0.5948481036603745,-0.0899149300929166,0.5596120727206025,-0.7235621864636764,0.0778979877221119,-0.0533651629058409,-0.6097181180560027,0.003937260618411,0.1318858764105538,0.0524213653614924,0.9976580474408536,0.1300963469072261,0.0005519856048086,0.88979340849376,0.0001008871605598,0.0658182907952454,0.7431892773264634,0.1404756509027517,0.1196879611296611,0.5211393899978968,0.2559991136314509,0.7483514103385929,0.194852546350827,0.4409087435961168,0.61706261130995,0.5933610877701182,0.5415672825524876,0.1470404581661109,0.1764306161875002,0.1477649907541243,0.4509541929948306,0.4720251678567828,0.137491966583931,0.77,6477
0,0,0.8515820727818987,-0.3102868188827299,0.2099817378739689,-0.8501418016187575,0.75109542303634,0.572417393540603,-0.1562753014805711,-0.1416366820533515,-0.7978997938316856,0.3236205791246425,-0.0227923545401725,0.6944368661843512,0.7955514680521634,0.5948481036603745,-0.0899149300929166,0.5596120727206025,-0.7235621864636764,0.0778979877221119,-0.0533651629058409,-0.6097181180560027,0.003937260618411,0.1318858764105538,0.0524213653614924,0.9976580474408536,0.1300963469072261,0.0005519856048086,0.88979340849376,0.0001008871605598,0.0658182907952454,0.7431892773264634,0.1404756509027517,0.1196879611296611,0.5211393899978968,0.2559991136314509,0.7483514103385929,0.194852546350827,0.4409087435961168,0.61706261130995,0.5933610877701182,0.5415672825524876,0.1470404581661109,0.1764306161875002,0.1477649907541243,0.4509541929948306,0.4720251678567828,0.137491966583931,0.77,6568
0,0,0.8515820727818987,-0.3102868188827299,0.2099817378739689,-0.8501418016187575,0.75109542303634,0.572417393540603,-0.1562753014805711,-0.1416366820533515,-0.7978997938316856,0.3236205791246425,-0.0227923545401725,0.6944368661843512,0.7955514680521634,0.5948481036603745,-0.0899149300929166,0.5596120727206025,-0.7235621864636764,0.0778979877221119,-0.0533651629058409,-0.6097181180560027,0.003937260618411,0.1318858764105538,0.0524213653614924,0.9976580474408536,0.1300963469072261,0.0005519856048086,0.88979340849376,0.0001008871605598,0.0658182907952454,0.7431892773264634,0.1404756509027517,0.1196879611296611,0.5211393899978968,0.2559991136314509,0.7483514103385929,0.194852546350827,0.4409087435961168,0.61706261130995,0.5933610877701182,0.5415672825524876,0.1470404581661109,0.1764306161875002,0.1477649907541243,0.4509541929948306,0.4720251678567828,0.137491966583931,0.77,6660
0,0,0.8515820727818987,-0.3102868188827299,0.2099817378739689,-0.8501418016187575,0.75109542303634,0.572417393540603,-0.1562753014805711,-0.1416366820533515,-0.7978997938316856,0.3236205791246425,-0.0227923545401725,0.6944368661843512,0.7955514680521634,0.5948481036603745,-0.0899149300929166,0.5596120727206025,-0.7235621864636764,0.0778979877221119,-0.0533651629058409,-0.6097181180560027,0.003937260618411,0.1318858764105538,0.0524213653614924,0.9976580474408536,0.1300963469072261,0.0005519856048086,0.88979340849376,0.0001008871605598,0.0658182907952454,0.7431892773264634,0.1404756509027517,0.1196879611296611,0.5211393899978968,0.2559991136314509,0.7483514103385929,0.194852546350827,0.4409087435961168,0.61706261130995,0.5933610877701182,0.5415672825524876,0.1470404581661109,0.1764306161875002,0.1477649907541243,0.4509541929948306,0.4720251678567828,0.137491966583931,0.77,6752
0,0,-0.096855767918558,-0.3108521533107707,0.2089690972288819,-0.84574254273724,0.7480390858119187,-0.1008576411717661,0.8443662096737158,-0.1409166914981816,-0.683160665069012,0.3286206527664643,-0.4681890317025226,0.7566468741744704,0.7483894539839654,0.5866959598965698,-0.7220899104668004,0.7536157843776384,-0.7289287189485402,0.0864205196602338,-0.0879076220313797,-0.6131989296644594,0.0056570750859058,0.1326394563843845,0.0525432662424083,1.0,0.1302375270180899,0.0010043798741338,0.8804095594777211,0.0001,0.0664336345597874,0.7422486547195418,0.1478400664858467,0.1062210569523113,0.0001,0.2239011011890639,0.1744354597927928,0.1940298382183629,0.7206437068215517,0.6158689698140412,0.6851885982129043,0.027947901565828,0.1466783926019788,0.6876072331583931,0.429970638271992,0.7765304633275983,0.4560770089473597,0.1423909591971934,0.92,676
0,0,0.8515820727818987,-0.3102868188827299,0.2099817378739689,-0.8501418016187575,0.75109542303634,0.572417393540603,-0.1562753014805711,-0.1416366820533515,-0.7978997938316856,0.3236205791246425,-0.0227923545401725,0.6944368661843512,0.7955514680521634,0.5948481036603745,-0.0899149300929166,0.5596120727206025,-0.7235621864636764,0.0778979877221119,-0.0533651629058409,-0.6097181180560027,0.003937260618411,0.1318858764105538,0.0524213653614924,0.9976580474408536,0.1300963469072261,0.0005519856048086,0.88979340849376,0.0001008871605598,0.0658182907952454,0.7431892773264634,0.1404756509027517,0.1196879611296611,0.5211393899978968,0.2559991136314509,0.7483514103385929,0.194852546350827,0.4409087435961168,0.61706261130995,0.5933610877701182,0.5415672825524876,0.1470404581661109,0.1764306161875002,0.1477649907541243,0.4509541929948306,0.4720251678567828,0.137491966583931,0.77,6843
0,0,0.8515820727818987,-0.3102868188827299,0.2099817378739689,-0.8501418016187575,0.75109542303634,0.572417393540603,-0.1562753014805711,-0.1416366820533515,-0.7978997938316856,0.3236205791246425,-0.0227923545401725,0.6944368661843512,0.7955514680521634,0.5948481036603745,-0.0899149300929166,0.5596120727206025,-0.7235621864636764,0.0778979877221119,-0.0533651629058409,-0.6097181180560027,0.003937260618411,0.1318858764105538,0.0524213653614924,0.9976580474408536,0.1300963469072261,0.0005519856048086,0.88979340849376,0.0001008871605598,0.0658182907952454,0.7431892773264634,0.1404756509027517,0.1196879611296611,0.5211393899978968,0.2559991136314509,0.7483514103385929,0.194852546350827,0.4409087435961168,0.61706261130995,0.5933610877701182,0.5415672825524876,0.1470404581661109,0.1764306161875002,0.1477649907541243,0.4509541929948306,0.4720251678567828,0.137491966583931,0.77,6933
0,0,0.8515820727818987,-0.3102868188827299,0.2099817378739689,-0.8501418016187575,0.75109542303634,0.572417393540603,-0.1562753014805711,-0.1416366820533515,-0.7978997938316856,0.3236205791246425,-0.0227923545401725,0.6944368661843512,0.7955514680521634,0.5948481036603745,-0.0899149300929166,0.5596120727206025,-0.7235621864636764,0.0778979877221119,-0.0533651629058409,-0.6097181180560027,0.003937260618411,0.1318858764105538,0.0524213653614924,0.9976580474408536,0.1300963469072261,0.0005519856048086,0.88979340849376,0.0001008871605598,0.0658182907952454,0.7431892773264634,0.1404756509027517,0.1196879611296611,0.5211393899978968,0.2559991136314509,0.7483514103385929,0.194852546350827,0.4409087435961168,0.61706261130995,0.5933610877701182,0.5415672825524876,0.1470404581661109,0.1764306161875002,0.1477649907541243,0.4509541929948306,0.4720251678567828,0.137491966583931,0.77,7027
0,0,0.8515820727818987,-0.3102868188827299,0.2099817378739689,-0.8501418016187575,0.75109542303634,0.572417393540603,-0.1562753014805711,-0.1416366820533515,-0.7978997938316856,0.3236205791246425,-0.0227923545401725,0.6944368661843512,0.7955514680521634,0.5948481036603745,-0.0899149300929166,0.5596120727206025,-0.7235621864636764,0.0778979877221119,-0.0533651629058409,-0.6097181180560027,0.003937260618411,0.1318858764105538,0.0524213653614924,0.9976580474408536,0.1300963469072261,0.0005519856048086,0.88979340849376,0.0001008871605598,0.0658182907952454,0.7431892773264634,0.1404756509027517,0.1196879611296611,0.5211393899978968,0.2559991136314509,0.7483514103385929,0.194852546350827,0.4409087435961168,0.61706261130995,0.5933610877701182,0.5415672825524876,0.1470404581661109,0.1764306161875002,0.1477649907541243,0.4509541929948306,0.4720251678567828,0.137491966583931,0.77,7119
0,0,0.8515820727818987,-0.3102868188827299,0.2099817378739689,-0.8501418016187575,0.75109542303634,0.572417393540603,-0.1562753014805711,-0.1416366820533515,-0.7978997938316856,0.3236205791246425,-0.0227923545401725,0.6944368661843512,0.7955514680521634,0.5948481036603745,-0.0899149300929166,0.5596120727206025,-0.7235621864636764,0.0778979877221119,-0.0533651629058409,-0.6097181180560027,0.003937260618411,0.1318858764105538,0.0524213653614924,0.9976580474408536,0.1300963469072261,0.0005519856048086,0.88979340849376,0.0001008871605598,0.0658182907952454,0.7431892773264634,0.1404756509027517,0.1196879611296611,0.5211393899978968,0.2559991136314509,0.7483514103385929,0.194852546350827,0.4409087435961168,0.61706261130995,0.5933610877701182,0.5415672825524876,0.1470404581661109,0.1764306161875002,0.1477649907541243,0.4509541929948306,0.4720251678567828,0.137491966583931,0.77,7214
0,0,0.8515820727818987,-0.3102868188827299,0.2099817378739689,-0.8501418016187575,0.75109542303634,0.572417393540603,-0.1562753014805711,-0.1416366820533515,-0.7978997938316856,0.3236205791246425,-0.0227923545401725,0.6944368661843512,0.7955514680521634,0.5948481036603745,-0.0899149300929166,0.5596120727206025,-0.7235621864636764,0.0778979877221119,-0.0533651629058409,-0.6097181180560027,0.003937260618411,0.1318858764105538,0.0524213653614924,0.9976580474408536,0.1300963469072261,0.0005519856048086,0.88979340849376,0.0001008871605598,0.0658182907952454,0.7431892773264634,0.1404756509027517,0.1196879611296611,0.5211393899978968,0.2559991136314509,0.7483514103385929,0.194852546350827,0.4409087435961168,0.61706261130995,0.5933610877701182,0.5415672825524876,0.1470404581661109,0.1764306161875002,0.1477649907541243,0.4509541929948306,0.4720251678567828,0.137491966583931,0.77,7309
0,0,0.8515820727818987,-0.3102868188827299,0.2099817378739689,-0.8501418016187575,0.75109542303634,0.572417393540603,-0.1562753014805711,-0.1416366820533515,-0.7978997938316856,0.3236205791246425,-0.0227923545401725,0.6944368661843512,0.7955514680521634,0.5948481036603745,-0.0899149300929166,0.5596120727206025,-0.7235621864636764,0.0778979877221119,-0.0533651629058409,-0.6097181180560027,0.003937260618411,0.1318858764105538,0.0524213653614924,0.9976580474408536,0.1300963469072261,0.0005519856048086,0.88979340849376,0.0001008871605598,0.0658182907952454,0.7431892773264634,0.1404756509027517,0.1196879611296611,0.5211393899978968,0.2559991136314509,0.7483514103385929,0.194852546350827,0.4409087435961168,0.61706261130995,0.5933610877701182,0.5415672825524876,0.1470404581661109,0.1764306161875002,0.1477649907541243,0.4509541929948306,0.4720251678567828,0.137491966583931,0.77,7403
0,0,0.8515820727818987,-0.3102868188827299,0.2099817378739689,-0.8501418016187575,0.75109542303634,0.572417393540603,-0.1562753014805711,-0.1416366820533515,-0.7978997938316856,0.3236205791246425,-0.0227923545401725,0.6944368661843512,0.7955514680521634,0.5948481036603745,-0.0899149300929166,0.5596120727206025,-0.7235621864636764,0.0778979877221119,-0.0533651629058409,-0.6097181180560027,0.003937260618411,0.1318858764105538,0.0524213653614924,0.9976580474408536,0.1300963469072261,0.0005519856048086,0.88979340849376,0.0001008871605598,0.0658182907952454,0.7431892773264634,0.1404756509027517,0.1196879611296611,0.5211393899978968,0.2559991136314509,0.7483514103385929,0.194852546350827,0.4409087435961168,0.61706261130995,0.5933610877701182,0.5415672825524876,0.1470404581661109,0.1764306161875002,0.1477649907541243,0.4509541929948306,0.4720251678567828,0.137491966583931,0.77,7499
0,0,0.8515820727818987,-0.3102868188827299,0.2099817378739689,-0.8501418016187575,0.75109542303634,0.572417393540603,-0.1562753014805711,-0.1416366820533515,-0.7978997938316856,0.3236205791246425,-0.0227923545401725,0.6944368661843512,0.7955514680521634,0.5948481036603745,-0.0899149300929166,0.5596120727206025,-0.7235621864636764,0.0778979877221119,-0.0533651629058409,-0.6097181180560027,0.003937260618411,0.1318858764105538,0.0524213653614924,0.9976580474408536,0.1300963469072261,0.0005519856048086,0.88979340849376,0.0001008871605598,0.0658182907952454,0.7431892773264634,0.1404756509027517,0.1196879611296611,0.5211393899978968,0.2559991136314509,0.7483514103385929,0.194852546350827,0.4409087435961168,0.61706261130995,0.5933610877701182,0.5415672825524876,0.1470404581661109,0.1764306161875002,0.1477649907541243,0.4509541929948306,0.4720251678567828,0.137491966583931,0.77,7588
0,0,0.8515820727818987,-0.3102868188827299,0.2099817378739689,-0.8501418016187575,0.75109542303634,0.572417393540603,-0.1562753014805711,-0.1416366820533515,-0.7978997938316856,0.3236205791246425,-0.0227923545401725,0.6944368661843512,0.7955514680521634,0.5948481036603745,-0.0899149300929166,0.5596120727206025,-0.7235621864636764,0.0778979877221119,-0.0533651629058409,-0.6097181180560027,0.003937260618411,0.1318858764105538,0.0524213653614924,0.9976580474408536,0.1300963469072261,0.0005519856048086,0.88979340849376,0.0001008871605598,0.0658182907952454,0.7431892773264634,0.1404756509027517,0.1196879611296611,0.5211393899978968,0.2559991136314509,0.7483514103385929,0.194852546350827,0.4409087435961168,0.61706261130995,0.5933610877701182,0.5415672825524876,0.1470404581661109,0.1764306161875002,0.1477649907541243,0.4509541929948306,0.4720251678567828,0.137491966583931,0.77,7677
0,0,-0.096855767918558,-0.3108521533107707,0.2089690972288819,-0.84574254273724,0.7480390858119187,-0.1008576411717661,0.8443662096737158,-0.1409166914981816,-0.683160665069012,0.3286206527664643,-0.4681890317025226,0.7566468741744704,0.7483894539839654,0.5866959598965698,-0.7220899104668004,0.7536157843776384,-0.7289287189485402,0.0864205196602338,-0.0879076220313797,-0.6131989296644594,0.0056570750859058,0.1326394563843845,0.0525432662424083,1.0,0.1302375270180899,0.0010043798741338,0.8804095594777211,0.0001,0.0664336345597874,0.7422486547195418,0.1478400664858467,0.1062210569523113,0.0001,0.2239011011890639,0.1744354597927928,0.1940298382183629,0.7206437068215517,0.6158689698140412,0.6851885982129043,0.027947901565828,0.1466783926019788,0.6876072331583931,0.429970638271992,0.7765304633275983,0.4560770089473597,0.1423909591971934,0.92,775
0,0,0.8515820727818987,-0.3102868188827299,0.2099817378739689,-0.8501418016187575,0.75109542303634,0.572417393540603,-0.1562753014805711,-0.1416366820533515,-0.7978997938316856,0.3236205791246425,-0.0227923545401725,0.6944368661843512,0.7955514680521634,0.5948481036603745,-0.0899149300929166,0.5596120727206025,-0.7235621864636764,0.0778979877221119,-0.0533651629058409,-0.6097181180560027,0.003937260618411,0.1318858764105538,0.0524213653614924,0.9976580474408536,0.1300963469072261,0.0005519856048086,0.88979340849376,0.0001008871605598,0.0658182907952454,0.7431892773264634,0.1404756509027517,0.1196879611296611,0.5211393899978968,0.2559991136314509,0.7483514103385929,0.194852546350827,0.4409087435961168,0.61706261130995,0.5933610877701182,0.5415672825524876,0.1470404581661109,0.1764306161875002,0.1477649907541243,0.4509541929948306,0.4720251678567828,0.137491966583931,0.77,7771
0,0,0.8515820727818987,-0.3102868188827299,0.2099817378739689,-0.8501418016187575,0.75109542303634,0.572417393540603,-0.1562753014805711,-0.1416366820533515,-0.7978997938316856,0.3236205791246425,-0.0227923545401725,0.6944368661843512,0.7955514680521634,0.5948481036603745,-0.0899149300929166,0.5596120727206025,-0.7235621864636764,0.0778979877221119,-0.0533651629058409,-0.6097181180560027,0.003937260618411,0.1318858764105538,0.0524213653614924,0.9976580474408536,0.1300963469072261,0.0005519856048086,0.88979340849376,0.0001008871605598,0.0658182907952454,0.7431892773264634,0.1404756509027517,0.1196879611296611,0.5211393899978968,0.2559991136314509,0.7483514103385929,0.194852546350827,0.4409087435961168,0.61706261130995,0.5933610877701182,0.5415672825524876,0.1470404581661109,0.1764306161875002,0.1477649907541243,0.4509541929948306,0.4720251678567828,0.137491966583931,0.77,7866
0,0,0.8515820727818987,-0.3102868188827299,0.2099817378739689,-0.8501418016187575,0.75109542303634,0.572417393540603,-0.1562753014805711,-0.1416366820533515,-0.7978997938316856,0.3236205791246425,-0.0227923545401725,0.6944368661843512,0.7955514680521634,0.5948481036603745,-0.0899149300929166,0.5596120727206025,-0.7235621864636764,0.0778979877221119,-0.0533651629058409,-0.6097181180560027,0.003937260618411,0.1318858764105538,0.0524213653614924,0.9976580474408536,0.1300963469072261,0.0005519856048086,0.88979340849376,0.0001008871605598,0.0658182907952454,0.7431892773264634,0.1404756509027517,0.1196879611296611,0.5211393899978968,0.2559991136314509,0.7483514103385929,0.194852546350827,0.4409087435961168,0.61706261130995,0.5933610877701182,0.5415672825524876,0.1470404581661109,0.1764306161875002,0.1477649907541243,0.4509541929948306,0.4720251678567828,0.137491966583931,0.77,7959
0,0,0.8515820727818987,-0.3102868188827299,0.2099817378739689,-0.8501418016187575,0.75109542303634,0.572417393540603,-0.1562753014805711,-0.1416366820533515,-0.7978997938316856,0.3236205791246425,-0.0227923545401725,0.6944368661843512,0.7955514680521634,0.5948481036603745,-0.0899149300929166,0.5596120727206025,-0.7235621864636764,0.0778979877221119,-0.0533651629058409,-0.6097181180560027,0.003937260618411,0.1318858764105538,0.0524213653614924,0.9976580474408536,0.1300963469072261,0.0005519856048086,0.88979340849376,0.0001008871605598,0.0658182907952454,0.7431892773264634,0.1404756509027517,0.1196879611296611,0.5211393899978968,0.2559991136314509,0.7483514103385929,0.194852546350827,0.4409087435961168,0.61706261130995,0.5933610877701182,0.5415672825524876,0.1470404581661109,0.1764306161875002,0.1477649907541243,0.4509541929948306,0.4720251678567828,0.137491966583931,0.77,8056
0,0,0.8515820727818987,-0.3102868188827299,0.2099817378739689,-0.8501418016187575,0.75109542303634,0.572417393540603,-0.1562753014805711,-0.1416366820533515,-0.7978997938316856,0.3236205791246425,-0.0227923545401725,0.6944368661843512,0.7955514680521634,0.5948481036603745,-0.0899149300929166,0.5596120727206025,-0.7235621864636764,0.0778979877221119,-0.0533651629058409,-0.6097181180560027,0.003937260618411,0.1318858764105538,0.0524213653614924,0.9976580474408536,0.1300963469072261,0.0005519856048086,0.88979340849376,0.0001008871605598,0.0658182907952454,0.7431892773264634,0.1404756509027517,0.1196879611296611,0.5211393899978968,0.2559991136314509,0.7483514103385929,0.194852546350827,0.4409087435961168,0.61706261130995,0.5933610877701182,0.5415672825524876,0.1470404581661109,0.1764306161875002,0.1477649907541243,0.4509541929948306,0.4720251678567828,0.137491966583931,0.77,8153
0,0,0.8515820727818987,-0.3102868188827299,0.2099817378739689,-0.8501418016187575,0.75109542303634,0.572417393540603,-0.1562753014805711,-0.1416366820533515,-0.7978997938316856,0.3236205791246425,-0.0227923545401725,0.6944368661843512,0.7955514680521634,0.5948481036603745,-0.0899149300929166,0.5596120727206025,-0.7235621864636764,0.0778979877221119,-0.0533651629058409,-0.6097181180560027,0.003937260618411,0.1318858764105538,0.0524213653614924,0.9976580474408536,0.1300963469072261,0.0005519856048086,0.88979340849376,0.0001008871605598,0.0658182907952454,0.7431892773264634,0.1404756509027517,0.1196879611296611,0.5211393899978968,0.2559991136314509,0.7483514103385929,0.194852546350827,0.4409087435961168,0.61706261130995,0.5933610877701182,0.5415672825524876,0.1470404581661109,0.1764306161875002,0.1477649907541243,0.4509541929948306,0.4720251678567828,0.137491966583931,0.77,8247
0,0,0.8515820727818987,-0.3102868188827299,0.2099817378739689,-0.8501418016187575,0.75109542303634,0.572417393540603,-0.1562753014805711,-0.1416366820533515,-0.7978997938316856,0.3236205791246425,-0.0227923545401725,0.6944368661843512,0.7955514680521634,0.5948481036603745,-0.0899149300929166,0.5596120727206025,-0.7235621864636764,0.0778979877221119,-0.0533651629058409,-0.6097181180560027,0.003937260618411,0.1318858764105538,0.0524213653614924,0.9976580474408536,0.1300963469072261,0.0005519856048086,0.88979340849376,0.0001008871605598,0.0658182907952454,0.7431892773264634,0.1404756509027517,0.1196879611296611,0.5211393899978968,0.2559991136314509,0.7483514103385929,0.194852546350827,0.4409087435961168,0.61706261130995,0.5933610877701182,0.5415672825524876,0.1470404581661109,0.1764306161875002,0.1477649907541243,0.4509541929948306,0.4720251678567828,0.137491966583931,0.77,8345
0,0,0.8515820727818987,-0.3102868188827299,0.2099817378739689,-0.8501418016187575,0.75109542303634,0.572417393540603,-0.1562753014805711,-0.1416366820533515,-0.7978997938316856,0.3236205791246425,-0.0227923545401725,0.6944368661843512,0.7955514680521634,0.5948481036603745,-0.0899149300929166,0.5596120727206025,-0.7235621864636764,0.0778979877221119,-0.0533651629058409,-0.6097181180560027,0.003937260618411,0.1318858764105538,0.0524213653614924,0.9976580474408536,0.1300963469072261,0.0005519856048086,0.88979340849376,0.0001008871605598,0.0658182907952454,0.7431892773264634,0.1404756509027517,0.1196879611296611,0.5211393899978968,0.2559991136314509,0.7483514103385929,0.194852546350827,0.4409087435961168,0.61706261130995,0.5933610877701182,0.5415672825524876,0.1470404581661109,0.1764306161875002,0.1477649907541243,0.4509541929948306,0.4720251678567828,0.137491966583931,0.77,8440
0,0,0.8515820727818987,-0.3102868188827299,0.2099817378739689,-0.8501418016187575,0.75109542303634,0.572417393540603,-0.1562753014805711,-0.1416366820533515,-0.7978997938316856,0.3236205791246425,-0.0227923545401725,0.6944368661843512,0.7955514680521634,0.5948481036603745,-0.0899149300929166,0.5596120727206025,-0.7235621864636764,0.0778979877221119,-0.0533651629058409,-0.6097181180560027,0.003937260618411,0.1318858764105538,0.0524213653614924,0.9976580474408536,0.1300963469072261,0.0005519856048086,0.88979340849376,0.0001008871605598,0.0658182907952454,0.7431892773264634,0.1404756509027517,0.1196879611296611,0.5211393899978968,0.2559991136314509,0.7483514103385929,0.194852546350827,0.4409087435961168,0.61706261130995,0.5933610877701182,0.5415672825524876,0.1470404581661109,0.1764306161875002,0.1477649907541243,0.4509541929948306,0.4720251678567828,0.137491966583931,0.77,8531
0,0,0.8515820727818987,-0.3102868188827299,0.2099817378739689,-0.8501418016187575,0.75109542303634,0.572417393540603,-0.1562753014805711,-0.1416366820533515,-0.7978997938316856,0.3236205791246425,-0.0227923545401725,0.6944368661843512,0.7955514680521634,0.5948481036603745,-0.0899149300929166,0.5596120727206025,-0.7235621864636764,0.0778979877221119,-0.0533651629058409,-0.6097181180560027,0.003937260618411,0.1318858764105538,0.0524213653614924,0.9976580474408536,0.1300963469072261,0.0005519856048086,0.88979340849376,0.0001008871605598,0.0658182907952454,0.7431892773264634,0.1404756509027517,0.1196879611296611,0.5211393899978968,0.2559991136314509,0.7483514103385929,0.194852546350827,0.4409087435961168,0.61706261130995,0.5933610877701182,0.5415672825524876,0.1470404581661109,0.1764306161875002,0.1477649907541243,0.4509541929948306,0.4720251678567828,0.137491966583931,0.77,8627
0,0,-0.096855767918558,-0.3108521533107707,0.2089690972288819,-0.84574254273724,0.7480390858119187,-0.1008576411717661,0.8443662096737158,-0.1409166914981816,-0.683160665069012,0.3286206527664643,-0.4681890317025226,0.7566468741744704,0.7483894539839654,0.5866959598965698,-0.7220899104668004,0.7536157843776384,-0.7289287189485402,0.0864205196602338,-0.0879076220313797,-0.6131989296644594,0.0056570750859058,0.1326394563843845,0.0525432662424083,1.0,0.1302375270180899,0.0010043798741338,0.8804095594777211,0.0001,0.0664336345597874,0.7422486547195418,0.1478400664858467,0.1062210569523113,0.0001,0.2239011011890639,0.1744354597927928,0.1940298382183629,0.7206437068215517,0.6158689698140412,0.6851885982129043,0.027947901565828,0.1466783926019788,0.6876072331583931,0.429970638271992,0.7765304633275983,0.4560770089473597,0.1423909591971934,0.92,870
0,0,0.8515820727818987,-0.3102868188827299,0.2099817378739689,-0.8501418016187575,0.75109542303634,0.572417393540603,-0.1562753014805711,-0.1416366820533515,-0.7978997938316856,0.3236205791246425,-0.0227923545401725,0.6944368661843512,0.7955514680521634,0.5948481036603745,-0.0899149300929166,0.5596120727206025,-0.7235621864636764,0.0778979877221119,-0.0533651629058409,-0.6097181180560027,0.003937260618411,0.1318858764105538,0.0524213653614924,0.9976580474408536,0.1300963469072261,0.0005519856048086,0.88979340849376,0.0001008871605598,0.0658182907952454,0.7431892773264634,0.1404756509027517,0.1196879611296611,0.5211393899978968,0.2559991136314509,0.7483514103385929,0.194852546350827,0.4409087435961168,0.61706261130995,0.5933610877701182,0.5415672825524876,0.1470404581661109,0.1764306161875002,0.1477649907541243,0.4509541929948306,0.4720251678567828,0.137491966583931,0.77,8724
0,0,0.8515820727818987,-0.3102868188827299,0.2099817378739689,-0.8501418016187575,0.75109542303634,0.572417393540603,-0.1562753014805711,-0.1416366820533515,-0.7978997938316856,0.3236205791246425,-0.0227923545401725,0.6944368661843512,0.7955514680521634,0.5948481036603745,-0.0899149300929166,0.5596120727206025,-0.7235621864636764,0.0778979877221119,-0.0533651629058409,-0.6097181180560027,0.003937260618411,0.1318858764105538,0.0524213653614924,0.9976580474408536,0.1300963469072261,0.0005519856048086,0.88979340849376,0.0001008871605598,0.0658182907952454,0.7431892773264634,0.1404756509027517,0.1196879611296611,0.5211393899978968,0.2559991136314509,0.7483514103385929,0.194852546350827,0.4409087435961168,0.61706261130995,0.5933610877701182,0.5415672825524876,0.1470404581661109,0.1764306161875002,0.1477649907541243,0.4509541929948306,0.4720251678567828,0.137491966583931,0.77,8819
0,0,0.8515820727818987,-0.3102868188827299,0.2099817378739689,-0.8501418016187575,0.75109542303634,0.572417393540603,-0.1562753014805711,-0.1416366820533515,-0.7978997938316856,0.3236205791246425,-0.0227923545401725,0.6944368661843512,0.7955514680521634,0.5948481036603745,-0.0899149300929166,0.5596120727206025,-0.7235621864636764,0.0778979877221119,-0.0533651629058409,-0.6097181180560027,0.003937260618411,0.1318858764105538,0.0524213653614924,0.9976580474408536,0.1300963469072261,0.0005519856048086,0.88979340849376,0.0001008871605598,0.0658182907952454,0.7431892773264634,0.1404756509027517,0.1196879611296611,0.5211393899978968,0.2559991136314509,0.7483514103385929,0.194852546350827,0.4409087435961168,0.61706261130995,0.5933610877701182,0.5415672825524876,0.1470404581661109,0.1764306161875002,0.1477649907541243,0.4509541929948306,0.4720251678567828,0.137491966583931,0.77,8913
0,0,0.8515820727818987,-0.3102868188827299,0.2099817378739689,-0.8501418016187575,0.75109542303634,0.572417393540603,-0.1562753014805711,-0.1416366820533515,-0.7978997938316856,0.3236205791246425,-0.0227923545401725,0.6944368661843512,0.7955514680521634,0.5948481036603745,-0.0899149300929166,0.5596120727206025,-0.7235621864636764,0.0778979877221119,-0.0533651629058409,-0.6097181180560027,0.003937260618411,0.1318858764105538,0.0524213653614924,0.9976580474408536,0.1300963469072261,0.0005519856048086,0.88979340849376,0.0001008871605598,0.0658182907952454,0.7431892773264634,0.1404756509027517,0.1196879611296611,0.5211393899978968,0.2559991136314509,0.7483514103385929,0.194852546350827,0.4409087435961168,0.61706261130995,0.5933610877701182,0.5415672825524876,0.1470404581661109,0.1764306161875002,0.1477649907541243,0.4509541929948306,0.4720251678567828,0.137491966583931,0.77,9004
0,0,0.8515820727818987,-0.3102868188827299,0.2099817378739689,-0.8501418016187575,0.75109542303634,0.572417393540603,-0.1562753014805711,-0.1416366820533515,-0.7978997938316856,0.3236205791246425,-0.0227923545401725,0.6944368661843512,0.7955514680521634,0.5948481036603745,-0.0899149300929166,0.5596120727206025,-0.7235621864636764,0.0778979877221119,-0.0533651629058409,-0.6097181180560027,0.003937260618411,0.1318858764105538,0.0524213653614924,0.9976580474408536,0.1300963469072261,0.0005519856048086,0.88979340849376,0.0001008871605598,0.0658182907952454,0.7431892773264634,0.1404756509027517,0.1196879611296611,0.5211393899978968,0.2559991136314509,0.7483514103385929,0.194852546350827,0.4409087435961168,0.61706261130995,0.5933610877701182,0.5415672825524876,0.1470404581661109,0.1764306161875002,0.1477649907541243,0.4509541929948306,0.4720251678567828,0.137491966583931,0.77,9099
0,0,0.8515820727818987,-0.3102868188827299,0.2099817378739689,-0.8501418016187575,0.75109542303634,0.572417393540603,-0.1562753014805711,-0.1416366820533515,-0.7978997938316856,0.3236205791246425,-0.0227923545401725,0.6944368661843512,0.7955514680521634,0.5948481036603745,-0.0899149300929166,0.5596120727206025,-0.7235621864636764,0.0778979877221119,-0.0533651629058409,-0.6097181180560027,0.003937260618411,0.1318858764105538,0.0524213653614924,0.9976580474408536,0.1300963469072261,0.0005519856048086,0.88979340849376,0.0001008871605598,0.0658182907952454,0.7431892773264634,0.1404756509027517,0.1196879611296611,0.5211393899978968,0.2559991136314509,0.7483514103385929,0.194852546350827,0.4409087435961168,0.61706261130995,0.5933610877701182,0.5415672825524876,0.1470404581661109,0.1764306161875002,0.1477649907541243,0.4509541929948306,0.4720251678567828,0.137491966583931,0.77,9195
0,0,0.8515820727818987,-0.3102868188827299,0.2099817378739689,-0.8501418016187575,0.75109542303634,0.572417393540603,-0.1562753014805711,-0.1416366820533515,-0.7978997938316856,0.3236205791246425,-0.0227923545401725,0.6944368661843512,0.7955514680521634,0.5948481036603745,-0.0899149300929166,0.5596120727206025,-0.7235621864636764,0.0778979877221119,-0.0533651629058409,-0.6097181180560027,0.003937260618411,0.1318858764105538,0.0524213653614924,0.9976580474408536,0.1300963469072261,0.0005519856048086,0.88979340849376,0.0001008871605598,0.0658182907952454,0.7431892773264634,0.1404756509027517,0.1196879611296611,0.5211393899978968,0.2559991136314509,0.7483514103385929,0.194852546350827,0.4409087435961168,0.61706261130995,0.5933610877701182,0.5415672825524876,0.1470404581661109,0.1764306161875002,0.1477649907541243,0.4509541929948306,0.4720251678567828,0.137491966583931,0.77,9289
0,0,0.8515820727818987,-0.3102868188827299,0.2099817378739689,-0.8501418016187575,0.75109542303634,0.572417393540603,-0.1562753014805711,-0.1416366820533515,-0.7978997938316856,0.3236205791246425,-0.0227923545401725,0.6944368661843512,0.7955514680521634,0.5948481036603745,-0.0899149300929166,0.5596120727206025,-0.7235621864636764,0.0778979877221119,-0.0533651629058409,-0.6097181180560027,0.003937260618411,0.1318858764105538,0.0524213653614924,0.9976580474408536,0.1300963469072261,0.0005519856048086,0.88979340849376,0.0001008871605598,0.0658182907952454,0.7431892773264634,0.1404756509027517,0.1196879611296611,0.5211393899978968,0.2559991136314509,0.7483514103385929,0.194852546350827,0.4409087435961168,0.61706261130995,0.5933610877701182,0.5415672825524876,0.1470404581661109,0.1764306161875002,0.1477649907541243,0.4509541929948306,0.4720251678567828,0.137491966583931,0.77,9384
0,0,0.8515820727818987,-0.3102868188827299,0.2099817378739689,-0.8501418016187575,0.75109542303634,0.572417393540603,-0.1562753014805711,-0.1416366820533515,-0.7978997938316856,0.3236205791246425,-0.0227923545401725,0.6944368661843512,0.7955514680521634,0.5948481036603745,-0.0899149300929166,0.5596120727206025,-0.7235621864636764,0.0778979877221119,-0.0533651629058409,-0.6097181180560027,0.003937260618411,0.1318858764105538,0.0524213653614924,0.9976580474408536,0.1300963469072261,0.0005519856048086,0.88979340849376,0.0001008871605598,0.0658182907952454,0.7431892773264634,0.1404756509027517,0.1196879611296611,0.5211393899978968,0.2559991136314509,0.7483514103385929,0.194852546350827,0.4409087435961168,0.61706261130995,0.5933610877701182,0.5415672825524876,0.1470404581661109,0.1764306161875002,0.1477649907541243,0.4509541929948306,0.4720251678567828,0.137491966583931,0.77,9474
0,0,0.8515820727818987,-0.3102868188827299,0.2099817378739689,-0.8501418016187575,0.75109542303634,0.572417393540603,-0.1562753014805711,-0.1416366820533515,-0.7978997938316856,0.3236205791246425,-0.0227923545401725,0.6944368661843512,0.7955514680521634,0.5948481036603745,-0.0899149300929166,0.5596120727206025,-0.7235621864636764,0.0778979877221119,-0.0533651629058409,-0.6097181180560027,0.003937260618411,0.1318858764105538,0.0524213653614924,0.9976580474408536,0.1300963469072261,0.0005519856048086,0.88979340849376,0.0001008871605598,0.0658182907952454,0.7431892773264634,0.1404756509027517,0.1196879611296611,0.5211393899978968,0.2559991136314509,0.7483514103385929,0.194852546350827,0.4409087435961168,0.61706261130995,0.5933610877701182,0.5415672825524876,0.1470404581661109,0.1764306161875002,0.1477649907541243,0.4509541929948306,0.4720251678567828,0.137491966583931,0.77,9567
0,0,0.8515820727818987,-0.3102868188827299,0.2099817378739689,-0.8501418016187575,0.75109542303634,0.572417393540603,-0.1562753014805711,-0.1416366820533515,-0.7978997938316856,0.3236205791246425,-0.0227923545401725,0.6944368661843512,0.7955514680521634,0.5948481036603745,-0.0899149300929166,0.5596120727206025,-0.7235621864636764,0.0778979877221119,-0.0533651629058409,-0.6097181180560027,0.003937260618411,0.1318858764105538,0.0524213653614924,0.9976580474408536,0.1300963469072261,0.0005519856048086,0.88979340849376,0.0001008871605598,0.0658182907952454,0.7431892773264634,0.1404756509027517,0.1196879611296611,0.5211393899978968,0.2559991136314509,0.7483514103385929,0.194852546350827,0.4409087435961168,0.61706261130995,0.5933610877701182,0.5415672825524876,0.1470404581661109,0.1764306161875002,0.1477649907541243,0.4509541929948306,0.4720251678567828,0.137491966583931,0.77,9662
0,0,-0.096855767918558,-0.3108521533107707,0.2089690972288819,-0.84574254273724,0.7480390858119187,-0.1008576411717661,0.8443662096737158,-0.1409166914981816,-0.683160665069012,0.3286206527664643,-0.4681890317025226,0.7566468741744704,0.7483894539839654,0.5866959598965698,-0.7220899104668004,0.7536157843776384,-0.7289287189485402,0.0864205196602338,-0.0879076220313797,-0.6131989296644594,0.0056570750859058,0.1326394563843845,0.0525432662424083,1.0,0.1302375270180899,0.0010043798741338,0.8804095594777211,0.0001,0.0664336345597874,0.7422486547195418,0.1478400664858467,0.1062210569523113,0.0001,0.2239011011890639,0.1744354597927928,0.1940298382183629,0.7206437068215517,0.6158689698140412,0.6851885982129043,0.027947901565828,0.1466783926019788,0.6876072331583931,0.429970638271992,0.7765304633275983,0.4560770089473597,0.1423909591971934,0.92,968
0,0,0.8515820727818987,-0.3102868188827299,0.2099817378739689,-0.8501418016187575,0.75109542303634,0.572417393540603,-0.1562753014805711,-0.1416366820533515,-0.7978997938316856,0.3236205791246425,-0.0227923545401725,0.6944368661843512,0.7955514680521634,0.5948481036603745,-0.0899149300929166,0.5596120727206025,-0.7235621864636764,0.0778979877221119,-0.0533651629058409,-0.6097181180560027,0.003937260618411,0.1318858764105538,0.0524213653614924,0.9976580474408536,0.1300963469072261,0.0005519856048086,0.88979340849376,0.0001008871605598,0.0658182907952454,0.7431892773264634,0.1404756509027517,0.1196879611296611,0.5211393899978968,0.2559991136314509,0.7483514103385929,0.194852546350827,0.4409087435961168,0.61706261130995,0.5933610877701182,0.5415672825524876,0.1470404581661109,0.1764306161875002,0.1477649907541243,0.4509541929948306,0.4720251678567828,0.137491966583931,0.77,9756
0,0,0.8515820727818987,-0.3102868188827299,0.2099817378739689,-0.8501418016187575,0.75109542303634,0.572417393540603,-0.1562753014805711,-0.1416366820533515,-0.7978997938316856,0.3236205791246425,-0.0227923545401725,0.6944368661843512,0.7955514680521634,0.5948481036603745,-0.0899149300929166,0.5596120727206025,-0.7235621864636764,0.0778979877221119,-0.0533651629058409,-0.6097181180560027,0.003937260618411,0.1318858764105538,0.0524213653614924,0.9976580474408536,0.1300963469072261,0.0005519856048086,0.88979340849376,0.0001008871605598,0.0658182907952454,0.7431892773264634,0.1404756509027517,0.1196879611296611,0.5211393899978968,0.2559991136314509,0.7483514103385929,0.194852546350827,0.4409087435961168,0.61706261130995,0.5933610877701182,0.5415672825524876,0.1470404581661109,0.1764306161875002,0.1477649907541243,0.4509541929948306,0.4720251678567828,0.137491966583931,0.77,9847
0,0,0.8515820727818987,-0.3102868188827299,0.2099817378739689,-0.8501418016187575,0.75109542303634,0.572417393540603,-0.1562753014805711,-0.1416366820533515,-0.7978997938316856,0.3236205791246425,-0.0227923545401725,0.6944368661843512,0.7955514680521634,0.5948481036603745,-0.0899149300929166,0.5596120727206025,-0.7235621864636764,0.0778979877221119,-0.0533651629058409,-0.6097181180560027,0.003937260618411,0.1318858764105538,0.0524213653614924,0.9976580474408536,0.1300963469072261,0.0005519856048086,0.88979340849376,0.0001008871605598,0.0658182907952454,0.7431892773264634,0.1404756509027517,0.1196879611296611,0.5211393899978968,0.2559991136314509,0.7483514103385929,0.194852546350827,0.4409087435961168,0.61706261130995,0.5933610877701182,0.5415672825524876,0.1470404581661109,0.1764306161875002,0.1477649907541243,0.4509541929948306,0.4720251678567828,0.137491966583931,0.77,9940
