,Unnamed: 0,c1,c2,c3,c4,c5,c6,c7,c8,c9,c10,c11,c12,c13,c14,c15,c16,c17,c18,c19,c20,r1,r2,r3,r4,r5,r6,r7,r8,r9,r10,r11,r12,r13,r14,r15,r16,r17,r18,r19,r20,w1,w2,w3,w4,w5,w6,w7,w8,w9,w10,w11,w12,w13,w14,w15,w16,w17,w18,w19,w20,not_intercepted,nfe
0,0,-0.2610533046659795,0.8903107312360652,-0.6058060075474907,0.7173175308039847,-0.1316365920797146,0.073749380008308,-0.1729565230071241,0.3273492473758428,0.4476361686197536,0.6152057003733564,-0.3451300289287813,0.5931127820496083,0.9890280755128238,-0.2331174698237967,-0.4224366265446806,0.2526458080069409,-0.2588988559898382,0.4885618811511225,-0.5365766885521221,0.0923391582035941,0.1284615122132743,0.8875110352500869,0.1077737355063934,0.4138568417268593,0.6051865917063266,0.2954706208757837,0.4838136977588968,0.5130551381251586,0.1945920354138479,0.1300344478100503,0.4914895555632477,0.8112218843269837,0.0042205725514051,0.0317032590041959,0.1051549342042901,0.5223435942576576,0.9735296371021688,0.1856711740736151,0.1474677169128976,0.959764210024543,0.3107882130302183,0.2658082554070393,0.0353842054261045,0.0545740224736855,0.9468932038584442,0.307054713688516,0.081726386352841,0.1399318519409548,0.6971569649292367,0.2057974280238264,0.7111579296910278,0.0040111238483031,0.1593299959519243,0.2526764086291959,0.2580709593134211,0.6907100921535979,0.9223397931441112,0.7839526521147276,0.7218058025782804,0.0972281829984157,0.63,100
0,0,0.9927144448735538,0.2192007645284456,-0.0461107073020269,-0.6046819848045499,0.7642451769892262,-0.3121701707443956,-0.3499501583851166,-0.3505678320908198,-0.1880469791910198,-0.1141698184060665,0.4967399833880981,0.8715837284981809,0.420621226661646,-0.461876872293847,-0.9151666279496856,0.1122976640603265,-0.8670747430567746,-0.2473262535143314,-0.9336738619015456,-0.2360014953300682,0.3303517232811199,0.997510524647804,0.6716256554173815,0.5495680789727362,0.852983611341957,0.4285643437610872,0.0525564141452744,0.2670521635239973,0.6835280085429281,0.1212295967938181,0.6748714326056443,0.1021864469007776,0.2258405547844222,0.1978206258779247,0.2614333922750457,0.5902737261067345,0.3952558452411881,0.3608432543901999,0.2550729256164327,0.1432307283039492,0.0799172372543525,0.0687443308817217,0.6139029848304649,0.3919101893536094,0.0962116036165693,0.1352772416602666,0.0400189218626579,0.0824795484703758,0.0171410506997228,0.47999263756294,0.4369317675700917,0.2072631115404511,0.0905208885888412,0.6796487754037351,0.4076261800347157,0.7897872011563463,0.8455498408596853,0.8276475114953232,0.2522020457957358,0.5574680637869833,0.12,10017
0,0,-0.2571584890752694,0.2128401192180227,-0.0469732999725927,-0.8187956906888032,0.9012319718115572,0.787496675118841,0.3300156980728481,-0.4301890248078717,-0.4146995937485497,0.452427169578486,0.5149578360417901,0.8061341154643782,0.1226331939206621,-0.4037593607279212,-0.9158990587537784,0.9770260963047316,-0.9132718396627584,-0.5868833053147062,0.1587164513991479,-0.5361612729299325,0.3308403981783891,0.7297651689894663,0.6685607989921758,0.5295364913204927,0.8363816514553202,0.4307516934643823,0.0488166915100566,0.2645179963196466,0.1757196424465808,0.1223068862587265,0.8015874297608991,0.0769734237183507,0.6721685311746296,0.124354420386221,0.5974899618683583,0.4952718055492731,0.3753027553710143,0.2929878210741584,0.9297967174462516,0.0945154759709278,0.0631161581857248,0.4217015343144248,0.6231060466387875,0.4839198371743185,0.1476204187960679,0.1343707580941966,0.4320309809393398,0.0824979344760178,0.479721509706297,0.4970017040126977,0.4287299554096839,0.1265326974196741,0.5084842132598717,0.8933598868918762,0.5988135823248626,0.7582636514780091,0.0041578688163207,0.7595751434931678,0.1938594097048585,0.3467084397422745,0.53,1052
0,0,-0.2571584890752694,0.2128401192180227,-0.0469732999725927,-0.8187956906888032,0.9012319718115572,0.787496675118841,0.3300156980728481,-0.4301890248078717,-0.4146995937485497,0.452427169578486,0.5149578360417901,0.8061341154643782,0.1226331939206621,-0.4037593607279212,-0.9158990587537784,0.9770260963047316,-0.9132718396627584,-0.5868833053147062,0.1587164513991479,-0.5361612729299325,0.3308403981783891,0.7297651689894663,0.6685607989921758,0.5295364913204927,0.8363816514553202,0.4307516934643823,0.0488166915100566,0.2645179963196466,0.1757196424465808,0.1223068862587265,0.8015874297608991,0.0769734237183507,0.6721685311746296,0.124354420386221,0.5974899618683583,0.4952718055492731,0.3753027553710143,0.2929878210741584,0.9297967174462516,0.0945154759709278,0.0631161581857248,0.4217015343144248,0.6231060466387875,0.4839198371743185,0.1476204187960679,0.1343707580941966,0.4320309809393398,0.0824979344760178,0.479721509706297,0.4970017040126977,0.4287299554096839,0.1265326974196741,0.5084842132598717,0.8933598868918762,0.5988135823248626,0.7582636514780091,0.0041578688163207,0.7595751434931678,0.1938594097048585,0.3467084397422745,0.53,1143
0,0,0.9930993092369104,0.2128401192180227,-0.0469732999725927,-0.9398783194646952,0.9012319718115572,0.7565773506466763,-0.3459160333317554,-0.4301644056471002,-0.434948338407183,-0.1096261794710602,0.5183850499501348,0.8426466934595498,0.4195735829494024,-0.4310670461722665,-0.9147225363176216,0.1524265547643193,-0.9132718396627584,-0.5868833053147062,-0.9846299686930564,-0.5409456657523393,0.330799074895157,1.0,0.6643565125373643,0.5295364913204927,0.8563989970718392,0.4307516934643823,0.0488166915100566,0.2645179963196466,0.6835254840137044,0.1223068862587265,0.6775515063382654,0.0769734237183507,0.2310148237948505,0.1269177567298715,0.5974899618683583,0.6653425900793649,0.3753027553710143,0.3888283538774605,0.0551501570819904,0.0945154759709278,0.0794573209436744,0.4217015343144248,0.6231884081982775,0.4642464467439354,0.147413194793208,0.1343200717486804,0.4358618342669389,0.0824979344760178,0.6434377294303051,0.4810630647500887,0.4375434859616421,0.1265326974196741,0.1079240133565163,0.4160273158348258,0.4117529907002984,0.7687514319058948,0.8730955809773794,0.7595751434931678,0.2130833355934543,0.6195187371619081,0.51,1239
0,0,0.9930993092369104,0.2128401192180227,-0.0469732999725927,-0.9398783194646952,0.9012319718115572,0.7565773506466763,-0.3459160333317554,-0.4301644056471002,-0.434948338407183,-0.1096261794710602,0.5183850499501348,0.8426466934595498,0.4195735829494024,-0.4310670461722665,-0.9147225363176216,0.1524265547643193,-0.9132718396627584,-0.5868833053147062,-0.9846299686930564,-0.5409456657523393,0.330799074895157,1.0,0.6643565125373643,0.5295364913204927,0.8563989970718392,0.4307516934643823,0.0488166915100566,0.2645179963196466,0.6835254840137044,0.1223068862587265,0.6775515063382654,0.0769734237183507,0.2310148237948505,0.1269177567298715,0.5974899618683583,0.6653425900793649,0.3753027553710143,0.3888283538774605,0.0551501570819904,0.0945154759709278,0.0794573209436744,0.4217015343144248,0.6231884081982775,0.4642464467439354,0.147413194793208,0.1343200717486804,0.4358618342669389,0.0824979344760178,0.6434377294303051,0.4810630647500887,0.4375434859616421,0.1265326974196741,0.1079240133565163,0.4160273158348258,0.4117529907002984,0.7687514319058948,0.8730955809773794,0.7595751434931678,0.2130833355934543,0.6195187371619081,0.51,1335
0,0,0.9930993092369104,0.2128401192180227,-0.0469732999725927,-0.9398783194646952,0.9012319718115572,0.7565773506466763,-0.3459160333317554,-0.4301644056471002,-0.434948338407183,-0.1096261794710602,0.5183850499501348,0.8426466934595498,0.4195735829494024,-0.4310670461722665,-0.9147225363176216,0.1524265547643193,-0.9132718396627584,-0.5868833053147062,-0.9846299686930564,-0.5409456657523393,0.330799074895157,1.0,0.6643565125373643,0.5295364913204927,0.8563989970718392,0.4307516934643823,0.0488166915100566,0.2645179963196466,0.6835254840137044,0.1223068862587265,0.6775515063382654,0.0769734237183507,0.2310148237948505,0.1269177567298715,0.5974899618683583,0.6653425900793649,0.3753027553710143,0.3888283538774605,0.0551501570819904,0.0945154759709278,0.0794573209436744,0.4217015343144248,0.6231884081982775,0.4642464467439354,0.147413194793208,0.1343200717486804,0.4358618342669389,0.0824979344760178,0.6434377294303051,0.4810630647500887,0.4375434859616421,0.1265326974196741,0.1079240133565163,0.4160273158348258,0.4117529907002984,0.7687514319058948,0.8730955809773794,0.7595751434931678,0.2130833355934543,0.6195187371619081,0.51,1433
0,0,0.9930993092369104,0.2128401192180227,-0.0469732999725927,-0.9398783194646952,0.9012319718115572,0.7565773506466763,-0.3459160333317554,-0.4301644056471002,-0.434948338407183,-0.1096261794710602,0.5183850499501348,0.8426466934595498,0.4195735829494024,-0.4310670461722665,-0.9147225363176216,0.1524265547643193,-0.9132718396627584,-0.5868833053147062,-0.9846299686930564,-0.5409456657523393,0.330799074895157,1.0,0.6643565125373643,0.5295364913204927,0.8563989970718392,0.4307516934643823,0.0488166915100566,0.2645179963196466,0.6835254840137044,0.1223068862587265,0.6775515063382654,0.0769734237183507,0.2310148237948505,0.1269177567298715,0.5974899618683583,0.6653425900793649,0.3753027553710143,0.3888283538774605,0.0551501570819904,0.0945154759709278,0.0794573209436744,0.4217015343144248,0.6231884081982775,0.4642464467439354,0.147413194793208,0.1343200717486804,0.4358618342669389,0.0824979344760178,0.6434377294303051,0.4810630647500887,0.4375434859616421,0.1265326974196741,0.1079240133565163,0.4160273158348258,0.4117529907002984,0.7687514319058948,0.8730955809773794,0.7595751434931678,0.2130833355934543,0.6195187371619081,0.51,1529
0,0,0.9930993092369104,0.2128401192180227,-0.0469732999725927,-0.9398783194646952,0.9012319718115572,0.7565773506466763,-0.3459160333317554,-0.4301644056471002,-0.434948338407183,-0.1096261794710602,0.5183850499501348,0.8426466934595498,0.4195735829494024,-0.4310670461722665,-0.9147225363176216,0.1524265547643193,-0.9132718396627584,-0.5868833053147062,-0.9846299686930564,-0.5409456657523393,0.330799074895157,1.0,0.6643565125373643,0.5295364913204927,0.8563989970718392,0.4307516934643823,0.0488166915100566,0.2645179963196466,0.6835254840137044,0.1223068862587265,0.6775515063382654,0.0769734237183507,0.2310148237948505,0.1269177567298715,0.5974899618683583,0.6653425900793649,0.3753027553710143,0.3888283538774605,0.0551501570819904,0.0945154759709278,0.0794573209436744,0.4217015343144248,0.6231884081982775,0.4642464467439354,0.147413194793208,0.1343200717486804,0.4358618342669389,0.0824979344760178,0.6434377294303051,0.4810630647500887,0.4375434859616421,0.1265326974196741,0.1079240133565163,0.4160273158348258,0.4117529907002984,0.7687514319058948,0.8730955809773794,0.7595751434931678,0.2130833355934543,0.6195187371619081,0.51,1623
0,0,0.9930993092369104,0.2128401192180227,-0.0469732999725927,-0.9398783194646952,0.9012319718115572,0.7565773506466763,-0.3459160333317554,-0.4301644056471002,-0.434948338407183,-0.1096261794710602,0.5183850499501348,0.8426466934595498,0.4195735829494024,-0.4310670461722665,-0.9147225363176216,0.1524265547643193,-0.9132718396627584,-0.5868833053147062,-0.9846299686930564,-0.5409456657523393,0.330799074895157,1.0,0.6643565125373643,0.5295364913204927,0.8563989970718392,0.4307516934643823,0.0488166915100566,0.2645179963196466,0.6835254840137044,0.1223068862587265,0.6775515063382654,0.0769734237183507,0.2310148237948505,0.1269177567298715,0.5974899618683583,0.6653425900793649,0.3753027553710143,0.3888283538774605,0.0551501570819904,0.0945154759709278,0.0794573209436744,0.4217015343144248,0.6231884081982775,0.4642464467439354,0.147413194793208,0.1343200717486804,0.4358618342669389,0.0824979344760178,0.6434377294303051,0.4810630647500887,0.4375434859616421,0.1265326974196741,0.1079240133565163,0.4160273158348258,0.4117529907002984,0.7687514319058948,0.8730955809773794,0.7595751434931678,0.2130833355934543,0.6195187371619081,0.51,1717
0,0,0.9403320923709468,-0.0666247981157669,-0.0444345779191344,-0.9158685638885484,0.9375693837150344,0.7435041983579749,0.2628150346623187,-0.4359028763177263,-0.4461312972910708,-0.1091870990390622,0.9031136372264408,0.7712060998814025,0.7940857607710946,-0.406085530305021,-0.4989988225872546,0.3831603829172196,-0.9329186827596672,-0.45683489834726,0.3674682866600328,-0.4974777873183008,0.3304566471114932,0.983806855691618,0.6646330641723969,0.5741433350586591,0.8839084014298375,0.4292997363717732,0.0505418810614798,0.2672393958581261,0.6772700568695502,0.0932873488416252,0.6553054237233579,0.0874254433530566,0.7846056123113436,0.1678023848383925,0.5961681001900573,0.7811299793122572,0.6529631631678563,0.4018625662193143,0.6820157084543662,0.2393403538714193,0.0829315076575535,0.4167722937265265,0.625952864999683,0.4599456182210407,0.1619689748119113,0.1340374282528391,0.4161033372665966,0.0837728279347068,0.6034807951330227,0.4942830488449056,0.4361550317873773,0.8946581576585532,0.3565006817487276,0.7325768604599981,0.4343121286236801,0.7761303015848893,0.8598136887814855,0.757088495015846,0.3498239306195442,0.6044808831273786,0.46,1813
0,0,0.9403320923709468,-0.0666247981157669,-0.0444345779191344,-0.9158685638885484,0.9375693837150344,0.7435041983579749,0.2628150346623187,-0.4359028763177263,-0.4461312972910708,-0.1091870990390622,0.9031136372264408,0.7712060998814025,0.7940857607710946,-0.406085530305021,-0.4989988225872546,0.3831603829172196,-0.9329186827596672,-0.45683489834726,0.3674682866600328,-0.4974777873183008,0.3304566471114932,0.983806855691618,0.6646330641723969,0.5741433350586591,0.8839084014298375,0.4292997363717732,0.0505418810614798,0.2672393958581261,0.6772700568695502,0.0932873488416252,0.6553054237233579,0.0874254433530566,0.7846056123113436,0.1678023848383925,0.5961681001900573,0.7811299793122572,0.6529631631678563,0.4018625662193143,0.6820157084543662,0.2393403538714193,0.0829315076575535,0.4167722937265265,0.625952864999683,0.4599456182210407,0.1619689748119113,0.1340374282528391,0.4161033372665966,0.0837728279347068,0.6034807951330227,0.4942830488449056,0.4361550317873773,0.8946581576585532,0.3565006817487276,0.7325768604599981,0.4343121286236801,0.7761303015848893,0.8598136887814855,0.757088495015846,0.3498239306195442,0.6044808831273786,0.46,1911
0,0,-0.2610533046659795,0.8903107312360652,-0.6058060075474907,0.7173175308039847,-0.1316365920797146,0.073749380008308,-0.1729565230071241,0.3273492473758428,0.4476361686197536,0.6152057003733564,-0.3451300289287813,0.5931127820496083,0.9890280755128238,-0.2331174698237967,-0.4224366265446806,0.2526458080069409,-0.2588988559898382,0.4885618811511225,-0.5365766885521221,0.0923391582035941,0.1284615122132743,0.8875110352500869,0.1077737355063934,0.4138568417268593,0.6051865917063266,0.2954706208757837,0.4838136977588968,0.5130551381251586,0.1945920354138479,0.1300344478100503,0.4914895555632477,0.8112218843269837,0.0042205725514051,0.0317032590041959,0.1051549342042901,0.5223435942576576,0.9735296371021688,0.1856711740736151,0.1474677169128976,0.959764210024543,0.3107882130302183,0.2658082554070393,0.0353842054261045,0.0545740224736855,0.9468932038584442,0.307054713688516,0.081726386352841,0.1399318519409548,0.6971569649292367,0.2057974280238264,0.7111579296910278,0.0040111238483031,0.1593299959519243,0.2526764086291959,0.2580709593134211,0.6907100921535979,0.9223397931441112,0.7839526521147276,0.7218058025782804,0.0972281829984157,0.63,197
0,0,0.9403320923709468,-0.0666247981157669,-0.0444345779191344,-0.9158685638885484,0.9375693837150344,0.7435041983579749,0.2628150346623187,-0.4359028763177263,-0.4461312972910708,-0.1091870990390622,0.9031136372264408,0.7712060998814025,0.7940857607710946,-0.406085530305021,-0.4989988225872546,0.3831603829172196,-0.9329186827596672,-0.45683489834726,0.3674682866600328,-0.4974777873183008,0.3304566471114932,0.983806855691618,0.6646330641723969,0.5741433350586591,0.8839084014298375,0.4292997363717732,0.0505418810614798,0.2672393958581261,0.6772700568695502,0.0932873488416252,0.6553054237233579,0.0874254433530566,0.7846056123113436,0.1678023848383925,0.5961681001900573,0.7811299793122572,0.6529631631678563,0.4018625662193143,0.6820157084543662,0.2393403538714193,0.0829315076575535,0.4167722937265265,0.625952864999683,0.4599456182210407,0.1619689748119113,0.1340374282528391,0.4161033372665966,0.0837728279347068,0.6034807951330227,0.4942830488449056,0.4361550317873773,0.8946581576585532,0.3565006817487276,0.7325768604599981,0.4343121286236801,0.7761303015848893,0.8598136887814855,0.757088495015846,0.3498239306195442,0.6044808831273786,0.46,2011
0,0,0.9403320923709468,-0.0666247981157669,-0.0444345779191344,-0.9158685638885484,0.9375693837150344,0.7435041983579749,0.2628150346623187,-0.4359028763177263,-0.4461312972910708,-0.1091870990390622,0.9031136372264408,0.7712060998814025,0.7940857607710946,-0.406085530305021,-0.4989988225872546,0.3831603829172196,-0.9329186827596672,-0.45683489834726,0.3674682866600328,-0.4974777873183008,0.3304566471114932,0.983806855691618,0.6646330641723969,0.5741433350586591,0.8839084014298375,0.4292997363717732,0.0505418810614798,0.2672393958581261,0.6772700568695502,0.0932873488416252,0.6553054237233579,0.0874254433530566,0.7846056123113436,0.1678023848383925,0.5961681001900573,0.7811299793122572,0.6529631631678563,0.4018625662193143,0.6820157084543662,0.2393403538714193,0.0829315076575535,0.4167722937265265,0.625952864999683,0.4599456182210407,0.1619689748119113,0.1340374282528391,0.4161033372665966,0.0837728279347068,0.6034807951330227,0.4942830488449056,0.4361550317873773,0.8946581576585532,0.3565006817487276,0.7325768604599981,0.4343121286236801,0.7761303015848893,0.8598136887814855,0.757088495015846,0.3498239306195442,0.6044808831273786,0.46,2107
0,0,0.9403320923709468,-0.0666247981157669,-0.0444345779191344,-0.9158685638885484,0.9375693837150344,0.7435041983579749,0.2628150346623187,-0.4359028763177263,-0.4461312972910708,-0.1091870990390622,0.9031136372264408,0.7712060998814025,0.7940857607710946,-0.406085530305021,-0.4989988225872546,0.3831603829172196,-0.9329186827596672,-0.45683489834726,0.3674682866600328,-0.4974777873183008,0.3304566471114932,0.983806855691618,0.6646330641723969,0.5741433350586591,0.8839084014298375,0.4292997363717732,0.0505418810614798,0.2672393958581261,0.6772700568695502,0.0932873488416252,0.6553054237233579,0.0874254433530566,0.7846056123113436,0.1678023848383925,0.5961681001900573,0.7811299793122572,0.6529631631678563,0.4018625662193143,0.6820157084543662,0.2393403538714193,0.0829315076575535,0.4167722937265265,0.625952864999683,0.4599456182210407,0.1619689748119113,0.1340374282528391,0.4161033372665966,0.0837728279347068,0.6034807951330227,0.4942830488449056,0.4361550317873773,0.8946581576585532,0.3565006817487276,0.7325768604599981,0.4343121286236801,0.7761303015848893,0.8598136887814855,0.757088495015846,0.3498239306195442,0.6044808831273786,0.46,2205
0,0,0.9403320923709468,-0.0666247981157669,-0.0444345779191344,-0.9158685638885484,0.9375693837150344,0.7435041983579749,0.2628150346623187,-0.4359028763177263,-0.4461312972910708,-0.1091870990390622,0.9031136372264408,0.7712060998814025,0.7940857607710946,-0.406085530305021,-0.4989988225872546,0.3831603829172196,-0.9329186827596672,-0.45683489834726,0.3674682866600328,-0.4974777873183008,0.3304566471114932,0.983806855691618,0.6646330641723969,0.5741433350586591,0.8839084014298375,0.4292997363717732,0.0505418810614798,0.2672393958581261,0.6772700568695502,0.0932873488416252,0.6553054237233579,0.0874254433530566,0.7846056123113436,0.1678023848383925,0.5961681001900573,0.7811299793122572,0.6529631631678563,0.4018625662193143,0.6820157084543662,0.2393403538714193,0.0829315076575535,0.4167722937265265,0.625952864999683,0.4599456182210407,0.1619689748119113,0.1340374282528391,0.4161033372665966,0.0837728279347068,0.6034807951330227,0.4942830488449056,0.4361550317873773,0.8946581576585532,0.3565006817487276,0.7325768604599981,0.4343121286236801,0.7761303015848893,0.8598136887814855,0.757088495015846,0.3498239306195442,0.6044808831273786,0.46,2302
0,0,0.9403320923709468,-0.0666247981157669,-0.0444345779191344,-0.9158685638885484,0.9375693837150344,0.7435041983579749,0.2628150346623187,-0.4359028763177263,-0.4461312972910708,-0.1091870990390622,0.9031136372264408,0.7712060998814025,0.7940857607710946,-0.406085530305021,-0.4989988225872546,0.3831603829172196,-0.9329186827596672,-0.45683489834726,0.3674682866600328,-0.4974777873183008,0.3304566471114932,0.983806855691618,0.6646330641723969,0.5741433350586591,0.8839084014298375,0.4292997363717732,0.0505418810614798,0.2672393958581261,0.6772700568695502,0.0932873488416252,0.6553054237233579,0.0874254433530566,0.7846056123113436,0.1678023848383925,0.5961681001900573,0.7811299793122572,0.6529631631678563,0.4018625662193143,0.6820157084543662,0.2393403538714193,0.0829315076575535,0.4167722937265265,0.625952864999683,0.4599456182210407,0.1619689748119113,0.1340374282528391,0.4161033372665966,0.0837728279347068,0.6034807951330227,0.4942830488449056,0.4361550317873773,0.8946581576585532,0.3565006817487276,0.7325768604599981,0.4343121286236801,0.7761303015848893,0.8598136887814855,0.757088495015846,0.3498239306195442,0.6044808831273786,0.46,2403
0,0,0.9403320923709468,-0.0666247981157669,-0.0444345779191344,-0.9158685638885484,0.9375693837150344,0.7435041983579749,0.2628150346623187,-0.4359028763177263,-0.4461312972910708,-0.1091870990390622,0.9031136372264408,0.7712060998814025,0.7940857607710946,-0.406085530305021,-0.4989988225872546,0.3831603829172196,-0.9329186827596672,-0.45683489834726,0.3674682866600328,-0.4974777873183008,0.3304566471114932,0.983806855691618,0.6646330641723969,0.5741433350586591,0.8839084014298375,0.4292997363717732,0.0505418810614798,0.2672393958581261,0.6772700568695502,0.0932873488416252,0.6553054237233579,0.0874254433530566,0.7846056123113436,0.1678023848383925,0.5961681001900573,0.7811299793122572,0.6529631631678563,0.4018625662193143,0.6820157084543662,0.2393403538714193,0.0829315076575535,0.4167722937265265,0.625952864999683,0.4599456182210407,0.1619689748119113,0.1340374282528391,0.4161033372665966,0.0837728279347068,0.6034807951330227,0.4942830488449056,0.4361550317873773,0.8946581576585532,0.3565006817487276,0.7325768604599981,0.4343121286236801,0.7761303015848893,0.8598136887814855,0.757088495015846,0.3498239306195442,0.6044808831273786,0.46,2503
0,0,0.9403320923709468,-0.0666247981157669,-0.0444345779191344,-0.9158685638885484,0.9375693837150344,0.7435041983579749,0.2628150346623187,-0.4359028763177263,-0.4461312972910708,-0.1091870990390622,0.9031136372264408,0.7712060998814025,0.7940857607710946,-0.406085530305021,-0.4989988225872546,0.3831603829172196,-0.9329186827596672,-0.45683489834726,0.3674682866600328,-0.4974777873183008,0.3304566471114932,0.983806855691618,0.6646330641723969,0.5741433350586591,0.8839084014298375,0.4292997363717732,0.0505418810614798,0.2672393958581261,0.6772700568695502,0.0932873488416252,0.6553054237233579,0.0874254433530566,0.7846056123113436,0.1678023848383925,0.5961681001900573,0.7811299793122572,0.6529631631678563,0.4018625662193143,0.6820157084543662,0.2393403538714193,0.0829315076575535,0.4167722937265265,0.625952864999683,0.4599456182210407,0.1619689748119113,0.1340374282528391,0.4161033372665966,0.0837728279347068,0.6034807951330227,0.4942830488449056,0.4361550317873773,0.8946581576585532,0.3565006817487276,0.7325768604599981,0.4343121286236801,0.7761303015848893,0.8598136887814855,0.757088495015846,0.3498239306195442,0.6044808831273786,0.46,2603
0,0,0.9403320923709468,-0.0666247981157669,-0.0444345779191344,-0.9158685638885484,0.9375693837150344,0.7435041983579749,0.2628150346623187,-0.4359028763177263,-0.4461312972910708,-0.1091870990390622,0.9031136372264408,0.7712060998814025,0.7940857607710946,-0.406085530305021,-0.4989988225872546,0.3831603829172196,-0.9329186827596672,-0.45683489834726,0.3674682866600328,-0.4974777873183008,0.3304566471114932,0.983806855691618,0.6646330641723969,0.5741433350586591,0.8839084014298375,0.4292997363717732,0.0505418810614798,0.2672393958581261,0.6772700568695502,0.0932873488416252,0.6553054237233579,0.0874254433530566,0.7846056123113436,0.1678023848383925,0.5961681001900573,0.7811299793122572,0.6529631631678563,0.4018625662193143,0.6820157084543662,0.2393403538714193,0.0829315076575535,0.4167722937265265,0.625952864999683,0.4599456182210407,0.1619689748119113,0.1340374282528391,0.4161033372665966,0.0837728279347068,0.6034807951330227,0.4942830488449056,0.4361550317873773,0.8946581576585532,0.3565006817487276,0.7325768604599981,0.4343121286236801,0.7761303015848893,0.8598136887814855,0.757088495015846,0.3498239306195442,0.6044808831273786,0.46,2700
0,0,0.9403320923709468,-0.0666247981157669,-0.0444345779191344,-0.9158685638885484,0.9375693837150344,0.7435041983579749,0.2628150346623187,-0.4359028763177263,-0.4461312972910708,-0.1091870990390622,0.9031136372264408,0.7712060998814025,0.7940857607710946,-0.406085530305021,-0.4989988225872546,0.3831603829172196,-0.9329186827596672,-0.45683489834726,0.3674682866600328,-0.4974777873183008,0.3304566471114932,0.983806855691618,0.6646330641723969,0.5741433350586591,0.8839084014298375,0.4292997363717732,0.0505418810614798,0.2672393958581261,0.6772700568695502,0.0932873488416252,0.6553054237233579,0.0874254433530566,0.7846056123113436,0.1678023848383925,0.5961681001900573,0.7811299793122572,0.6529631631678563,0.4018625662193143,0.6820157084543662,0.2393403538714193,0.0829315076575535,0.4167722937265265,0.625952864999683,0.4599456182210407,0.1619689748119113,0.1340374282528391,0.4161033372665966,0.0837728279347068,0.6034807951330227,0.4942830488449056,0.4361550317873773,0.8946581576585532,0.3565006817487276,0.7325768604599981,0.4343121286236801,0.7761303015848893,0.8598136887814855,0.757088495015846,0.3498239306195442,0.6044808831273786,0.46,2799
0,0,0.9403320923709468,-0.0666247981157669,-0.0444345779191344,-0.9158685638885484,0.9375693837150344,0.7435041983579749,0.2628150346623187,-0.4359028763177263,-0.4461312972910708,-0.1091870990390622,0.9031136372264408,0.7712060998814025,0.7940857607710946,-0.406085530305021,-0.4989988225872546,0.3831603829172196,-0.9329186827596672,-0.45683489834726,0.3674682866600328,-0.4974777873183008,0.3304566471114932,0.983806855691618,0.6646330641723969,0.5741433350586591,0.8839084014298375,0.4292997363717732,0.0505418810614798,0.2672393958581261,0.6772700568695502,0.0932873488416252,0.6553054237233579,0.0874254433530566,0.7846056123113436,0.1678023848383925,0.5961681001900573,0.7811299793122572,0.6529631631678563,0.4018625662193143,0.6820157084543662,0.2393403538714193,0.0829315076575535,0.4167722937265265,0.625952864999683,0.4599456182210407,0.1619689748119113,0.1340374282528391,0.4161033372665966,0.0837728279347068,0.6034807951330227,0.4942830488449056,0.4361550317873773,0.8946581576585532,0.3565006817487276,0.7325768604599981,0.4343121286236801,0.7761303015848893,0.8598136887814855,0.757088495015846,0.3498239306195442,0.6044808831273786,0.46,2898
0,0,-0.2610533046659795,0.8903107312360652,-0.6058060075474907,0.7173175308039847,-0.1316365920797146,0.073749380008308,-0.1729565230071241,0.3273492473758428,0.4476361686197536,0.6152057003733564,-0.3451300289287813,0.5931127820496083,0.9890280755128238,-0.2331174698237967,-0.4224366265446806,0.2526458080069409,-0.2588988559898382,0.4885618811511225,-0.5365766885521221,0.0923391582035941,0.1284615122132743,0.8875110352500869,0.1077737355063934,0.4138568417268593,0.6051865917063266,0.2954706208757837,0.4838136977588968,0.5130551381251586,0.1945920354138479,0.1300344478100503,0.4914895555632477,0.8112218843269837,0.0042205725514051,0.0317032590041959,0.1051549342042901,0.5223435942576576,0.9735296371021688,0.1856711740736151,0.1474677169128976,0.959764210024543,0.3107882130302183,0.2658082554070393,0.0353842054261045,0.0545740224736855,0.9468932038584442,0.307054713688516,0.081726386352841,0.1399318519409548,0.6971569649292367,0.2057974280238264,0.7111579296910278,0.0040111238483031,0.1593299959519243,0.2526764086291959,0.2580709593134211,0.6907100921535979,0.9223397931441112,0.7839526521147276,0.7218058025782804,0.0972281829984157,0.63,294
0,0,0.9403320923709468,-0.0666247981157669,-0.0444345779191344,-0.9158685638885484,0.9375693837150344,0.7435041983579749,0.2628150346623187,-0.4359028763177263,-0.4461312972910708,-0.1091870990390622,0.9031136372264408,0.7712060998814025,0.7940857607710946,-0.406085530305021,-0.4989988225872546,0.3831603829172196,-0.9329186827596672,-0.45683489834726,0.3674682866600328,-0.4974777873183008,0.3304566471114932,0.983806855691618,0.6646330641723969,0.5741433350586591,0.8839084014298375,0.4292997363717732,0.0505418810614798,0.2672393958581261,0.6772700568695502,0.0932873488416252,0.6553054237233579,0.0874254433530566,0.7846056123113436,0.1678023848383925,0.5961681001900573,0.7811299793122572,0.6529631631678563,0.4018625662193143,0.6820157084543662,0.2393403538714193,0.0829315076575535,0.4167722937265265,0.625952864999683,0.4599456182210407,0.1619689748119113,0.1340374282528391,0.4161033372665966,0.0837728279347068,0.6034807951330227,0.4942830488449056,0.4361550317873773,0.8946581576585532,0.3565006817487276,0.7325768604599981,0.4343121286236801,0.7761303015848893,0.8598136887814855,0.757088495015846,0.3498239306195442,0.6044808831273786,0.46,2995
0,0,0.9403320923709468,-0.0666247981157669,-0.0444345779191344,-0.9158685638885484,0.9375693837150344,0.7435041983579749,0.2628150346623187,-0.4359028763177263,-0.4461312972910708,-0.1091870990390622,0.9031136372264408,0.7712060998814025,0.7940857607710946,-0.406085530305021,-0.4989988225872546,0.3831603829172196,-0.9329186827596672,-0.45683489834726,0.3674682866600328,-0.4974777873183008,0.3304566471114932,0.983806855691618,0.6646330641723969,0.5741433350586591,0.8839084014298375,0.4292997363717732,0.0505418810614798,0.2672393958581261,0.6772700568695502,0.0932873488416252,0.6553054237233579,0.0874254433530566,0.7846056123113436,0.1678023848383925,0.5961681001900573,0.7811299793122572,0.6529631631678563,0.4018625662193143,0.6820157084543662,0.2393403538714193,0.0829315076575535,0.4167722937265265,0.625952864999683,0.4599456182210407,0.1619689748119113,0.1340374282528391,0.4161033372665966,0.0837728279347068,0.6034807951330227,0.4942830488449056,0.4361550317873773,0.8946581576585532,0.3565006817487276,0.7325768604599981,0.4343121286236801,0.7761303015848893,0.8598136887814855,0.757088495015846,0.3498239306195442,0.6044808831273786,0.46,3095
0,0,0.9403320923709468,-0.0666247981157669,-0.0444345779191344,-0.9158685638885484,0.9375693837150344,0.7435041983579749,0.2628150346623187,-0.4359028763177263,-0.4461312972910708,-0.1091870990390622,0.9031136372264408,0.7712060998814025,0.7940857607710946,-0.406085530305021,-0.4989988225872546,0.3831603829172196,-0.9329186827596672,-0.45683489834726,0.3674682866600328,-0.4974777873183008,0.3304566471114932,0.983806855691618,0.6646330641723969,0.5741433350586591,0.8839084014298375,0.4292997363717732,0.0505418810614798,0.2672393958581261,0.6772700568695502,0.0932873488416252,0.6553054237233579,0.0874254433530566,0.7846056123113436,0.1678023848383925,0.5961681001900573,0.7811299793122572,0.6529631631678563,0.4018625662193143,0.6820157084543662,0.2393403538714193,0.0829315076575535,0.4167722937265265,0.625952864999683,0.4599456182210407,0.1619689748119113,0.1340374282528391,0.4161033372665966,0.0837728279347068,0.6034807951330227,0.4942830488449056,0.4361550317873773,0.8946581576585532,0.3565006817487276,0.7325768604599981,0.4343121286236801,0.7761303015848893,0.8598136887814855,0.757088495015846,0.3498239306195442,0.6044808831273786,0.46,3191
0,0,0.9942456433967548,0.2129939816897208,-0.0468357063723254,-0.9416522723582108,0.8961682349722868,0.7586059329878299,-0.3459050208536379,-0.4291368498209104,-0.4244849394516516,-0.1103088156115446,0.5276457078026413,0.9310534034331208,0.2174190334652248,-0.4378841652069344,-0.919474746105052,0.1739677782367867,-0.9058660029381383,-0.5922176747529242,-0.9858367934469447,0.3675533941707031,0.3306160734305686,1.0,0.6544835532281686,0.5257331338897431,0.8498289184483048,0.4309419964849337,0.0487176759186381,0.2643957024930391,0.6842585265757847,0.1219812128492572,0.6741991201760223,0.0713804271759262,0.2118229135624782,0.1275254616720011,0.6043795625651832,0.6657393174659183,0.3752461928786215,0.3897313789015191,0.0483311602620521,0.1989628839432292,0.0793346094126324,0.4205949415538506,0.6209204695090774,0.4557120545312249,0.1476203384437621,0.1351095638987,0.037138226309003,0.0824592317209057,0.6447121812437191,0.4823078972357494,0.4365574113494863,0.0852897496983639,0.1041929621681656,0.4174755551950862,0.4128338423497312,0.7632586819803842,0.889832847763758,0.7603018663769083,0.2077209838778307,0.6221409664336409,0.42,3285
0,0,0.997488518340533,0.2094512194063645,-0.0464210420654397,-0.9464049598106482,0.8827481275697742,0.7565154058517323,-0.349706868633316,-0.4334120583941923,-0.426215107496672,-0.1099427065620843,0.5111775683832486,0.8370192633091691,0.3521283026375323,-0.4375800906106007,-0.9056275929965416,0.1390874822721524,-0.9195784658011844,-0.5935178971748544,-0.9826999711745183,-0.7104960497678999,0.329740783170815,0.9854182343692072,0.6722130594445015,0.5288219844941145,0.8595720678550512,0.4337188204447935,0.0491189855642213,0.2651550977738467,0.6756379822260585,0.1223782841068017,0.6733903569095744,0.0761957022681784,0.2393803423632611,0.1293782246052477,0.565469106151867,0.6697004619482537,0.5353833122201331,0.4097386903649664,0.0150009181434936,0.1833267741926866,0.0784558752845686,0.4256762103815935,0.6286142917937302,0.4597601452003724,0.1459825880187518,0.1344242435952873,0.039748755517598,0.0827859717553571,0.647083625938916,0.4784438276206608,0.4952956575380363,0.1289679114572047,0.115710623579498,0.4369489977420521,0.4127106418289661,0.7699677024731441,0.8768476883977784,0.7596711262155494,0.2118907674848163,0.6162620649253026,0.39,3383
0,0,0.997488518340533,0.2094512194063645,-0.0464210420654397,-0.9464049598106482,0.8827481275697742,0.7565154058517323,-0.349706868633316,-0.4334120583941923,-0.426215107496672,-0.1099427065620843,0.5111775683832486,0.8370192633091691,0.3521283026375323,-0.4375800906106007,-0.9056275929965416,0.1390874822721524,-0.9195784658011844,-0.5935178971748544,-0.9826999711745183,-0.7104960497678999,0.329740783170815,0.9854182343692072,0.6722130594445015,0.5288219844941145,0.8595720678550512,0.4337188204447935,0.0491189855642213,0.2651550977738467,0.6756379822260585,0.1223782841068017,0.6733903569095744,0.0761957022681784,0.2393803423632611,0.1293782246052477,0.565469106151867,0.6697004619482537,0.5353833122201331,0.4097386903649664,0.0150009181434936,0.1833267741926866,0.0784558752845686,0.4256762103815935,0.6286142917937302,0.4597601452003724,0.1459825880187518,0.1344242435952873,0.039748755517598,0.0827859717553571,0.647083625938916,0.4784438276206608,0.4952956575380363,0.1289679114572047,0.115710623579498,0.4369489977420521,0.4127106418289661,0.7699677024731441,0.8768476883977784,0.7596711262155494,0.2118907674848163,0.6162620649253026,0.39,3482
0,0,0.997488518340533,0.2094512194063645,-0.0464210420654397,-0.9464049598106482,0.8827481275697742,0.7565154058517323,-0.349706868633316,-0.4334120583941923,-0.426215107496672,-0.1099427065620843,0.5111775683832486,0.8370192633091691,0.3521283026375323,-0.4375800906106007,-0.9056275929965416,0.1390874822721524,-0.9195784658011844,-0.5935178971748544,-0.9826999711745183,-0.7104960497678999,0.329740783170815,0.9854182343692072,0.6722130594445015,0.5288219844941145,0.8595720678550512,0.4337188204447935,0.0491189855642213,0.2651550977738467,0.6756379822260585,0.1223782841068017,0.6733903569095744,0.0761957022681784,0.2393803423632611,0.1293782246052477,0.565469106151867,0.6697004619482537,0.5353833122201331,0.4097386903649664,0.0150009181434936,0.1833267741926866,0.0784558752845686,0.4256762103815935,0.6286142917937302,0.4597601452003724,0.1459825880187518,0.1344242435952873,0.039748755517598,0.0827859717553571,0.647083625938916,0.4784438276206608,0.4952956575380363,0.1289679114572047,0.115710623579498,0.4369489977420521,0.4127106418289661,0.7699677024731441,0.8768476883977784,0.7596711262155494,0.2118907674848163,0.6162620649253026,0.39,3582
0,0,0.993927156658956,0.2101429718098421,-0.0471349364918143,-0.9372556441535403,0.896215496973477,0.7550218492962231,-0.3464361963978954,-0.4328643323561196,-0.4319635548588006,-0.1103283695395937,0.5247434547810215,0.8391577279161044,0.4048728641926317,-0.4321575577689678,-0.9087291309923002,0.2081555385347622,-0.9183577993414326,-0.2634802271839792,-0.9506064473542152,-0.6095862418544649,0.3308243119625532,1.0,0.6644206512596622,0.5303064700581341,0.8540366541693802,0.4307477944752463,0.0318080424802039,0.2635956720762589,0.6795725395902216,0.1222663148742455,0.6639658554039253,0.0716566544393446,0.2366371665152211,0.1261805956889658,0.5948408938253006,0.7320087181227656,0.3746506535486791,0.3920201282313134,0.051804222089142,0.1388358007610811,0.0793377208675343,0.4218319850425551,0.6209409990733995,0.4633014257187912,0.094400305138205,0.1365433459758348,0.0166325448474048,0.0827116206517495,0.6431914315201751,0.4806700572507906,0.4708146300521642,0.1249376257560228,0.1042535602761553,0.4251141897602743,0.41068621789325,0.7729786102077026,0.8730340673976935,0.7560858711961139,0.2136761513573887,0.6170182508025488,0.38,3682
0,0,0.993927156658956,0.2101429718098421,-0.0471349364918143,-0.9372556441535403,0.896215496973477,0.7550218492962231,-0.3464361963978954,-0.4328643323561196,-0.4319635548588006,-0.1103283695395937,0.5247434547810215,0.8391577279161044,0.4048728641926317,-0.4321575577689678,-0.9087291309923002,0.2081555385347622,-0.9183577993414326,-0.2634802271839792,-0.9506064473542152,-0.6095862418544649,0.3308243119625532,1.0,0.6644206512596622,0.5303064700581341,0.8540366541693802,0.4307477944752463,0.0318080424802039,0.2635956720762589,0.6795725395902216,0.1222663148742455,0.6639658554039253,0.0716566544393446,0.2366371665152211,0.1261805956889658,0.5948408938253006,0.7320087181227656,0.3746506535486791,0.3920201282313134,0.051804222089142,0.1388358007610811,0.0793377208675343,0.4218319850425551,0.6209409990733995,0.4633014257187912,0.094400305138205,0.1365433459758348,0.0166325448474048,0.0827116206517495,0.6431914315201751,0.4806700572507906,0.4708146300521642,0.1249376257560228,0.1042535602761553,0.4251141897602743,0.41068621789325,0.7729786102077026,0.8730340673976935,0.7560858711961139,0.2136761513573887,0.6170182508025488,0.38,3778
0,0,-0.2610533046659795,0.8903107312360652,-0.6058060075474907,0.7173175308039847,-0.1316365920797146,0.073749380008308,-0.1729565230071241,0.3273492473758428,0.4476361686197536,0.6152057003733564,-0.3451300289287813,0.5931127820496083,0.9890280755128238,-0.2331174698237967,-0.4224366265446806,0.2526458080069409,-0.2588988559898382,0.4885618811511225,-0.5365766885521221,0.0923391582035941,0.1284615122132743,0.8875110352500869,0.1077737355063934,0.4138568417268593,0.6051865917063266,0.2954706208757837,0.4838136977588968,0.5130551381251586,0.1945920354138479,0.1300344478100503,0.4914895555632477,0.8112218843269837,0.0042205725514051,0.0317032590041959,0.1051549342042901,0.5223435942576576,0.9735296371021688,0.1856711740736151,0.1474677169128976,0.959764210024543,0.3107882130302183,0.2658082554070393,0.0353842054261045,0.0545740224736855,0.9468932038584442,0.307054713688516,0.081726386352841,0.1399318519409548,0.6971569649292367,0.2057974280238264,0.7111579296910278,0.0040111238483031,0.1593299959519243,0.2526764086291959,0.2580709593134211,0.6907100921535979,0.9223397931441112,0.7839526521147276,0.7218058025782804,0.0972281829984157,0.63,386
0,0,0.993927156658956,0.2101429718098421,-0.0471349364918143,-0.9372556441535403,0.896215496973477,0.7550218492962231,-0.3464361963978954,-0.4328643323561196,-0.4319635548588006,-0.1103283695395937,0.5247434547810215,0.8391577279161044,0.4048728641926317,-0.4321575577689678,-0.9087291309923002,0.2081555385347622,-0.9183577993414326,-0.2634802271839792,-0.9506064473542152,-0.6095862418544649,0.3308243119625532,1.0,0.6644206512596622,0.5303064700581341,0.8540366541693802,0.4307477944752463,0.0318080424802039,0.2635956720762589,0.6795725395902216,0.1222663148742455,0.6639658554039253,0.0716566544393446,0.2366371665152211,0.1261805956889658,0.5948408938253006,0.7320087181227656,0.3746506535486791,0.3920201282313134,0.051804222089142,0.1388358007610811,0.0793377208675343,0.4218319850425551,0.6209409990733995,0.4633014257187912,0.094400305138205,0.1365433459758348,0.0166325448474048,0.0827116206517495,0.6431914315201751,0.4806700572507906,0.4708146300521642,0.1249376257560228,0.1042535602761553,0.4251141897602743,0.41068621789325,0.7729786102077026,0.8730340673976935,0.7560858711961139,0.2136761513573887,0.6170182508025488,0.38,3872
0,0,0.993927156658956,0.2101429718098421,-0.0471349364918143,-0.9372556441535403,0.896215496973477,0.7550218492962231,-0.3464361963978954,-0.4328643323561196,-0.4319635548588006,-0.1103283695395937,0.5247434547810215,0.8391577279161044,0.4048728641926317,-0.4321575577689678,-0.9087291309923002,0.2081555385347622,-0.9183577993414326,-0.2634802271839792,-0.9506064473542152,-0.6095862418544649,0.3308243119625532,1.0,0.6644206512596622,0.5303064700581341,0.8540366541693802,0.4307477944752463,0.0318080424802039,0.2635956720762589,0.6795725395902216,0.1222663148742455,0.6639658554039253,0.0716566544393446,0.2366371665152211,0.1261805956889658,0.5948408938253006,0.7320087181227656,0.3746506535486791,0.3920201282313134,0.051804222089142,0.1388358007610811,0.0793377208675343,0.4218319850425551,0.6209409990733995,0.4633014257187912,0.094400305138205,0.1365433459758348,0.0166325448474048,0.0827116206517495,0.6431914315201751,0.4806700572507906,0.4708146300521642,0.1249376257560228,0.1042535602761553,0.4251141897602743,0.41068621789325,0.7729786102077026,0.8730340673976935,0.7560858711961139,0.2136761513573887,0.6170182508025488,0.38,3970
0,0,0.993927156658956,0.2101429718098421,-0.0471349364918143,-0.9372556441535403,0.896215496973477,0.7550218492962231,-0.3464361963978954,-0.4328643323561196,-0.4319635548588006,-0.1103283695395937,0.5247434547810215,0.8391577279161044,0.4048728641926317,-0.4321575577689678,-0.9087291309923002,0.2081555385347622,-0.9183577993414326,-0.2634802271839792,-0.9506064473542152,-0.6095862418544649,0.3308243119625532,1.0,0.6644206512596622,0.5303064700581341,0.8540366541693802,0.4307477944752463,0.0318080424802039,0.2635956720762589,0.6795725395902216,0.1222663148742455,0.6639658554039253,0.0716566544393446,0.2366371665152211,0.1261805956889658,0.5948408938253006,0.7320087181227656,0.3746506535486791,0.3920201282313134,0.051804222089142,0.1388358007610811,0.0793377208675343,0.4218319850425551,0.6209409990733995,0.4633014257187912,0.094400305138205,0.1365433459758348,0.0166325448474048,0.0827116206517495,0.6431914315201751,0.4806700572507906,0.4708146300521642,0.1249376257560228,0.1042535602761553,0.4251141897602743,0.41068621789325,0.7729786102077026,0.8730340673976935,0.7560858711961139,0.2136761513573887,0.6170182508025488,0.38,4066
0,0,0.993927156658956,0.2101429718098421,-0.0471349364918143,-0.9372556441535403,0.896215496973477,0.7550218492962231,-0.3464361963978954,-0.4328643323561196,-0.4319635548588006,-0.1103283695395937,0.5247434547810215,0.8391577279161044,0.4048728641926317,-0.4321575577689678,-0.9087291309923002,0.2081555385347622,-0.9183577993414326,-0.2634802271839792,-0.9506064473542152,-0.6095862418544649,0.3308243119625532,1.0,0.6644206512596622,0.5303064700581341,0.8540366541693802,0.4307477944752463,0.0318080424802039,0.2635956720762589,0.6795725395902216,0.1222663148742455,0.6639658554039253,0.0716566544393446,0.2366371665152211,0.1261805956889658,0.5948408938253006,0.7320087181227656,0.3746506535486791,0.3920201282313134,0.051804222089142,0.1388358007610811,0.0793377208675343,0.4218319850425551,0.6209409990733995,0.4633014257187912,0.094400305138205,0.1365433459758348,0.0166325448474048,0.0827116206517495,0.6431914315201751,0.4806700572507906,0.4708146300521642,0.1249376257560228,0.1042535602761553,0.4251141897602743,0.41068621789325,0.7729786102077026,0.8730340673976935,0.7560858711961139,0.2136761513573887,0.6170182508025488,0.38,4166
0,0,0.993927156658956,0.2101429718098421,-0.0471349364918143,-0.9372556441535403,0.896215496973477,0.7550218492962231,-0.3464361963978954,-0.4328643323561196,-0.4319635548588006,-0.1103283695395937,0.5247434547810215,0.8391577279161044,0.4048728641926317,-0.4321575577689678,-0.9087291309923002,0.2081555385347622,-0.9183577993414326,-0.2634802271839792,-0.9506064473542152,-0.6095862418544649,0.3308243119625532,1.0,0.6644206512596622,0.5303064700581341,0.8540366541693802,0.4307477944752463,0.0318080424802039,0.2635956720762589,0.6795725395902216,0.1222663148742455,0.6639658554039253,0.0716566544393446,0.2366371665152211,0.1261805956889658,0.5948408938253006,0.7320087181227656,0.3746506535486791,0.3920201282313134,0.051804222089142,0.1388358007610811,0.0793377208675343,0.4218319850425551,0.6209409990733995,0.4633014257187912,0.094400305138205,0.1365433459758348,0.0166325448474048,0.0827116206517495,0.6431914315201751,0.4806700572507906,0.4708146300521642,0.1249376257560228,0.1042535602761553,0.4251141897602743,0.41068621789325,0.7729786102077026,0.8730340673976935,0.7560858711961139,0.2136761513573887,0.6170182508025488,0.38,4265
0,0,1.0,0.2131039385428079,-0.0470156655351763,-0.9454543741796538,0.898798950162776,0.7563821279047488,-0.335761556391808,-0.3526173032708213,-0.4273353085106964,-0.1101823919086634,0.5172444939536165,0.7845590620090038,0.3849577705858649,-0.4287259903415319,-0.8980917962389179,0.1141998937515913,-0.9078496991223932,-0.5747969724203434,-0.9845866996876984,-0.7530604914163597,0.3272720423986456,1.0,0.6642709098187723,0.542605174180179,0.8563108879934032,0.4338421723701743,0.0482141593443277,0.2661731869501784,0.6836412870352142,0.1220334126758966,0.6884960501185388,0.0795418628790971,0.2852595297870918,0.1281792700617141,0.6013830495104278,0.6673536784608493,0.5502984829916729,0.3949046658395649,0.0551377525000344,0.2127461584425742,0.0824840359436799,0.4389018470227662,0.6330472716761529,0.4378599732390757,0.1438258726764851,0.1350047583532435,0.0085280127102775,0.0825370548705828,0.6407512816408473,0.4826243846614291,0.4937588351551112,0.1644753716004667,0.1025852806498872,0.4235568255650961,0.4165834544672483,0.7544695030909746,0.7471629977605012,0.735338579445396,0.2157945560504371,0.6141599208780225,0.36,4363
0,0,0.9836045296902808,0.2081330820588214,-0.0479194279188332,-0.9292288400434148,0.8971656426753325,0.7534585523516133,-0.3481397531329829,-0.4326375397020813,-0.4319368125030858,-0.109882168025706,0.5252789812234406,0.7724234182347816,0.4034296788521718,-0.4310384847332272,-0.9098894708021056,0.2094851963686163,-0.9131869210798302,-0.2817330872317271,-0.9459336959612226,-0.610774211215573,0.3297090767097181,0.9993534637327732,0.6607425753105723,0.530055201258515,0.8530509862320231,0.4337677713381717,0.03241703512256,0.2623468219366355,0.6832922877775355,0.1236865725351167,0.6655450380327464,0.0716565853956224,0.2425213186527199,0.1280853975211013,0.5892098416089975,0.7218723943514189,0.3957916256510888,0.3960486631865943,0.0490774365078506,0.1404581274937957,0.0790680333438861,0.4280900557401543,0.6252370593353256,0.4725928939038268,0.0960220844252452,0.1359852971318286,0.0198062638764412,0.0830431411425753,0.6450850795283712,0.4784505739906515,0.4731535003821254,0.1216773828575748,0.1038629266648773,0.4344297891541789,0.4101324715110432,0.7720755735395662,0.874589852579927,0.7444416389545705,0.2172248662101722,0.6124327160733555,0.34,4461
0,0,0.98981742437352,0.2155033625626439,-0.0470223949626278,-0.9419742395894836,0.7701601889654599,0.9113590409560977,-0.3498719974693922,-0.4299625408310744,-0.4129686181749119,-0.1102063771590552,0.5215356654954773,0.8730375792543918,0.4600698350208123,-0.4289703647803855,-0.9192112888066818,0.1581567176556066,-0.9137554111754848,-0.5902426618321516,-0.9821335159859538,-0.2442886473592806,0.3305983600427833,0.9989167578158958,0.6623379994043409,0.5451948161548235,0.8530488393737466,0.4267670431291149,0.0490950364628808,0.2640940077682404,0.6833958162904863,0.1222079263657128,0.681953605386586,0.0756674767681219,0.2163082524767125,0.1261940980332692,0.5521093589659691,0.6668152695903586,0.383187218457808,0.3871273302339812,0.2843998813009542,0.1402079883101491,0.0797516981143672,0.4214059555415352,0.6230655923081689,0.4648462740640237,0.0966457693732944,0.1349372531316604,0.0401563585567899,0.0825310940116699,0.6441541456823381,0.4784297745029446,0.4305622718361865,0.1229952718542547,0.0938389292339509,0.3943259403510398,0.409080911860375,0.7768653339137643,0.870510997859372,0.7551679807663928,0.2107321908539632,0.6148624576912417,0.31,4556
0,0,0.98981742437352,0.2155033625626439,-0.0470223949626278,-0.9419742395894836,0.7701601889654599,0.9113590409560977,-0.3498719974693922,-0.4299625408310744,-0.4129686181749119,-0.1102063771590552,0.5215356654954773,0.8730375792543918,0.4600698350208123,-0.4289703647803855,-0.9192112888066818,0.1581567176556066,-0.9137554111754848,-0.5902426618321516,-0.9821335159859538,-0.2442886473592806,0.3305983600427833,0.9989167578158958,0.6623379994043409,0.5451948161548235,0.8530488393737466,0.4267670431291149,0.0490950364628808,0.2640940077682404,0.6833958162904863,0.1222079263657128,0.681953605386586,0.0756674767681219,0.2163082524767125,0.1261940980332692,0.5521093589659691,0.6668152695903586,0.383187218457808,0.3871273302339812,0.2843998813009542,0.1402079883101491,0.0797516981143672,0.4214059555415352,0.6230655923081689,0.4648462740640237,0.0966457693732944,0.1349372531316604,0.0401563585567899,0.0825310940116699,0.6441541456823381,0.4784297745029446,0.4305622718361865,0.1229952718542547,0.0938389292339509,0.3943259403510398,0.409080911860375,0.7768653339137643,0.870510997859372,0.7551679807663928,0.2107321908539632,0.6148624576912417,0.31,4652
0,0,0.98981742437352,0.2155033625626439,-0.0470223949626278,-0.9419742395894836,0.7701601889654599,0.9113590409560977,-0.3498719974693922,-0.4299625408310744,-0.4129686181749119,-0.1102063771590552,0.5215356654954773,0.8730375792543918,0.4600698350208123,-0.4289703647803855,-0.9192112888066818,0.1581567176556066,-0.9137554111754848,-0.5902426618321516,-0.9821335159859538,-0.2442886473592806,0.3305983600427833,0.9989167578158958,0.6623379994043409,0.5451948161548235,0.8530488393737466,0.4267670431291149,0.0490950364628808,0.2640940077682404,0.6833958162904863,0.1222079263657128,0.681953605386586,0.0756674767681219,0.2163082524767125,0.1261940980332692,0.5521093589659691,0.6668152695903586,0.383187218457808,0.3871273302339812,0.2843998813009542,0.1402079883101491,0.0797516981143672,0.4214059555415352,0.6230655923081689,0.4648462740640237,0.0966457693732944,0.1349372531316604,0.0401563585567899,0.0825310940116699,0.6441541456823381,0.4784297745029446,0.4305622718361865,0.1229952718542547,0.0938389292339509,0.3943259403510398,0.409080911860375,0.7768653339137643,0.870510997859372,0.7551679807663928,0.2107321908539632,0.6148624576912417,0.31,4750
0,0,-0.284298751213671,0.1861528589839504,-0.0599432549522743,-0.8964249711876556,0.9011432840810742,0.7363381760413098,-0.3030864443945005,-0.4070415433498552,-0.4723841837115561,-0.1020098284010357,0.5636748865278279,0.6887438329761394,0.4239222656251007,0.4768972586433219,-0.789538573517379,1.0,-0.1677371007013293,0.8105069244267625,0.2021633683924648,0.9431876890876952,0.3413826354919343,0.737236296879866,0.8702798620525685,0.5576704896689666,0.7849218910885557,0.4153106408278887,0.0466962302782627,0.3249953842407209,0.6939495399448908,0.118743053952068,0.8982268241896126,0.1549273523052559,0.3649971558258256,0.130907581028472,0.605543430715931,0.6775074560593649,0.4126238378537893,0.4199135315027367,0.0066453914847775,0.2307501190931203,0.1691583898246981,0.4304859880658424,0.8895970104003241,0.4067174323764062,0.1669510501285616,0.1153106807340103,0.4099976538440431,0.1183622337686855,0.4584240553628239,0.4531431966802499,0.3892619660981528,0.1288674543519731,0.5029953721098289,0.4544500292658933,0.6719449921915904,0.7872216614060378,0.8803950421899126,0.9197280305432856,0.8625527665649207,0.5860852384357279,0.58,483
0,0,0.98981742437352,0.2155033625626439,-0.0470223949626278,-0.9419742395894836,0.7701601889654599,0.9113590409560977,-0.3498719974693922,-0.4299625408310744,-0.4129686181749119,-0.1102063771590552,0.5215356654954773,0.8730375792543918,0.4600698350208123,-0.4289703647803855,-0.9192112888066818,0.1581567176556066,-0.9137554111754848,-0.5902426618321516,-0.9821335159859538,-0.2442886473592806,0.3305983600427833,0.9989167578158958,0.6623379994043409,0.5451948161548235,0.8530488393737466,0.4267670431291149,0.0490950364628808,0.2640940077682404,0.6833958162904863,0.1222079263657128,0.681953605386586,0.0756674767681219,0.2163082524767125,0.1261940980332692,0.5521093589659691,0.6668152695903586,0.383187218457808,0.3871273302339812,0.2843998813009542,0.1402079883101491,0.0797516981143672,0.4214059555415352,0.6230655923081689,0.4648462740640237,0.0966457693732944,0.1349372531316604,0.0401563585567899,0.0825310940116699,0.6441541456823381,0.4784297745029446,0.4305622718361865,0.1229952718542547,0.0938389292339509,0.3943259403510398,0.409080911860375,0.7768653339137643,0.870510997859372,0.7551679807663928,0.2107321908539632,0.6148624576912417,0.31,4848
0,0,0.98981742437352,0.2155033625626439,-0.0470223949626278,-0.9419742395894836,0.7701601889654599,0.9113590409560977,-0.3498719974693922,-0.4299625408310744,-0.4129686181749119,-0.1102063771590552,0.5215356654954773,0.8730375792543918,0.4600698350208123,-0.4289703647803855,-0.9192112888066818,0.1581567176556066,-0.9137554111754848,-0.5902426618321516,-0.9821335159859538,-0.2442886473592806,0.3305983600427833,0.9989167578158958,0.6623379994043409,0.5451948161548235,0.8530488393737466,0.4267670431291149,0.0490950364628808,0.2640940077682404,0.6833958162904863,0.1222079263657128,0.681953605386586,0.0756674767681219,0.2163082524767125,0.1261940980332692,0.5521093589659691,0.6668152695903586,0.383187218457808,0.3871273302339812,0.2843998813009542,0.1402079883101491,0.0797516981143672,0.4214059555415352,0.6230655923081689,0.4648462740640237,0.0966457693732944,0.1349372531316604,0.0401563585567899,0.0825310940116699,0.6441541456823381,0.4784297745029446,0.4305622718361865,0.1229952718542547,0.0938389292339509,0.3943259403510398,0.409080911860375,0.7768653339137643,0.870510997859372,0.7551679807663928,0.2107321908539632,0.6148624576912417,0.31,4944
0,0,0.98981742437352,0.2155033625626439,-0.0470223949626278,-0.9419742395894836,0.7701601889654599,0.9113590409560977,-0.3498719974693922,-0.4299625408310744,-0.4129686181749119,-0.1102063771590552,0.5215356654954773,0.8730375792543918,0.4600698350208123,-0.4289703647803855,-0.9192112888066818,0.1581567176556066,-0.9137554111754848,-0.5902426618321516,-0.9821335159859538,-0.2442886473592806,0.3305983600427833,0.9989167578158958,0.6623379994043409,0.5451948161548235,0.8530488393737466,0.4267670431291149,0.0490950364628808,0.2640940077682404,0.6833958162904863,0.1222079263657128,0.681953605386586,0.0756674767681219,0.2163082524767125,0.1261940980332692,0.5521093589659691,0.6668152695903586,0.383187218457808,0.3871273302339812,0.2843998813009542,0.1402079883101491,0.0797516981143672,0.4214059555415352,0.6230655923081689,0.4648462740640237,0.0966457693732944,0.1349372531316604,0.0401563585567899,0.0825310940116699,0.6441541456823381,0.4784297745029446,0.4305622718361865,0.1229952718542547,0.0938389292339509,0.3943259403510398,0.409080911860375,0.7768653339137643,0.870510997859372,0.7551679807663928,0.2107321908539632,0.6148624576912417,0.31,5039
0,0,0.98981742437352,0.2155033625626439,-0.0470223949626278,-0.9419742395894836,0.7701601889654599,0.9113590409560977,-0.3498719974693922,-0.4299625408310744,-0.4129686181749119,-0.1102063771590552,0.5215356654954773,0.8730375792543918,0.4600698350208123,-0.4289703647803855,-0.9192112888066818,0.1581567176556066,-0.9137554111754848,-0.5902426618321516,-0.9821335159859538,-0.2442886473592806,0.3305983600427833,0.9989167578158958,0.6623379994043409,0.5451948161548235,0.8530488393737466,0.4267670431291149,0.0490950364628808,0.2640940077682404,0.6833958162904863,0.1222079263657128,0.681953605386586,0.0756674767681219,0.2163082524767125,0.1261940980332692,0.5521093589659691,0.6668152695903586,0.383187218457808,0.3871273302339812,0.2843998813009542,0.1402079883101491,0.0797516981143672,0.4214059555415352,0.6230655923081689,0.4648462740640237,0.0966457693732944,0.1349372531316604,0.0401563585567899,0.0825310940116699,0.6441541456823381,0.4784297745029446,0.4305622718361865,0.1229952718542547,0.0938389292339509,0.3943259403510398,0.409080911860375,0.7768653339137643,0.870510997859372,0.7551679807663928,0.2107321908539632,0.6148624576912417,0.31,5134
0,0,0.98981742437352,0.2155033625626439,-0.0470223949626278,-0.9419742395894836,0.7701601889654599,0.9113590409560977,-0.3498719974693922,-0.4299625408310744,-0.4129686181749119,-0.1102063771590552,0.5215356654954773,0.8730375792543918,0.4600698350208123,-0.4289703647803855,-0.9192112888066818,0.1581567176556066,-0.9137554111754848,-0.5902426618321516,-0.9821335159859538,-0.2442886473592806,0.3305983600427833,0.9989167578158958,0.6623379994043409,0.5451948161548235,0.8530488393737466,0.4267670431291149,0.0490950364628808,0.2640940077682404,0.6833958162904863,0.1222079263657128,0.681953605386586,0.0756674767681219,0.2163082524767125,0.1261940980332692,0.5521093589659691,0.6668152695903586,0.383187218457808,0.3871273302339812,0.2843998813009542,0.1402079883101491,0.0797516981143672,0.4214059555415352,0.6230655923081689,0.4648462740640237,0.0966457693732944,0.1349372531316604,0.0401563585567899,0.0825310940116699,0.6441541456823381,0.4784297745029446,0.4305622718361865,0.1229952718542547,0.0938389292339509,0.3943259403510398,0.409080911860375,0.7768653339137643,0.870510997859372,0.7551679807663928,0.2107321908539632,0.6148624576912417,0.31,5230
0,0,0.98981742437352,0.2155033625626439,-0.0470223949626278,-0.9419742395894836,0.7701601889654599,0.9113590409560977,-0.3498719974693922,-0.4299625408310744,-0.4129686181749119,-0.1102063771590552,0.5215356654954773,0.8730375792543918,0.4600698350208123,-0.4289703647803855,-0.9192112888066818,0.1581567176556066,-0.9137554111754848,-0.5902426618321516,-0.9821335159859538,-0.2442886473592806,0.3305983600427833,0.9989167578158958,0.6623379994043409,0.5451948161548235,0.8530488393737466,0.4267670431291149,0.0490950364628808,0.2640940077682404,0.6833958162904863,0.1222079263657128,0.681953605386586,0.0756674767681219,0.2163082524767125,0.1261940980332692,0.5521093589659691,0.6668152695903586,0.383187218457808,0.3871273302339812,0.2843998813009542,0.1402079883101491,0.0797516981143672,0.4214059555415352,0.6230655923081689,0.4648462740640237,0.0966457693732944,0.1349372531316604,0.0401563585567899,0.0825310940116699,0.6441541456823381,0.4784297745029446,0.4305622718361865,0.1229952718542547,0.0938389292339509,0.3943259403510398,0.409080911860375,0.7768653339137643,0.870510997859372,0.7551679807663928,0.2107321908539632,0.6148624576912417,0.31,5329
0,0,0.98981742437352,0.2155033625626439,-0.0470223949626278,-0.9419742395894836,0.7701601889654599,0.9113590409560977,-0.3498719974693922,-0.4299625408310744,-0.4129686181749119,-0.1102063771590552,0.5215356654954773,0.8730375792543918,0.4600698350208123,-0.4289703647803855,-0.9192112888066818,0.1581567176556066,-0.9137554111754848,-0.5902426618321516,-0.9821335159859538,-0.2442886473592806,0.3305983600427833,0.9989167578158958,0.6623379994043409,0.5451948161548235,0.8530488393737466,0.4267670431291149,0.0490950364628808,0.2640940077682404,0.6833958162904863,0.1222079263657128,0.681953605386586,0.0756674767681219,0.2163082524767125,0.1261940980332692,0.5521093589659691,0.6668152695903586,0.383187218457808,0.3871273302339812,0.2843998813009542,0.1402079883101491,0.0797516981143672,0.4214059555415352,0.6230655923081689,0.4648462740640237,0.0966457693732944,0.1349372531316604,0.0401563585567899,0.0825310940116699,0.6441541456823381,0.4784297745029446,0.4305622718361865,0.1229952718542547,0.0938389292339509,0.3943259403510398,0.409080911860375,0.7768653339137643,0.870510997859372,0.7551679807663928,0.2107321908539632,0.6148624576912417,0.31,5425
0,0,0.98981742437352,0.2155033625626439,-0.0470053169144878,-0.9422151898741388,0.7701601889654599,0.9704476603629644,-0.3498719974693922,-0.3507776243842442,-0.4129686181749119,-0.1102063771590552,0.5215356654954773,0.8730375792543918,0.4550236089647981,-0.4289703647803855,-0.9191035354815462,0.1050933837945276,-0.9137503663435672,-0.5902426618321516,-0.9821335159859538,-0.2442886473592806,0.3305983600427833,0.9988874172429704,0.6729486195529613,0.5451948161548235,0.8530488393737466,0.4267670431291149,0.0486688559941325,0.2641297541702065,0.6833958162904863,0.1222079263657128,0.681953605386586,0.0755625146714595,0.2175881966457468,0.1261940980332692,0.5324621654936114,0.6668152695903586,0.383187218457808,0.3864061318510102,0.2843998813009542,0.1402079883101491,0.0797516981143672,0.0686976415989524,0.6180688515980756,0.4648462740640237,0.0961808312808311,0.1349372531316604,0.0401563585567899,0.082537257906308,0.6441541456823381,0.4437472641447877,0.4305622718361865,0.2111443495599277,0.0938389292339509,0.3936098107866782,0.409080911860375,0.7768653339137643,0.870510997859372,0.7553128703085712,0.2106814250112365,0.6148624576912417,0.22,5521
0,0,0.98981742437352,0.2155033625626439,-0.0470053169144878,-0.9422151898741388,0.7701601889654599,0.9704476603629644,-0.3498719974693922,-0.3507776243842442,-0.4129686181749119,-0.1102063771590552,0.5215356654954773,0.8730375792543918,0.4550236089647981,-0.4289703647803855,-0.9191035354815462,0.1050933837945276,-0.9137503663435672,-0.5902426618321516,-0.9821335159859538,-0.2442886473592806,0.3305983600427833,0.9988874172429704,0.6729486195529613,0.5451948161548235,0.8530488393737466,0.4267670431291149,0.0486688559941325,0.2641297541702065,0.6833958162904863,0.1222079263657128,0.681953605386586,0.0755625146714595,0.2175881966457468,0.1261940980332692,0.5324621654936114,0.6668152695903586,0.383187218457808,0.3864061318510102,0.2843998813009542,0.1402079883101491,0.0797516981143672,0.0686976415989524,0.6180688515980756,0.4648462740640237,0.0961808312808311,0.1349372531316604,0.0401563585567899,0.082537257906308,0.6441541456823381,0.4437472641447877,0.4305622718361865,0.2111443495599277,0.0938389292339509,0.3936098107866782,0.409080911860375,0.7768653339137643,0.870510997859372,0.7553128703085712,0.2106814250112365,0.6148624576912417,0.22,5611
0,0,0.98981742437352,0.2155033625626439,-0.0470053169144878,-0.9422151898741388,0.7701601889654599,0.9704476603629644,-0.3498719974693922,-0.3507776243842442,-0.4129686181749119,-0.1102063771590552,0.5215356654954773,0.8730375792543918,0.4550236089647981,-0.4289703647803855,-0.9191035354815462,0.1050933837945276,-0.9137503663435672,-0.5902426618321516,-0.9821335159859538,-0.2442886473592806,0.3305983600427833,0.9988874172429704,0.6729486195529613,0.5451948161548235,0.8530488393737466,0.4267670431291149,0.0486688559941325,0.2641297541702065,0.6833958162904863,0.1222079263657128,0.681953605386586,0.0755625146714595,0.2175881966457468,0.1261940980332692,0.5324621654936114,0.6668152695903586,0.383187218457808,0.3864061318510102,0.2843998813009542,0.1402079883101491,0.0797516981143672,0.0686976415989524,0.6180688515980756,0.4648462740640237,0.0961808312808311,0.1349372531316604,0.0401563585567899,0.082537257906308,0.6441541456823381,0.4437472641447877,0.4305622718361865,0.2111443495599277,0.0938389292339509,0.3936098107866782,0.409080911860375,0.7768653339137643,0.870510997859372,0.7553128703085712,0.2106814250112365,0.6148624576912417,0.22,5704
0,0,-0.284298751213671,0.1861528589839504,-0.0599432549522743,-0.8964249711876556,0.9011432840810742,0.7363381760413098,-0.3030864443945005,-0.4070415433498552,-0.4723841837115561,-0.1020098284010357,0.5636748865278279,0.6887438329761394,0.4239222656251007,0.4768972586433219,-0.789538573517379,1.0,-0.1677371007013293,0.8105069244267625,0.2021633683924648,0.9431876890876952,0.3413826354919343,0.737236296879866,0.8702798620525685,0.5576704896689666,0.7849218910885557,0.4153106408278887,0.0466962302782627,0.3249953842407209,0.6939495399448908,0.118743053952068,0.8982268241896126,0.1549273523052559,0.3649971558258256,0.130907581028472,0.605543430715931,0.6775074560593649,0.4126238378537893,0.4199135315027367,0.0066453914847775,0.2307501190931203,0.1691583898246981,0.4304859880658424,0.8895970104003241,0.4067174323764062,0.1669510501285616,0.1153106807340103,0.4099976538440431,0.1183622337686855,0.4584240553628239,0.4531431966802499,0.3892619660981528,0.1288674543519731,0.5029953721098289,0.4544500292658933,0.6719449921915904,0.7872216614060378,0.8803950421899126,0.9197280305432856,0.8625527665649207,0.5860852384357279,0.58,575
0,0,0.98981742437352,0.2155033625626439,-0.0470053169144878,-0.9422151898741388,0.7701601889654599,0.9704476603629644,-0.3498719974693922,-0.3507776243842442,-0.4129686181749119,-0.1102063771590552,0.5215356654954773,0.8730375792543918,0.4550236089647981,-0.4289703647803855,-0.9191035354815462,0.1050933837945276,-0.9137503663435672,-0.5902426618321516,-0.9821335159859538,-0.2442886473592806,0.3305983600427833,0.9988874172429704,0.6729486195529613,0.5451948161548235,0.8530488393737466,0.4267670431291149,0.0486688559941325,0.2641297541702065,0.6833958162904863,0.1222079263657128,0.681953605386586,0.0755625146714595,0.2175881966457468,0.1261940980332692,0.5324621654936114,0.6668152695903586,0.383187218457808,0.3864061318510102,0.2843998813009542,0.1402079883101491,0.0797516981143672,0.0686976415989524,0.6180688515980756,0.4648462740640237,0.0961808312808311,0.1349372531316604,0.0401563585567899,0.082537257906308,0.6441541456823381,0.4437472641447877,0.4305622718361865,0.2111443495599277,0.0938389292339509,0.3936098107866782,0.409080911860375,0.7768653339137643,0.870510997859372,0.7553128703085712,0.2106814250112365,0.6148624576912417,0.22,5797
0,0,0.98981742437352,0.2155033625626439,-0.0470053169144878,-0.9422151898741388,0.7701601889654599,0.9704476603629644,-0.3498719974693922,-0.3507776243842442,-0.4129686181749119,-0.1102063771590552,0.5215356654954773,0.8730375792543918,0.4550236089647981,-0.4289703647803855,-0.9191035354815462,0.1050933837945276,-0.9137503663435672,-0.5902426618321516,-0.9821335159859538,-0.2442886473592806,0.3305983600427833,0.9988874172429704,0.6729486195529613,0.5451948161548235,0.8530488393737466,0.4267670431291149,0.0486688559941325,0.2641297541702065,0.6833958162904863,0.1222079263657128,0.681953605386586,0.0755625146714595,0.2175881966457468,0.1261940980332692,0.5324621654936114,0.6668152695903586,0.383187218457808,0.3864061318510102,0.2843998813009542,0.1402079883101491,0.0797516981143672,0.0686976415989524,0.6180688515980756,0.4648462740640237,0.0961808312808311,0.1349372531316604,0.0401563585567899,0.082537257906308,0.6441541456823381,0.4437472641447877,0.4305622718361865,0.2111443495599277,0.0938389292339509,0.3936098107866782,0.409080911860375,0.7768653339137643,0.870510997859372,0.7553128703085712,0.2106814250112365,0.6148624576912417,0.22,5893
0,0,0.98981742437352,0.2155033625626439,-0.0470053169144878,-0.9422151898741388,0.7701601889654599,0.9704476603629644,-0.3498719974693922,-0.3507776243842442,-0.4129686181749119,-0.1102063771590552,0.5215356654954773,0.8730375792543918,0.4550236089647981,-0.4289703647803855,-0.9191035354815462,0.1050933837945276,-0.9137503663435672,-0.5902426618321516,-0.9821335159859538,-0.2442886473592806,0.3305983600427833,0.9988874172429704,0.6729486195529613,0.5451948161548235,0.8530488393737466,0.4267670431291149,0.0486688559941325,0.2641297541702065,0.6833958162904863,0.1222079263657128,0.681953605386586,0.0755625146714595,0.2175881966457468,0.1261940980332692,0.5324621654936114,0.6668152695903586,0.383187218457808,0.3864061318510102,0.2843998813009542,0.1402079883101491,0.0797516981143672,0.0686976415989524,0.6180688515980756,0.4648462740640237,0.0961808312808311,0.1349372531316604,0.0401563585567899,0.082537257906308,0.6441541456823381,0.4437472641447877,0.4305622718361865,0.2111443495599277,0.0938389292339509,0.3936098107866782,0.409080911860375,0.7768653339137643,0.870510997859372,0.7553128703085712,0.2106814250112365,0.6148624576912417,0.22,5988
0,0,0.98981742437352,0.2155033625626439,-0.0470053169144878,-0.9422151898741388,0.7701601889654599,0.9704476603629644,-0.3498719974693922,-0.3507776243842442,-0.4129686181749119,-0.1102063771590552,0.5215356654954773,0.8730375792543918,0.4550236089647981,-0.4289703647803855,-0.9191035354815462,0.1050933837945276,-0.9137503663435672,-0.5902426618321516,-0.9821335159859538,-0.2442886473592806,0.3305983600427833,0.9988874172429704,0.6729486195529613,0.5451948161548235,0.8530488393737466,0.4267670431291149,0.0486688559941325,0.2641297541702065,0.6833958162904863,0.1222079263657128,0.681953605386586,0.0755625146714595,0.2175881966457468,0.1261940980332692,0.5324621654936114,0.6668152695903586,0.383187218457808,0.3864061318510102,0.2843998813009542,0.1402079883101491,0.0797516981143672,0.0686976415989524,0.6180688515980756,0.4648462740640237,0.0961808312808311,0.1349372531316604,0.0401563585567899,0.082537257906308,0.6441541456823381,0.4437472641447877,0.4305622718361865,0.2111443495599277,0.0938389292339509,0.3936098107866782,0.409080911860375,0.7768653339137643,0.870510997859372,0.7553128703085712,0.2106814250112365,0.6148624576912417,0.22,6082
0,0,0.98981742437352,0.2155033625626439,-0.0470053169144878,-0.9422151898741388,0.7701601889654599,0.9704476603629644,-0.3498719974693922,-0.3507776243842442,-0.4129686181749119,-0.1102063771590552,0.5215356654954773,0.8730375792543918,0.4550236089647981,-0.4289703647803855,-0.9191035354815462,0.1050933837945276,-0.9137503663435672,-0.5902426618321516,-0.9821335159859538,-0.2442886473592806,0.3305983600427833,0.9988874172429704,0.6729486195529613,0.5451948161548235,0.8530488393737466,0.4267670431291149,0.0486688559941325,0.2641297541702065,0.6833958162904863,0.1222079263657128,0.681953605386586,0.0755625146714595,0.2175881966457468,0.1261940980332692,0.5324621654936114,0.6668152695903586,0.383187218457808,0.3864061318510102,0.2843998813009542,0.1402079883101491,0.0797516981143672,0.0686976415989524,0.6180688515980756,0.4648462740640237,0.0961808312808311,0.1349372531316604,0.0401563585567899,0.082537257906308,0.6441541456823381,0.4437472641447877,0.4305622718361865,0.2111443495599277,0.0938389292339509,0.3936098107866782,0.409080911860375,0.7768653339137643,0.870510997859372,0.7553128703085712,0.2106814250112365,0.6148624576912417,0.22,6175
0,0,0.98981742437352,0.2155033625626439,-0.0470053169144878,-0.9422151898741388,0.7701601889654599,0.9704476603629644,-0.3498719974693922,-0.3507776243842442,-0.4129686181749119,-0.1102063771590552,0.5215356654954773,0.8730375792543918,0.4550236089647981,-0.4289703647803855,-0.9191035354815462,0.1050933837945276,-0.9137503663435672,-0.5902426618321516,-0.9821335159859538,-0.2442886473592806,0.3305983600427833,0.9988874172429704,0.6729486195529613,0.5451948161548235,0.8530488393737466,0.4267670431291149,0.0486688559941325,0.2641297541702065,0.6833958162904863,0.1222079263657128,0.681953605386586,0.0755625146714595,0.2175881966457468,0.1261940980332692,0.5324621654936114,0.6668152695903586,0.383187218457808,0.3864061318510102,0.2843998813009542,0.1402079883101491,0.0797516981143672,0.0686976415989524,0.6180688515980756,0.4648462740640237,0.0961808312808311,0.1349372531316604,0.0401563585567899,0.082537257906308,0.6441541456823381,0.4437472641447877,0.4305622718361865,0.2111443495599277,0.0938389292339509,0.3936098107866782,0.409080911860375,0.7768653339137643,0.870510997859372,0.7553128703085712,0.2106814250112365,0.6148624576912417,0.22,6268
0,0,0.98981742437352,0.2155033625626439,-0.0470053169144878,-0.9422151898741388,0.7701601889654599,0.9704476603629644,-0.3498719974693922,-0.3507776243842442,-0.4129686181749119,-0.1102063771590552,0.5215356654954773,0.8730375792543918,0.4550236089647981,-0.4289703647803855,-0.9191035354815462,0.1050933837945276,-0.9137503663435672,-0.5902426618321516,-0.9821335159859538,-0.2442886473592806,0.3305983600427833,0.9988874172429704,0.6729486195529613,0.5451948161548235,0.8530488393737466,0.4267670431291149,0.0486688559941325,0.2641297541702065,0.6833958162904863,0.1222079263657128,0.681953605386586,0.0755625146714595,0.2175881966457468,0.1261940980332692,0.5324621654936114,0.6668152695903586,0.383187218457808,0.3864061318510102,0.2843998813009542,0.1402079883101491,0.0797516981143672,0.0686976415989524,0.6180688515980756,0.4648462740640237,0.0961808312808311,0.1349372531316604,0.0401563585567899,0.082537257906308,0.6441541456823381,0.4437472641447877,0.4305622718361865,0.2111443495599277,0.0938389292339509,0.3936098107866782,0.409080911860375,0.7768653339137643,0.870510997859372,0.7553128703085712,0.2106814250112365,0.6148624576912417,0.22,6367
0,0,0.98981742437352,0.2155033625626439,-0.0470053169144878,-0.9422151898741388,0.7701601889654599,0.9704476603629644,-0.3498719974693922,-0.3507776243842442,-0.4129686181749119,-0.1102063771590552,0.5215356654954773,0.8730375792543918,0.4550236089647981,-0.4289703647803855,-0.9191035354815462,0.1050933837945276,-0.9137503663435672,-0.5902426618321516,-0.9821335159859538,-0.2442886473592806,0.3305983600427833,0.9988874172429704,0.6729486195529613,0.5451948161548235,0.8530488393737466,0.4267670431291149,0.0486688559941325,0.2641297541702065,0.6833958162904863,0.1222079263657128,0.681953605386586,0.0755625146714595,0.2175881966457468,0.1261940980332692,0.5324621654936114,0.6668152695903586,0.383187218457808,0.3864061318510102,0.2843998813009542,0.1402079883101491,0.0797516981143672,0.0686976415989524,0.6180688515980756,0.4648462740640237,0.0961808312808311,0.1349372531316604,0.0401563585567899,0.082537257906308,0.6441541456823381,0.4437472641447877,0.4305622718361865,0.2111443495599277,0.0938389292339509,0.3936098107866782,0.409080911860375,0.7768653339137643,0.870510997859372,0.7553128703085712,0.2106814250112365,0.6148624576912417,0.22,6462
0,0,0.98981742437352,0.2155033625626439,-0.0470053169144878,-0.9422151898741388,0.7701601889654599,0.9704476603629644,-0.3498719974693922,-0.3507776243842442,-0.4129686181749119,-0.1102063771590552,0.5215356654954773,0.8730375792543918,0.4550236089647981,-0.4289703647803855,-0.9191035354815462,0.1050933837945276,-0.9137503663435672,-0.5902426618321516,-0.9821335159859538,-0.2442886473592806,0.3305983600427833,0.9988874172429704,0.6729486195529613,0.5451948161548235,0.8530488393737466,0.4267670431291149,0.0486688559941325,0.2641297541702065,0.6833958162904863,0.1222079263657128,0.681953605386586,0.0755625146714595,0.2175881966457468,0.1261940980332692,0.5324621654936114,0.6668152695903586,0.383187218457808,0.3864061318510102,0.2843998813009542,0.1402079883101491,0.0797516981143672,0.0686976415989524,0.6180688515980756,0.4648462740640237,0.0961808312808311,0.1349372531316604,0.0401563585567899,0.082537257906308,0.6441541456823381,0.4437472641447877,0.4305622718361865,0.2111443495599277,0.0938389292339509,0.3936098107866782,0.409080911860375,0.7768653339137643,0.870510997859372,0.7553128703085712,0.2106814250112365,0.6148624576912417,0.22,6553
0,0,0.98981742437352,0.2155033625626439,-0.0470053169144878,-0.9422151898741388,0.7701601889654599,0.9704476603629644,-0.3498719974693922,-0.3507776243842442,-0.4129686181749119,-0.1102063771590552,0.5215356654954773,0.8730375792543918,0.4550236089647981,-0.4289703647803855,-0.9191035354815462,0.1050933837945276,-0.9137503663435672,-0.5902426618321516,-0.9821335159859538,-0.2442886473592806,0.3305983600427833,0.9988874172429704,0.6729486195529613,0.5451948161548235,0.8530488393737466,0.4267670431291149,0.0486688559941325,0.2641297541702065,0.6833958162904863,0.1222079263657128,0.681953605386586,0.0755625146714595,0.2175881966457468,0.1261940980332692,0.5324621654936114,0.6668152695903586,0.383187218457808,0.3864061318510102,0.2843998813009542,0.1402079883101491,0.0797516981143672,0.0686976415989524,0.6180688515980756,0.4648462740640237,0.0961808312808311,0.1349372531316604,0.0401563585567899,0.082537257906308,0.6441541456823381,0.4437472641447877,0.4305622718361865,0.2111443495599277,0.0938389292339509,0.3936098107866782,0.409080911860375,0.7768653339137643,0.870510997859372,0.7553128703085712,0.2106814250112365,0.6148624576912417,0.22,6648
0,0,-0.2571584890752694,0.2128401192180227,-0.0469732999725927,-0.8187956906888032,0.9012319718115572,0.787496675118841,0.3300156980728481,-0.4301890248078717,-0.4146995937485497,0.452427169578486,0.5149578360417901,0.8061341154643782,0.1226331939206621,-0.4037593607279212,-0.9158990587537784,0.9770260963047316,-0.9132718396627584,-0.5868833053147062,0.1587164513991479,-0.5361612729299325,0.3308403981783891,0.7297651689894663,0.6685607989921758,0.5295364913204927,0.8363816514553202,0.4307516934643823,0.0488166915100566,0.2645179963196466,0.1757196424465808,0.1223068862587265,0.8015874297608991,0.0769734237183507,0.6721685311746296,0.124354420386221,0.5974899618683583,0.4952718055492731,0.3753027553710143,0.2929878210741584,0.9297967174462516,0.0945154759709278,0.0631161581857248,0.4217015343144248,0.6231060466387875,0.4839198371743185,0.1476204187960679,0.1343707580941966,0.4320309809393398,0.0824979344760178,0.479721509706297,0.4970017040126977,0.4287299554096839,0.1265326974196741,0.5084842132598717,0.8933598868918762,0.5988135823248626,0.7582636514780091,0.0041578688163207,0.7595751434931678,0.1938594097048585,0.3467084397422745,0.53,674
0,0,0.98981742437352,0.2155033625626439,-0.0470053169144878,-0.9422151898741388,0.7701601889654599,0.9704476603629644,-0.3498719974693922,-0.3507776243842442,-0.4129686181749119,-0.1102063771590552,0.5215356654954773,0.8730375792543918,0.4550236089647981,-0.4289703647803855,-0.9191035354815462,0.1050933837945276,-0.9137503663435672,-0.5902426618321516,-0.9821335159859538,-0.2442886473592806,0.3305983600427833,0.9988874172429704,0.6729486195529613,0.5451948161548235,0.8530488393737466,0.4267670431291149,0.0486688559941325,0.2641297541702065,0.6833958162904863,0.1222079263657128,0.681953605386586,0.0755625146714595,0.2175881966457468,0.1261940980332692,0.5324621654936114,0.6668152695903586,0.383187218457808,0.3864061318510102,0.2843998813009542,0.1402079883101491,0.0797516981143672,0.0686976415989524,0.6180688515980756,0.4648462740640237,0.0961808312808311,0.1349372531316604,0.0401563585567899,0.082537257906308,0.6441541456823381,0.4437472641447877,0.4305622718361865,0.2111443495599277,0.0938389292339509,0.3936098107866782,0.409080911860375,0.7768653339137643,0.870510997859372,0.7553128703085712,0.2106814250112365,0.6148624576912417,0.22,6743
0,0,0.98981742437352,0.2155033625626439,-0.0470053169144878,-0.9422151898741388,0.7701601889654599,0.9704476603629644,-0.3498719974693922,-0.3507776243842442,-0.4129686181749119,-0.1102063771590552,0.5215356654954773,0.8730375792543918,0.4550236089647981,-0.4289703647803855,-0.9191035354815462,0.1050933837945276,-0.9137503663435672,-0.5902426618321516,-0.9821335159859538,-0.2442886473592806,0.3305983600427833,0.9988874172429704,0.6729486195529613,0.5451948161548235,0.8530488393737466,0.4267670431291149,0.0486688559941325,0.2641297541702065,0.6833958162904863,0.1222079263657128,0.681953605386586,0.0755625146714595,0.2175881966457468,0.1261940980332692,0.5324621654936114,0.6668152695903586,0.383187218457808,0.3864061318510102,0.2843998813009542,0.1402079883101491,0.0797516981143672,0.0686976415989524,0.6180688515980756,0.4648462740640237,0.0961808312808311,0.1349372531316604,0.0401563585567899,0.082537257906308,0.6441541456823381,0.4437472641447877,0.4305622718361865,0.2111443495599277,0.0938389292339509,0.3936098107866782,0.409080911860375,0.7768653339137643,0.870510997859372,0.7553128703085712,0.2106814250112365,0.6148624576912417,0.22,6836
0,0,0.98981742437352,0.2155033625626439,-0.0470053169144878,-0.9422151898741388,0.7701601889654599,0.9704476603629644,-0.3498719974693922,-0.3507776243842442,-0.4129686181749119,-0.1102063771590552,0.5215356654954773,0.8730375792543918,0.4550236089647981,-0.4289703647803855,-0.9191035354815462,0.1050933837945276,-0.9137503663435672,-0.5902426618321516,-0.9821335159859538,-0.2442886473592806,0.3305983600427833,0.9988874172429704,0.6729486195529613,0.5451948161548235,0.8530488393737466,0.4267670431291149,0.0486688559941325,0.2641297541702065,0.6833958162904863,0.1222079263657128,0.681953605386586,0.0755625146714595,0.2175881966457468,0.1261940980332692,0.5324621654936114,0.6668152695903586,0.383187218457808,0.3864061318510102,0.2843998813009542,0.1402079883101491,0.0797516981143672,0.0686976415989524,0.6180688515980756,0.4648462740640237,0.0961808312808311,0.1349372531316604,0.0401563585567899,0.082537257906308,0.6441541456823381,0.4437472641447877,0.4305622718361865,0.2111443495599277,0.0938389292339509,0.3936098107866782,0.409080911860375,0.7768653339137643,0.870510997859372,0.7553128703085712,0.2106814250112365,0.6148624576912417,0.22,6932
0,0,0.98981742437352,0.2155033625626439,-0.0470053169144878,-0.9422151898741388,0.7701601889654599,0.9704476603629644,-0.3498719974693922,-0.3507776243842442,-0.4129686181749119,-0.1102063771590552,0.5215356654954773,0.8730375792543918,0.4550236089647981,-0.4289703647803855,-0.9191035354815462,0.1050933837945276,-0.9137503663435672,-0.5902426618321516,-0.9821335159859538,-0.2442886473592806,0.3305983600427833,0.9988874172429704,0.6729486195529613,0.5451948161548235,0.8530488393737466,0.4267670431291149,0.0486688559941325,0.2641297541702065,0.6833958162904863,0.1222079263657128,0.681953605386586,0.0755625146714595,0.2175881966457468,0.1261940980332692,0.5324621654936114,0.6668152695903586,0.383187218457808,0.3864061318510102,0.2843998813009542,0.1402079883101491,0.0797516981143672,0.0686976415989524,0.6180688515980756,0.4648462740640237,0.0961808312808311,0.1349372531316604,0.0401563585567899,0.082537257906308,0.6441541456823381,0.4437472641447877,0.4305622718361865,0.2111443495599277,0.0938389292339509,0.3936098107866782,0.409080911860375,0.7768653339137643,0.870510997859372,0.7553128703085712,0.2106814250112365,0.6148624576912417,0.22,7029
0,0,0.98981742437352,0.2155033625626439,-0.0470053169144878,-0.9422151898741388,0.7701601889654599,0.9704476603629644,-0.3498719974693922,-0.3507776243842442,-0.4129686181749119,-0.1102063771590552,0.5215356654954773,0.8730375792543918,0.4550236089647981,-0.4289703647803855,-0.9191035354815462,0.1050933837945276,-0.9137503663435672,-0.5902426618321516,-0.9821335159859538,-0.2442886473592806,0.3305983600427833,0.9988874172429704,0.6729486195529613,0.5451948161548235,0.8530488393737466,0.4267670431291149,0.0486688559941325,0.2641297541702065,0.6833958162904863,0.1222079263657128,0.681953605386586,0.0755625146714595,0.2175881966457468,0.1261940980332692,0.5324621654936114,0.6668152695903586,0.383187218457808,0.3864061318510102,0.2843998813009542,0.1402079883101491,0.0797516981143672,0.0686976415989524,0.6180688515980756,0.4648462740640237,0.0961808312808311,0.1349372531316604,0.0401563585567899,0.082537257906308,0.6441541456823381,0.4437472641447877,0.4305622718361865,0.2111443495599277,0.0938389292339509,0.3936098107866782,0.409080911860375,0.7768653339137643,0.870510997859372,0.7553128703085712,0.2106814250112365,0.6148624576912417,0.22,7120
0,0,0.98981742437352,0.2155033625626439,-0.0470053169144878,-0.9422151898741388,0.7701601889654599,0.9704476603629644,-0.3498719974693922,-0.3507776243842442,-0.4129686181749119,-0.1102063771590552,0.5215356654954773,0.8730375792543918,0.4550236089647981,-0.4289703647803855,-0.9191035354815462,0.1050933837945276,-0.9137503663435672,-0.5902426618321516,-0.9821335159859538,-0.2442886473592806,0.3305983600427833,0.9988874172429704,0.6729486195529613,0.5451948161548235,0.8530488393737466,0.4267670431291149,0.0486688559941325,0.2641297541702065,0.6833958162904863,0.1222079263657128,0.681953605386586,0.0755625146714595,0.2175881966457468,0.1261940980332692,0.5324621654936114,0.6668152695903586,0.383187218457808,0.3864061318510102,0.2843998813009542,0.1402079883101491,0.0797516981143672,0.0686976415989524,0.6180688515980756,0.4648462740640237,0.0961808312808311,0.1349372531316604,0.0401563585567899,0.082537257906308,0.6441541456823381,0.4437472641447877,0.4305622718361865,0.2111443495599277,0.0938389292339509,0.3936098107866782,0.409080911860375,0.7768653339137643,0.870510997859372,0.7553128703085712,0.2106814250112365,0.6148624576912417,0.22,7217
0,0,0.98981742437352,0.2155033625626439,-0.0470053169144878,-0.9422151898741388,0.7701601889654599,0.9704476603629644,-0.3498719974693922,-0.3507776243842442,-0.4129686181749119,-0.1102063771590552,0.5215356654954773,0.8730375792543918,0.4550236089647981,-0.4289703647803855,-0.9191035354815462,0.1050933837945276,-0.9137503663435672,-0.5902426618321516,-0.9821335159859538,-0.2442886473592806,0.3305983600427833,0.9988874172429704,0.6729486195529613,0.5451948161548235,0.8530488393737466,0.4267670431291149,0.0486688559941325,0.2641297541702065,0.6833958162904863,0.1222079263657128,0.681953605386586,0.0755625146714595,0.2175881966457468,0.1261940980332692,0.5324621654936114,0.6668152695903586,0.383187218457808,0.3864061318510102,0.2843998813009542,0.1402079883101491,0.0797516981143672,0.0686976415989524,0.6180688515980756,0.4648462740640237,0.0961808312808311,0.1349372531316604,0.0401563585567899,0.082537257906308,0.6441541456823381,0.4437472641447877,0.4305622718361865,0.2111443495599277,0.0938389292339509,0.3936098107866782,0.409080911860375,0.7768653339137643,0.870510997859372,0.7553128703085712,0.2106814250112365,0.6148624576912417,0.22,7309
0,0,0.98981742437352,0.2155033625626439,-0.0470053169144878,-0.9422151898741388,0.7701601889654599,0.9704476603629644,-0.3498719974693922,-0.3507776243842442,-0.4129686181749119,-0.1102063771590552,0.5215356654954773,0.8730375792543918,0.4550236089647981,-0.4289703647803855,-0.9191035354815462,0.1050933837945276,-0.9137503663435672,-0.5902426618321516,-0.9821335159859538,-0.2442886473592806,0.3305983600427833,0.9988874172429704,0.6729486195529613,0.5451948161548235,0.8530488393737466,0.4267670431291149,0.0486688559941325,0.2641297541702065,0.6833958162904863,0.1222079263657128,0.681953605386586,0.0755625146714595,0.2175881966457468,0.1261940980332692,0.5324621654936114,0.6668152695903586,0.383187218457808,0.3864061318510102,0.2843998813009542,0.1402079883101491,0.0797516981143672,0.0686976415989524,0.6180688515980756,0.4648462740640237,0.0961808312808311,0.1349372531316604,0.0401563585567899,0.082537257906308,0.6441541456823381,0.4437472641447877,0.4305622718361865,0.2111443495599277,0.0938389292339509,0.3936098107866782,0.409080911860375,0.7768653339137643,0.870510997859372,0.7553128703085712,0.2106814250112365,0.6148624576912417,0.22,7407
0,0,0.98981742437352,0.2155033625626439,-0.0470053169144878,-0.9422151898741388,0.7701601889654599,0.9704476603629644,-0.3498719974693922,-0.3507776243842442,-0.4129686181749119,-0.1102063771590552,0.5215356654954773,0.8730375792543918,0.4550236089647981,-0.4289703647803855,-0.9191035354815462,0.1050933837945276,-0.9137503663435672,-0.5902426618321516,-0.9821335159859538,-0.2442886473592806,0.3305983600427833,0.9988874172429704,0.6729486195529613,0.5451948161548235,0.8530488393737466,0.4267670431291149,0.0486688559941325,0.2641297541702065,0.6833958162904863,0.1222079263657128,0.681953605386586,0.0755625146714595,0.2175881966457468,0.1261940980332692,0.5324621654936114,0.6668152695903586,0.383187218457808,0.3864061318510102,0.2843998813009542,0.1402079883101491,0.0797516981143672,0.0686976415989524,0.6180688515980756,0.4648462740640237,0.0961808312808311,0.1349372531316604,0.0401563585567899,0.082537257906308,0.6441541456823381,0.4437472641447877,0.4305622718361865,0.2111443495599277,0.0938389292339509,0.3936098107866782,0.409080911860375,0.7768653339137643,0.870510997859372,0.7553128703085712,0.2106814250112365,0.6148624576912417,0.22,7501
0,0,0.98981742437352,0.2155033625626439,-0.0470053169144878,-0.9422151898741388,0.7701601889654599,0.9704476603629644,-0.3498719974693922,-0.3507776243842442,-0.4129686181749119,-0.1102063771590552,0.5215356654954773,0.8730375792543918,0.4550236089647981,-0.4289703647803855,-0.9191035354815462,0.1050933837945276,-0.9137503663435672,-0.5902426618321516,-0.9821335159859538,-0.2442886473592806,0.3305983600427833,0.9988874172429704,0.6729486195529613,0.5451948161548235,0.8530488393737466,0.4267670431291149,0.0486688559941325,0.2641297541702065,0.6833958162904863,0.1222079263657128,0.681953605386586,0.0755625146714595,0.2175881966457468,0.1261940980332692,0.5324621654936114,0.6668152695903586,0.383187218457808,0.3864061318510102,0.2843998813009542,0.1402079883101491,0.0797516981143672,0.0686976415989524,0.6180688515980756,0.4648462740640237,0.0961808312808311,0.1349372531316604,0.0401563585567899,0.082537257906308,0.6441541456823381,0.4437472641447877,0.4305622718361865,0.2111443495599277,0.0938389292339509,0.3936098107866782,0.409080911860375,0.7768653339137643,0.870510997859372,0.7553128703085712,0.2106814250112365,0.6148624576912417,0.22,7594
0,0,-0.2571584890752694,0.2128401192180227,-0.0469732999725927,-0.8187956906888032,0.9012319718115572,0.787496675118841,0.3300156980728481,-0.4301890248078717,-0.4146995937485497,0.452427169578486,0.5149578360417901,0.8061341154643782,0.1226331939206621,-0.4037593607279212,-0.9158990587537784,0.9770260963047316,-0.9132718396627584,-0.5868833053147062,0.1587164513991479,-0.5361612729299325,0.3308403981783891,0.7297651689894663,0.6685607989921758,0.5295364913204927,0.8363816514553202,0.4307516934643823,0.0488166915100566,0.2645179963196466,0.1757196424465808,0.1223068862587265,0.8015874297608991,0.0769734237183507,0.6721685311746296,0.124354420386221,0.5974899618683583,0.4952718055492731,0.3753027553710143,0.2929878210741584,0.9297967174462516,0.0945154759709278,0.0631161581857248,0.4217015343144248,0.6231060466387875,0.4839198371743185,0.1476204187960679,0.1343707580941966,0.4320309809393398,0.0824979344760178,0.479721509706297,0.4970017040126977,0.4287299554096839,0.1265326974196741,0.5084842132598717,0.8933598868918762,0.5988135823248626,0.7582636514780091,0.0041578688163207,0.7595751434931678,0.1938594097048585,0.3467084397422745,0.53,766
0,0,0.9910247703622976,0.214245381310489,-0.0469372900415925,-0.8390446004491859,0.7611836715043332,-0.3942502360575859,-0.3505567867586069,-0.3524276246674541,-0.4124026567795105,-0.1106454438696289,0.4959229516852162,0.8719259637503328,0.4020278950421664,-0.4709095361128136,-0.9160685734470192,0.1062588985967537,-0.872116000075474,-0.3049488424928021,-0.941723801858844,-0.231907233179425,0.3280029940457428,0.9975909396937764,0.6732355577963647,0.5526160565590539,0.8528597630176624,0.4278441613852746,0.0492442933020369,0.2682106083642039,0.6832663120408856,0.1219700887042167,0.6725642719580693,0.0846896282673317,0.219057650935869,0.1379961430205745,0.5449365572152176,0.6359158648410148,0.3888719803107366,0.3698371831221527,0.2511322430536862,0.1406495206902011,0.0796994712942279,0.0688233771781817,0.6063678327481742,0.4751034508910071,0.0961541872153947,0.1360637785894878,0.0401885107816627,0.0824695403887617,0.6451494654102673,0.4455036159067459,0.4390653161733623,0.2060839025079383,0.1105261569359144,0.4000050621877022,0.4101144606648907,0.7823310122413708,0.8385146440815462,0.6976193821350992,0.2734896382791592,0.594100237018111,0.19,7686
0,0,0.9910247703622976,0.214245381310489,-0.0469372900415925,-0.8390446004491859,0.7611836715043332,-0.3942502360575859,-0.3505567867586069,-0.3524276246674541,-0.4124026567795105,-0.1106454438696289,0.4959229516852162,0.8719259637503328,0.4020278950421664,-0.4709095361128136,-0.9160685734470192,0.1062588985967537,-0.872116000075474,-0.3049488424928021,-0.941723801858844,-0.231907233179425,0.3280029940457428,0.9975909396937764,0.6732355577963647,0.5526160565590539,0.8528597630176624,0.4278441613852746,0.0492442933020369,0.2682106083642039,0.6832663120408856,0.1219700887042167,0.6725642719580693,0.0846896282673317,0.219057650935869,0.1379961430205745,0.5449365572152176,0.6359158648410148,0.3888719803107366,0.3698371831221527,0.2511322430536862,0.1406495206902011,0.0796994712942279,0.0688233771781817,0.6063678327481742,0.4751034508910071,0.0961541872153947,0.1360637785894878,0.0401885107816627,0.0824695403887617,0.6451494654102673,0.4455036159067459,0.4390653161733623,0.2060839025079383,0.1105261569359144,0.4000050621877022,0.4101144606648907,0.7823310122413708,0.8385146440815462,0.6976193821350992,0.2734896382791592,0.594100237018111,0.19,7782
0,0,0.9910247703622976,0.214245381310489,-0.0469372900415925,-0.8390446004491859,0.7611836715043332,-0.3942502360575859,-0.3505567867586069,-0.3524276246674541,-0.4124026567795105,-0.1106454438696289,0.4959229516852162,0.8719259637503328,0.4020278950421664,-0.4709095361128136,-0.9160685734470192,0.1062588985967537,-0.872116000075474,-0.3049488424928021,-0.941723801858844,-0.231907233179425,0.3280029940457428,0.9975909396937764,0.6732355577963647,0.5526160565590539,0.8528597630176624,0.4278441613852746,0.0492442933020369,0.2682106083642039,0.6832663120408856,0.1219700887042167,0.6725642719580693,0.0846896282673317,0.219057650935869,0.1379961430205745,0.5449365572152176,0.6359158648410148,0.3888719803107366,0.3698371831221527,0.2511322430536862,0.1406495206902011,0.0796994712942279,0.0688233771781817,0.6063678327481742,0.4751034508910071,0.0961541872153947,0.1360637785894878,0.0401885107816627,0.0824695403887617,0.6451494654102673,0.4455036159067459,0.4390653161733623,0.2060839025079383,0.1105261569359144,0.4000050621877022,0.4101144606648907,0.7823310122413708,0.8385146440815462,0.6976193821350992,0.2734896382791592,0.594100237018111,0.19,7882
0,0,0.9910247703622976,0.214245381310489,-0.0469372900415925,-0.8390446004491859,0.7611836715043332,-0.3942502360575859,-0.3505567867586069,-0.3524276246674541,-0.4124026567795105,-0.1106454438696289,0.4959229516852162,0.8719259637503328,0.4020278950421664,-0.4709095361128136,-0.9160685734470192,0.1062588985967537,-0.872116000075474,-0.3049488424928021,-0.941723801858844,-0.231907233179425,0.3280029940457428,0.9975909396937764,0.6732355577963647,0.5526160565590539,0.8528597630176624,0.4278441613852746,0.0492442933020369,0.2682106083642039,0.6832663120408856,0.1219700887042167,0.6725642719580693,0.0846896282673317,0.219057650935869,0.1379961430205745,0.5449365572152176,0.6359158648410148,0.3888719803107366,0.3698371831221527,0.2511322430536862,0.1406495206902011,0.0796994712942279,0.0688233771781817,0.6063678327481742,0.4751034508910071,0.0961541872153947,0.1360637785894878,0.0401885107816627,0.0824695403887617,0.6451494654102673,0.4455036159067459,0.4390653161733623,0.2060839025079383,0.1105261569359144,0.4000050621877022,0.4101144606648907,0.7823310122413708,0.8385146440815462,0.6976193821350992,0.2734896382791592,0.594100237018111,0.19,7978
0,0,0.9910247703622976,0.214245381310489,-0.0469372900415925,-0.8390446004491859,0.7611836715043332,-0.3942502360575859,-0.3505567867586069,-0.3524276246674541,-0.4124026567795105,-0.1106454438696289,0.4959229516852162,0.8719259637503328,0.4020278950421664,-0.4709095361128136,-0.9160685734470192,0.1062588985967537,-0.872116000075474,-0.3049488424928021,-0.941723801858844,-0.231907233179425,0.3280029940457428,0.9975909396937764,0.6732355577963647,0.5526160565590539,0.8528597630176624,0.4278441613852746,0.0492442933020369,0.2682106083642039,0.6832663120408856,0.1219700887042167,0.6725642719580693,0.0846896282673317,0.219057650935869,0.1379961430205745,0.5449365572152176,0.6359158648410148,0.3888719803107366,0.3698371831221527,0.2511322430536862,0.1406495206902011,0.0796994712942279,0.0688233771781817,0.6063678327481742,0.4751034508910071,0.0961541872153947,0.1360637785894878,0.0401885107816627,0.0824695403887617,0.6451494654102673,0.4455036159067459,0.4390653161733623,0.2060839025079383,0.1105261569359144,0.4000050621877022,0.4101144606648907,0.7823310122413708,0.8385146440815462,0.6976193821350992,0.2734896382791592,0.594100237018111,0.19,8076
0,0,0.9913543978991296,0.1871793900610568,-0.0468333490798947,-0.882683286383256,0.7628309902438837,-0.3467252785185199,-0.3507269499606826,-0.3846855508344847,-0.4094922251709888,-0.1103477862741399,0.4992250780583527,0.8691871337783413,0.4334144828765581,-0.4550578797072861,-0.9230035989037194,0.1085326561761956,-0.8724359485496017,-0.3428642313274308,-0.9366540449699255,-0.2126904120147959,0.3300277264468401,0.9991535751583752,0.6736268568696787,0.5472687340699521,0.8525314451371868,0.4266346017220175,0.0515834393460103,0.2682131747124862,0.6827300979417608,0.1190994121109966,0.6740125134261938,0.0899408202828865,0.2203862294197199,0.1344070339565498,0.5425487349282402,0.5710815508841297,0.4035500887328161,0.3571412784070564,0.2590907563579366,0.1447695337417016,0.0797358674081696,0.0687741510017895,0.6061598651865008,0.2612626492285148,0.0962258407629856,0.1349159475311886,0.0401457529208969,0.0824512759606587,0.6427291220895761,0.4410830295698026,0.433668462977532,0.2075233777652868,0.1123221763816772,0.400290359188067,0.4077884896404983,0.7817588813126186,0.8331711288202573,0.7072872305521017,0.2166615356971591,0.570106333891397,0.16,8177
0,0,0.9913543978991296,0.1871793900610568,-0.0468333490798947,-0.882683286383256,0.7628309902438837,-0.3467252785185199,-0.3507269499606826,-0.3846855508344847,-0.4094922251709888,-0.1103477862741399,0.4992250780583527,0.8691871337783413,0.4334144828765581,-0.4550578797072861,-0.9230035989037194,0.1085326561761956,-0.8724359485496017,-0.3428642313274308,-0.9366540449699255,-0.2126904120147959,0.3300277264468401,0.9991535751583752,0.6736268568696787,0.5472687340699521,0.8525314451371868,0.4266346017220175,0.0515834393460103,0.2682131747124862,0.6827300979417608,0.1190994121109966,0.6740125134261938,0.0899408202828865,0.2203862294197199,0.1344070339565498,0.5425487349282402,0.5710815508841297,0.4035500887328161,0.3571412784070564,0.2590907563579366,0.1447695337417016,0.0797358674081696,0.0687741510017895,0.6061598651865008,0.2612626492285148,0.0962258407629856,0.1349159475311886,0.0401457529208969,0.0824512759606587,0.6427291220895761,0.4410830295698026,0.433668462977532,0.2075233777652868,0.1123221763816772,0.400290359188067,0.4077884896404983,0.7817588813126186,0.8331711288202573,0.7072872305521017,0.2166615356971591,0.570106333891397,0.16,8275
0,0,0.9913543978991296,0.1871793900610568,-0.0468333490798947,-0.882683286383256,0.7628309902438837,-0.3467252785185199,-0.3507269499606826,-0.3846855508344847,-0.4094922251709888,-0.1103477862741399,0.4992250780583527,0.8691871337783413,0.4334144828765581,-0.4550578797072861,-0.9230035989037194,0.1085326561761956,-0.8724359485496017,-0.3428642313274308,-0.9366540449699255,-0.2126904120147959,0.3300277264468401,0.9991535751583752,0.6736268568696787,0.5472687340699521,0.8525314451371868,0.4266346017220175,0.0515834393460103,0.2682131747124862,0.6827300979417608,0.1190994121109966,0.6740125134261938,0.0899408202828865,0.2203862294197199,0.1344070339565498,0.5425487349282402,0.5710815508841297,0.4035500887328161,0.3571412784070564,0.2590907563579366,0.1447695337417016,0.0797358674081696,0.0687741510017895,0.6061598651865008,0.2612626492285148,0.0962258407629856,0.1349159475311886,0.0401457529208969,0.0824512759606587,0.6427291220895761,0.4410830295698026,0.433668462977532,0.2075233777652868,0.1123221763816772,0.400290359188067,0.4077884896404983,0.7817588813126186,0.8331711288202573,0.7072872305521017,0.2166615356971591,0.570106333891397,0.16,8371
0,0,0.9913543978991296,0.1871793900610568,-0.0468333490798947,-0.882683286383256,0.7628309902438837,-0.3467252785185199,-0.3507269499606826,-0.3846855508344847,-0.4094922251709888,-0.1103477862741399,0.4992250780583527,0.8691871337783413,0.4334144828765581,-0.4550578797072861,-0.9230035989037194,0.1085326561761956,-0.8724359485496017,-0.3428642313274308,-0.9366540449699255,-0.2126904120147959,0.3300277264468401,0.9991535751583752,0.6736268568696787,0.5472687340699521,0.8525314451371868,0.4266346017220175,0.0515834393460103,0.2682131747124862,0.6827300979417608,0.1190994121109966,0.6740125134261938,0.0899408202828865,0.2203862294197199,0.1344070339565498,0.5425487349282402,0.5710815508841297,0.4035500887328161,0.3571412784070564,0.2590907563579366,0.1447695337417016,0.0797358674081696,0.0687741510017895,0.6061598651865008,0.2612626492285148,0.0962258407629856,0.1349159475311886,0.0401457529208969,0.0824512759606587,0.6427291220895761,0.4410830295698026,0.433668462977532,0.2075233777652868,0.1123221763816772,0.400290359188067,0.4077884896404983,0.7817588813126186,0.8331711288202573,0.7072872305521017,0.2166615356971591,0.570106333891397,0.16,8470
0,0,0.9913543978991296,0.1871793900610568,-0.0468333490798947,-0.882683286383256,0.7628309902438837,-0.3467252785185199,-0.3507269499606826,-0.3846855508344847,-0.4094922251709888,-0.1103477862741399,0.4992250780583527,0.8691871337783413,0.4334144828765581,-0.4550578797072861,-0.9230035989037194,0.1085326561761956,-0.8724359485496017,-0.3428642313274308,-0.9366540449699255,-0.2126904120147959,0.3300277264468401,0.9991535751583752,0.6736268568696787,0.5472687340699521,0.8525314451371868,0.4266346017220175,0.0515834393460103,0.2682131747124862,0.6827300979417608,0.1190994121109966,0.6740125134261938,0.0899408202828865,0.2203862294197199,0.1344070339565498,0.5425487349282402,0.5710815508841297,0.4035500887328161,0.3571412784070564,0.2590907563579366,0.1447695337417016,0.0797358674081696,0.0687741510017895,0.6061598651865008,0.2612626492285148,0.0962258407629856,0.1349159475311886,0.0401457529208969,0.0824512759606587,0.6427291220895761,0.4410830295698026,0.433668462977532,0.2075233777652868,0.1123221763816772,0.400290359188067,0.4077884896404983,0.7817588813126186,0.8331711288202573,0.7072872305521017,0.2166615356971591,0.570106333891397,0.16,8566
0,0,-0.2571584890752694,0.2128401192180227,-0.0469732999725927,-0.8187956906888032,0.9012319718115572,0.787496675118841,0.3300156980728481,-0.4301890248078717,-0.4146995937485497,0.452427169578486,0.5149578360417901,0.8061341154643782,0.1226331939206621,-0.4037593607279212,-0.9158990587537784,0.9770260963047316,-0.9132718396627584,-0.5868833053147062,0.1587164513991479,-0.5361612729299325,0.3308403981783891,0.7297651689894663,0.6685607989921758,0.5295364913204927,0.8363816514553202,0.4307516934643823,0.0488166915100566,0.2645179963196466,0.1757196424465808,0.1223068862587265,0.8015874297608991,0.0769734237183507,0.6721685311746296,0.124354420386221,0.5974899618683583,0.4952718055492731,0.3753027553710143,0.2929878210741584,0.9297967174462516,0.0945154759709278,0.0631161581857248,0.4217015343144248,0.6231060466387875,0.4839198371743185,0.1476204187960679,0.1343707580941966,0.4320309809393398,0.0824979344760178,0.479721509706297,0.4970017040126977,0.4287299554096839,0.1265326974196741,0.5084842132598717,0.8933598868918762,0.5988135823248626,0.7582636514780091,0.0041578688163207,0.7595751434931678,0.1938594097048585,0.3467084397422745,0.53,864
0,0,0.9913543978991296,0.1871793900610568,-0.0468333490798947,-0.882683286383256,0.7628309902438837,-0.3467252785185199,-0.3507269499606826,-0.3846855508344847,-0.4094922251709888,-0.1103477862741399,0.4992250780583527,0.8691871337783413,0.4334144828765581,-0.4550578797072861,-0.9230035989037194,0.1085326561761956,-0.8724359485496017,-0.3428642313274308,-0.9366540449699255,-0.2126904120147959,0.3300277264468401,0.9991535751583752,0.6736268568696787,0.5472687340699521,0.8525314451371868,0.4266346017220175,0.0515834393460103,0.2682131747124862,0.6827300979417608,0.1190994121109966,0.6740125134261938,0.0899408202828865,0.2203862294197199,0.1344070339565498,0.5425487349282402,0.5710815508841297,0.4035500887328161,0.3571412784070564,0.2590907563579366,0.1447695337417016,0.0797358674081696,0.0687741510017895,0.6061598651865008,0.2612626492285148,0.0962258407629856,0.1349159475311886,0.0401457529208969,0.0824512759606587,0.6427291220895761,0.4410830295698026,0.433668462977532,0.2075233777652868,0.1123221763816772,0.400290359188067,0.4077884896404983,0.7817588813126186,0.8331711288202573,0.7072872305521017,0.2166615356971591,0.570106333891397,0.16,8664
0,0,0.9913543978991296,0.1871793900610568,-0.0468333490798947,-0.882683286383256,0.7628309902438837,-0.3467252785185199,-0.3507269499606826,-0.3846855508344847,-0.4094922251709888,-0.1103477862741399,0.4992250780583527,0.8691871337783413,0.4334144828765581,-0.4550578797072861,-0.9230035989037194,0.1085326561761956,-0.8724359485496017,-0.3428642313274308,-0.9366540449699255,-0.2126904120147959,0.3300277264468401,0.9991535751583752,0.6736268568696787,0.5472687340699521,0.8525314451371868,0.4266346017220175,0.0515834393460103,0.2682131747124862,0.6827300979417608,0.1190994121109966,0.6740125134261938,0.0899408202828865,0.2203862294197199,0.1344070339565498,0.5425487349282402,0.5710815508841297,0.4035500887328161,0.3571412784070564,0.2590907563579366,0.1447695337417016,0.0797358674081696,0.0687741510017895,0.6061598651865008,0.2612626492285148,0.0962258407629856,0.1349159475311886,0.0401457529208969,0.0824512759606587,0.6427291220895761,0.4410830295698026,0.433668462977532,0.2075233777652868,0.1123221763816772,0.400290359188067,0.4077884896404983,0.7817588813126186,0.8331711288202573,0.7072872305521017,0.2166615356971591,0.570106333891397,0.16,8760
0,0,0.9913543978991296,0.1871793900610568,-0.0468333490798947,-0.882683286383256,0.7628309902438837,-0.3467252785185199,-0.3507269499606826,-0.3846855508344847,-0.4094922251709888,-0.1103477862741399,0.4992250780583527,0.8691871337783413,0.4334144828765581,-0.4550578797072861,-0.9230035989037194,0.1085326561761956,-0.8724359485496017,-0.3428642313274308,-0.9366540449699255,-0.2126904120147959,0.3300277264468401,0.9991535751583752,0.6736268568696787,0.5472687340699521,0.8525314451371868,0.4266346017220175,0.0515834393460103,0.2682131747124862,0.6827300979417608,0.1190994121109966,0.6740125134261938,0.0899408202828865,0.2203862294197199,0.1344070339565498,0.5425487349282402,0.5710815508841297,0.4035500887328161,0.3571412784070564,0.2590907563579366,0.1447695337417016,0.0797358674081696,0.0687741510017895,0.6061598651865008,0.2612626492285148,0.0962258407629856,0.1349159475311886,0.0401457529208969,0.0824512759606587,0.6427291220895761,0.4410830295698026,0.433668462977532,0.2075233777652868,0.1123221763816772,0.400290359188067,0.4077884896404983,0.7817588813126186,0.8331711288202573,0.7072872305521017,0.2166615356971591,0.570106333891397,0.16,8858
0,0,0.9913543978991296,0.1871793900610568,-0.0468333490798947,-0.882683286383256,0.7628309902438837,-0.3467252785185199,-0.3507269499606826,-0.3846855508344847,-0.4094922251709888,-0.1103477862741399,0.4992250780583527,0.8691871337783413,0.4334144828765581,-0.4550578797072861,-0.9230035989037194,0.1085326561761956,-0.8724359485496017,-0.3428642313274308,-0.9366540449699255,-0.2126904120147959,0.3300277264468401,0.9991535751583752,0.6736268568696787,0.5472687340699521,0.8525314451371868,0.4266346017220175,0.0515834393460103,0.2682131747124862,0.6827300979417608,0.1190994121109966,0.6740125134261938,0.0899408202828865,0.2203862294197199,0.1344070339565498,0.5425487349282402,0.5710815508841297,0.4035500887328161,0.3571412784070564,0.2590907563579366,0.1447695337417016,0.0797358674081696,0.0687741510017895,0.6061598651865008,0.2612626492285148,0.0962258407629856,0.1349159475311886,0.0401457529208969,0.0824512759606587,0.6427291220895761,0.4410830295698026,0.433668462977532,0.2075233777652868,0.1123221763816772,0.400290359188067,0.4077884896404983,0.7817588813126186,0.8331711288202573,0.7072872305521017,0.2166615356971591,0.570106333891397,0.16,8956
0,0,0.9913543978991296,0.1871793900610568,-0.0468333490798947,-0.882683286383256,0.7628309902438837,-0.3467252785185199,-0.3507269499606826,-0.3846855508344847,-0.4094922251709888,-0.1103477862741399,0.4992250780583527,0.8691871337783413,0.4334144828765581,-0.4550578797072861,-0.9230035989037194,0.1085326561761956,-0.8724359485496017,-0.3428642313274308,-0.9366540449699255,-0.2126904120147959,0.3300277264468401,0.9991535751583752,0.6736268568696787,0.5472687340699521,0.8525314451371868,0.4266346017220175,0.0515834393460103,0.2682131747124862,0.6827300979417608,0.1190994121109966,0.6740125134261938,0.0899408202828865,0.2203862294197199,0.1344070339565498,0.5425487349282402,0.5710815508841297,0.4035500887328161,0.3571412784070564,0.2590907563579366,0.1447695337417016,0.0797358674081696,0.0687741510017895,0.6061598651865008,0.2612626492285148,0.0962258407629856,0.1349159475311886,0.0401457529208969,0.0824512759606587,0.6427291220895761,0.4410830295698026,0.433668462977532,0.2075233777652868,0.1123221763816772,0.400290359188067,0.4077884896404983,0.7817588813126186,0.8331711288202573,0.7072872305521017,0.2166615356971591,0.570106333891397,0.16,9050
0,0,0.9913543978991296,0.1871793900610568,-0.0468333490798947,-0.882683286383256,0.7628309902438837,-0.3467252785185199,-0.3507269499606826,-0.3846855508344847,-0.4094922251709888,-0.1103477862741399,0.4992250780583527,0.8691871337783413,0.4334144828765581,-0.4550578797072861,-0.9230035989037194,0.1085326561761956,-0.8724359485496017,-0.3428642313274308,-0.9366540449699255,-0.2126904120147959,0.3300277264468401,0.9991535751583752,0.6736268568696787,0.5472687340699521,0.8525314451371868,0.4266346017220175,0.0515834393460103,0.2682131747124862,0.6827300979417608,0.1190994121109966,0.6740125134261938,0.0899408202828865,0.2203862294197199,0.1344070339565498,0.5425487349282402,0.5710815508841297,0.4035500887328161,0.3571412784070564,0.2590907563579366,0.1447695337417016,0.0797358674081696,0.0687741510017895,0.6061598651865008,0.2612626492285148,0.0962258407629856,0.1349159475311886,0.0401457529208969,0.0824512759606587,0.6427291220895761,0.4410830295698026,0.433668462977532,0.2075233777652868,0.1123221763816772,0.400290359188067,0.4077884896404983,0.7817588813126186,0.8331711288202573,0.7072872305521017,0.2166615356971591,0.570106333891397,0.16,9147
0,0,0.9913543978991296,0.1871793900610568,-0.0468333490798947,-0.882683286383256,0.7628309902438837,-0.3467252785185199,-0.3507269499606826,-0.3846855508344847,-0.4094922251709888,-0.1103477862741399,0.4992250780583527,0.8691871337783413,0.4334144828765581,-0.4550578797072861,-0.9230035989037194,0.1085326561761956,-0.8724359485496017,-0.3428642313274308,-0.9366540449699255,-0.2126904120147959,0.3300277264468401,0.9991535751583752,0.6736268568696787,0.5472687340699521,0.8525314451371868,0.4266346017220175,0.0515834393460103,0.2682131747124862,0.6827300979417608,0.1190994121109966,0.6740125134261938,0.0899408202828865,0.2203862294197199,0.1344070339565498,0.5425487349282402,0.5710815508841297,0.4035500887328161,0.3571412784070564,0.2590907563579366,0.1447695337417016,0.0797358674081696,0.0687741510017895,0.6061598651865008,0.2612626492285148,0.0962258407629856,0.1349159475311886,0.0401457529208969,0.0824512759606587,0.6427291220895761,0.4410830295698026,0.433668462977532,0.2075233777652868,0.1123221763816772,0.400290359188067,0.4077884896404983,0.7817588813126186,0.8331711288202573,0.7072872305521017,0.2166615356971591,0.570106333891397,0.16,9242
0,0,0.9913543978991296,0.1871793900610568,-0.0468333490798947,-0.882683286383256,0.7628309902438837,-0.3467252785185199,-0.3507269499606826,-0.3846855508344847,-0.4094922251709888,-0.1103477862741399,0.4992250780583527,0.8691871337783413,0.4334144828765581,-0.4550578797072861,-0.9230035989037194,0.1085326561761956,-0.8724359485496017,-0.3428642313274308,-0.9366540449699255,-0.2126904120147959,0.3300277264468401,0.9991535751583752,0.6736268568696787,0.5472687340699521,0.8525314451371868,0.4266346017220175,0.0515834393460103,0.2682131747124862,0.6827300979417608,0.1190994121109966,0.6740125134261938,0.0899408202828865,0.2203862294197199,0.1344070339565498,0.5425487349282402,0.5710815508841297,0.4035500887328161,0.3571412784070564,0.2590907563579366,0.1447695337417016,0.0797358674081696,0.0687741510017895,0.6061598651865008,0.2612626492285148,0.0962258407629856,0.1349159475311886,0.0401457529208969,0.0824512759606587,0.6427291220895761,0.4410830295698026,0.433668462977532,0.2075233777652868,0.1123221763816772,0.400290359188067,0.4077884896404983,0.7817588813126186,0.8331711288202573,0.7072872305521017,0.2166615356971591,0.570106333891397,0.16,9340
0,0,0.9913543978991296,0.1871793900610568,-0.0468333490798947,-0.882683286383256,0.7628309902438837,-0.3467252785185199,-0.3507269499606826,-0.3846855508344847,-0.4094922251709888,-0.1103477862741399,0.4992250780583527,0.8691871337783413,0.4334144828765581,-0.4550578797072861,-0.9230035989037194,0.1085326561761956,-0.8724359485496017,-0.3428642313274308,-0.9366540449699255,-0.2126904120147959,0.3300277264468401,0.9991535751583752,0.6736268568696787,0.5472687340699521,0.8525314451371868,0.4266346017220175,0.0515834393460103,0.2682131747124862,0.6827300979417608,0.1190994121109966,0.6740125134261938,0.0899408202828865,0.2203862294197199,0.1344070339565498,0.5425487349282402,0.5710815508841297,0.4035500887328161,0.3571412784070564,0.2590907563579366,0.1447695337417016,0.0797358674081696,0.0687741510017895,0.6061598651865008,0.2612626492285148,0.0962258407629856,0.1349159475311886,0.0401457529208969,0.0824512759606587,0.6427291220895761,0.4410830295698026,0.433668462977532,0.2075233777652868,0.1123221763816772,0.400290359188067,0.4077884896404983,0.7817588813126186,0.8331711288202573,0.7072872305521017,0.2166615356971591,0.570106333891397,0.16,9438
0,0,0.9913543978991296,0.1871793900610568,-0.0468333490798947,-0.882683286383256,0.7628309902438837,-0.3467252785185199,-0.3507269499606826,-0.3846855508344847,-0.4094922251709888,-0.1103477862741399,0.4992250780583527,0.8691871337783413,0.4334144828765581,-0.4550578797072861,-0.9230035989037194,0.1085326561761956,-0.8724359485496017,-0.3428642313274308,-0.9366540449699255,-0.2126904120147959,0.3300277264468401,0.9991535751583752,0.6736268568696787,0.5472687340699521,0.8525314451371868,0.4266346017220175,0.0515834393460103,0.2682131747124862,0.6827300979417608,0.1190994121109966,0.6740125134261938,0.0899408202828865,0.2203862294197199,0.1344070339565498,0.5425487349282402,0.5710815508841297,0.4035500887328161,0.3571412784070564,0.2590907563579366,0.1447695337417016,0.0797358674081696,0.0687741510017895,0.6061598651865008,0.2612626492285148,0.0962258407629856,0.1349159475311886,0.0401457529208969,0.0824512759606587,0.6427291220895761,0.4410830295698026,0.433668462977532,0.2075233777652868,0.1123221763816772,0.400290359188067,0.4077884896404983,0.7817588813126186,0.8331711288202573,0.7072872305521017,0.2166615356971591,0.570106333891397,0.16,9534
0,0,-0.2571584890752694,0.2128401192180227,-0.0469732999725927,-0.8187956906888032,0.9012319718115572,0.787496675118841,0.3300156980728481,-0.4301890248078717,-0.4146995937485497,0.452427169578486,0.5149578360417901,0.8061341154643782,0.1226331939206621,-0.4037593607279212,-0.9158990587537784,0.9770260963047316,-0.9132718396627584,-0.5868833053147062,0.1587164513991479,-0.5361612729299325,0.3308403981783891,0.7297651689894663,0.6685607989921758,0.5295364913204927,0.8363816514553202,0.4307516934643823,0.0488166915100566,0.2645179963196466,0.1757196424465808,0.1223068862587265,0.8015874297608991,0.0769734237183507,0.6721685311746296,0.124354420386221,0.5974899618683583,0.4952718055492731,0.3753027553710143,0.2929878210741584,0.9297967174462516,0.0945154759709278,0.0631161581857248,0.4217015343144248,0.6231060466387875,0.4839198371743185,0.1476204187960679,0.1343707580941966,0.4320309809393398,0.0824979344760178,0.479721509706297,0.4970017040126977,0.4287299554096839,0.1265326974196741,0.5084842132598717,0.8933598868918762,0.5988135823248626,0.7582636514780091,0.0041578688163207,0.7595751434931678,0.1938594097048585,0.3467084397422745,0.53,960
0,0,0.9913543978991296,0.1871793900610568,-0.0468333490798947,-0.882683286383256,0.7628309902438837,-0.3467252785185199,-0.3507269499606826,-0.3846855508344847,-0.4094922251709888,-0.1103477862741399,0.4992250780583527,0.8691871337783413,0.4334144828765581,-0.4550578797072861,-0.9230035989037194,0.1085326561761956,-0.8724359485496017,-0.3428642313274308,-0.9366540449699255,-0.2126904120147959,0.3300277264468401,0.9991535751583752,0.6736268568696787,0.5472687340699521,0.8525314451371868,0.4266346017220175,0.0515834393460103,0.2682131747124862,0.6827300979417608,0.1190994121109966,0.6740125134261938,0.0899408202828865,0.2203862294197199,0.1344070339565498,0.5425487349282402,0.5710815508841297,0.4035500887328161,0.3571412784070564,0.2590907563579366,0.1447695337417016,0.0797358674081696,0.0687741510017895,0.6061598651865008,0.2612626492285148,0.0962258407629856,0.1349159475311886,0.0401457529208969,0.0824512759606587,0.6427291220895761,0.4410830295698026,0.433668462977532,0.2075233777652868,0.1123221763816772,0.400290359188067,0.4077884896404983,0.7817588813126186,0.8331711288202573,0.7072872305521017,0.2166615356971591,0.570106333891397,0.16,9633
0,0,0.9913543978991296,0.1871793900610568,-0.0468333490798947,-0.882683286383256,0.7628309902438837,-0.3467252785185199,-0.3507269499606826,-0.3846855508344847,-0.4094922251709888,-0.1103477862741399,0.4992250780583527,0.8691871337783413,0.4334144828765581,-0.4550578797072861,-0.9230035989037194,0.1085326561761956,-0.8724359485496017,-0.3428642313274308,-0.9366540449699255,-0.2126904120147959,0.3300277264468401,0.9991535751583752,0.6736268568696787,0.5472687340699521,0.8525314451371868,0.4266346017220175,0.0515834393460103,0.2682131747124862,0.6827300979417608,0.1190994121109966,0.6740125134261938,0.0899408202828865,0.2203862294197199,0.1344070339565498,0.5425487349282402,0.5710815508841297,0.4035500887328161,0.3571412784070564,0.2590907563579366,0.1447695337417016,0.0797358674081696,0.0687741510017895,0.6061598651865008,0.2612626492285148,0.0962258407629856,0.1349159475311886,0.0401457529208969,0.0824512759606587,0.6427291220895761,0.4410830295698026,0.433668462977532,0.2075233777652868,0.1123221763816772,0.400290359188067,0.4077884896404983,0.7817588813126186,0.8331711288202573,0.7072872305521017,0.2166615356971591,0.570106333891397,0.16,9726
0,0,0.9913543978991296,0.1871793900610568,-0.0468333490798947,-0.882683286383256,0.7628309902438837,-0.3467252785185199,-0.3507269499606826,-0.3846855508344847,-0.4094922251709888,-0.1103477862741399,0.4992250780583527,0.8691871337783413,0.4334144828765581,-0.4550578797072861,-0.9230035989037194,0.1085326561761956,-0.8724359485496017,-0.3428642313274308,-0.9366540449699255,-0.2126904120147959,0.3300277264468401,0.9991535751583752,0.6736268568696787,0.5472687340699521,0.8525314451371868,0.4266346017220175,0.0515834393460103,0.2682131747124862,0.6827300979417608,0.1190994121109966,0.6740125134261938,0.0899408202828865,0.2203862294197199,0.1344070339565498,0.5425487349282402,0.5710815508841297,0.4035500887328161,0.3571412784070564,0.2590907563579366,0.1447695337417016,0.0797358674081696,0.0687741510017895,0.6061598651865008,0.2612626492285148,0.0962258407629856,0.1349159475311886,0.0401457529208969,0.0824512759606587,0.6427291220895761,0.4410830295698026,0.433668462977532,0.2075233777652868,0.1123221763816772,0.400290359188067,0.4077884896404983,0.7817588813126186,0.8331711288202573,0.7072872305521017,0.2166615356971591,0.570106333891397,0.16,9826
0,0,0.9913543978991296,0.1871793900610568,-0.0468333490798947,-0.882683286383256,0.7628309902438837,-0.3467252785185199,-0.3507269499606826,-0.3846855508344847,-0.4094922251709888,-0.1103477862741399,0.4992250780583527,0.8691871337783413,0.4334144828765581,-0.4550578797072861,-0.9230035989037194,0.1085326561761956,-0.8724359485496017,-0.3428642313274308,-0.9366540449699255,-0.2126904120147959,0.3300277264468401,0.9991535751583752,0.6736268568696787,0.5472687340699521,0.8525314451371868,0.4266346017220175,0.0515834393460103,0.2682131747124862,0.6827300979417608,0.1190994121109966,0.6740125134261938,0.0899408202828865,0.2203862294197199,0.1344070339565498,0.5425487349282402,0.5710815508841297,0.4035500887328161,0.3571412784070564,0.2590907563579366,0.1447695337417016,0.0797358674081696,0.0687741510017895,0.6061598651865008,0.2612626492285148,0.0962258407629856,0.1349159475311886,0.0401457529208969,0.0824512759606587,0.6427291220895761,0.4410830295698026,0.433668462977532,0.2075233777652868,0.1123221763816772,0.400290359188067,0.4077884896404983,0.7817588813126186,0.8331711288202573,0.7072872305521017,0.2166615356971591,0.570106333891397,0.16,9921
