,Unnamed: 0,c1,c2,c3,c4,c5,c6,c7,c8,c9,c10,c11,c12,c13,c14,c15,c16,c17,c18,c19,c20,c21,c22,c23,c24,c25,c26,c27,c28,c29,c30,c31,c32,c33,c34,c35,c36,c37,c38,c39,c40,c41,c42,c43,c44,c45,c46,c47,c48,c49,c50,c51,c52,c53,c54,c55,c56,c57,c58,c59,c60,r1,r2,r3,r4,r5,r6,r7,r8,r9,r10,r11,r12,r13,r14,r15,r16,r17,r18,r19,r20,r21,r22,r23,r24,r25,r26,r27,r28,r29,r30,r31,r32,r33,r34,r35,r36,r37,r38,r39,r40,r41,r42,r43,r44,r45,r46,r47,r48,r49,r50,r51,r52,r53,r54,r55,r56,r57,r58,r59,r60,w1,w2,w3,w4,w5,w6,w7,w8,w9,w10,w11,w12,w13,w14,w15,w16,w17,w18,not_intercepted,nfe
0,0,0.0527692391872616,0.869999303380649,-0.465098833569058,0.1567290812329389,0.498826806721087,-0.6640592414311268,0.8113023225138425,0.2522493129132794,0.0599973501339821,0.4415931866875358,0.9835772226887838,0.5503616285007782,0.780338502617661,0.5087979390723194,0.803216546427628,-0.5180435850412515,-0.694617018485824,0.4050921139156807,-0.8667442706038018,-0.6728917721837342,0.4467732378066487,-0.9679220274803816,-0.6725922783921083,0.084922385498924,0.5542239746561242,0.0963017674435373,0.8874706404176382,-0.8510019006873799,0.1611939094523904,0.5223154488723867,0.8515855499784692,-0.1894318043823177,0.0677068024745768,-0.0347975743118864,0.8329320233111086,0.5142851132796282,-0.488049918541656,-0.7455573854632145,0.7478689839151269,0.2185701374505828,0.4887463560926128,0.8011934262167033,-0.6144363166326399,0.6040659767971228,-0.8457554609458366,0.1678755909711349,0.1991109132058757,0.9974394860207352,-0.6409223607591139,-0.5036366032286026,-0.2423787357162135,-0.2971220354279826,-0.7095690888194959,0.4060570854313485,0.2923042359821892,0.7426407286661998,0.8059288138116247,-0.776884813622267,-0.7501610522854736,0.629959484509214,0.7798430869682313,0.345883212965318,0.9022253399792196,0.8286352821100378,0.4618270629626012,0.9627784182181433,0.0548047841822995,0.2717736979814518,0.5088367679397818,0.7796664632247687,0.7963494864726602,0.4557885957357525,0.8560560115435435,0.3795779548384478,0.2030973218638704,0.4535994839790594,0.3710237921707963,0.7686871059335456,0.5474739817644031,0.864543217624239,0.3465160736853371,0.566343059102261,0.0856844563299884,0.0814056181784163,0.0888175118790859,0.9029915860179478,0.5457588761320058,0.5905355913353474,0.383662681393964,0.7778797456677615,0.1663987974961721,0.4592518983367644,0.0933499626245319,0.5976673687958658,0.7944734499239471,0.4428608583143589,0.7619150034667844,0.1604536973767165,0.7709058985333025,0.0837097246570535,0.8919536714632632,0.131328859204209,0.2997732041196785,0.88515743412392,0.5287471130092174,0.9344155244618724,0.4006263345855206,0.4618978795808233,0.5544247003747248,0.8321158059572092,0.7897196225830114,0.830457100822043,0.0957915183777802,0.9659717993266274,0.2523245948304097,0.2396728666358204,0.8797757554475962,0.0405862890798167,0.046576144984733,0.7951155976685215,0.0136651391476295,0.5012649899518612,0.2064162011718771,0.6492553286994786,0.5430530643286422,0.2901919179067294,0.5510663933216357,0.3753885098584241,0.1489962327729628,0.6681543040818185,0.4726338864772771,0.977849483690328,0.0159821914953532,0.1870801276240987,0.2376364597210774,0.6277147356869683,0.3108678800648543,0.3221088686839871,0.59,100
0,0,-0.1861838745905306,0.1845488563970511,-0.372911441814233,0.1397295077540166,0.916136128438393,0.5127325905781964,0.6440858829868714,-0.2802733409803728,0.3845741400535665,0.8342645290434153,-0.6991116328108696,-0.6412326920208038,0.1909987325072019,0.6395198121434437,0.7152054768614031,0.5663502747548703,0.5229337376737593,-0.0674795318086399,0.2288083459900833,0.459959647758981,-0.3108531568293694,-0.020276310119813,-0.5030286501122646,-0.2444123648574966,0.5953258274056462,-0.5796592584407593,-0.2522268581959633,-0.5995659002869874,0.4726703590788251,0.7039540941810957,0.8794316794116914,0.5935286932470356,0.4140319183987614,-0.0475438405150856,-0.2769652195878893,0.4393968604237898,-0.3820208453990507,-0.1414579560283485,-0.9176693032279588,0.6739257738279235,-0.7216721447247504,0.9252292340848576,0.5985977795486286,-0.712093891578464,0.9009470397980966,0.2762809436272764,-0.4909763301310876,0.7530498329065978,-0.0556732084515925,0.0730468314826366,-0.2487033676071125,0.3924906007959919,0.7453011776342527,0.7191784765822452,-0.5878251100662305,-0.1043578545449254,-0.4396466592383803,-0.5257063753116746,-0.0399531409723329,-0.4301324576556048,0.2193834215978644,0.70583038622247,0.0551653682736831,0.8315809396925997,0.4469528768951029,0.8091809477855817,0.3414937004976912,0.1228777595886245,0.0320619656996006,0.711215948618304,0.5365331803643592,0.5461098116601244,0.8461982440032816,0.2657183314425311,0.8876717360965333,0.8429950809925558,0.2762380887307698,0.4193987012014751,0.744941256479684,0.5664207851032232,0.5159938360978225,0.7598692196964751,0.3103185974377976,0.5632636470503731,0.2818891177677826,0.2779487973521625,0.4112191899672755,0.6868777680268177,0.695132711145553,0.2549191103888835,0.474083924226301,0.2487674079138686,0.2438154341462806,0.8661955321689502,0.9624299734958895,0.5880287277010992,0.4871350064267296,0.838334580123894,0.7668346035861143,0.8327705460786539,0.1642801748669279,0.9829687786477586,0.3777467204206514,0.9027809335951348,0.2702037970109018,0.1110822310029247,0.8686944556784817,0.7983042895460406,0.416636984096811,0.046299359544744,0.6684454954176946,0.0860530068342748,0.6912375342668621,0.0453205429896288,0.1646346016091504,0.2230574185461391,0.778535737081849,0.1074063088020882,0.4324918964039566,0.0949549015387402,0.0110212910696754,0.7521446868121022,0.114027222685362,0.8267140381607775,0.1482017611845251,0.1160448601925939,0.7362642469650411,0.7516904255714973,0.7389944084960405,0.6915361264420056,0.0698306028167082,0.1206719016517532,0.5092926415877159,0.3253720137441326,0.6552942787495053,0.3829971011447649,0.2199084284474685,0.6940344594891056,0.42,10049
0,0,-0.2429408352329221,0.2008486420201762,-0.2752225765349292,0.0946555228180836,0.9771144594206258,0.4847928702994897,0.7412169419044294,0.8491750977064698,0.4813100127746363,0.8230206827915816,-0.9502643714663914,-0.5987456856742244,0.1962011338498883,0.663092290116301,0.790288438450685,0.5722459227228536,0.5337252097193181,-0.031465804698737,0.2443476707967933,0.500318898726958,-0.4352570378336877,-0.0778786903089151,-0.5014184029238218,-0.2548412082069815,0.6157062619024118,-0.542808298814496,-0.2371500654597568,-0.7275424217626365,0.5227319708307125,0.7362805783978197,0.9919005127233044,0.5707915115155033,0.4663472580649483,-0.0093509182436777,-0.365279539834261,0.4696433044764692,-0.551593349964062,-0.1355768172235829,-0.9876396354543672,0.6641504857987062,-0.7939228710720099,0.9634946498099172,0.7391403442390929,-0.8936606788281696,0.930980475552067,0.2782073877972355,-0.5323857393823159,0.7412597052682703,-0.1553814754856695,0.2181552826697783,-0.6370793694048575,0.467510762703457,0.9013179415961085,0.7398209403636458,-0.6647357409201708,-0.2241747003259202,-0.3355047431798054,-0.5919145242286772,-0.0711125114872663,-0.4960318932649785,0.2109746625510653,0.7037716911926489,0.0537935717916808,0.8303258149703052,0.4509804533435262,0.812048673576113,0.3198572614335118,0.124345012376545,0.0376519653347308,0.7087405839619015,0.5301656451093854,0.536140960100225,1.0,0.2593829261412693,0.8870882546189327,0.97249395254826,0.7348827192127673,0.4072920691147256,0.7488808834007079,0.4329574939116904,0.520758368451072,0.7807922698263944,0.2563399482132428,0.584407235220781,0.2922789917140518,0.2184608124062872,0.4305793479848529,0.6665719655666714,0.7631060676838742,0.2526086367514689,0.4949213065841927,0.1394625979581518,0.2587179598102804,0.8817121444458791,0.9905015764831716,0.3309971186098161,0.4478804611036112,1.0,0.7678306439356333,0.8600993406456258,0.1542873158369688,0.9408202875659624,0.4736726969238632,0.9695247390870456,0.194822222309766,0.0105914015673661,0.8783678221648753,0.8423845224861549,0.431246573657856,0.0158823365813964,0.663617397619382,0.0001,0.6526579612370316,0.0001,0.1253678952512401,0.2375139129514696,0.8260893889220686,0.0626391947457478,0.4490630410108871,0.0015508508106696,0.0109869723160707,0.7560646495638969,0.9038154324021996,0.984222715579466,0.1310613575624606,0.0600707819629372,0.7591984402389766,0.9211889388666868,0.7486905245638826,0.6961262510434116,0.032827832435994,0.1201987497751255,0.4699238351843882,0.2935044626220946,0.7191164990204989,0.0295294465504363,0.1233248294307712,0.7287270312656217,0.47,1080
0,0,-0.2429408352329221,0.2008486420201762,-0.2752225765349292,0.0946555228180836,0.9771144594206258,0.4847928702994897,0.7412169419044294,0.8491750977064698,0.4813100127746363,0.8230206827915816,-0.9502643714663914,-0.5987456856742244,0.1962011338498883,0.663092290116301,0.790288438450685,0.5722459227228536,0.5337252097193181,-0.031465804698737,0.2443476707967933,0.500318898726958,-0.4352570378336877,-0.0778786903089151,-0.5014184029238218,-0.2548412082069815,0.6157062619024118,-0.542808298814496,-0.2371500654597568,-0.7275424217626365,0.5227319708307125,0.7362805783978197,0.9919005127233044,0.5707915115155033,0.4663472580649483,-0.0093509182436777,-0.365279539834261,0.4696433044764692,-0.551593349964062,-0.1355768172235829,-0.9876396354543672,0.6641504857987062,-0.7939228710720099,0.9634946498099172,0.7391403442390929,-0.8936606788281696,0.930980475552067,0.2782073877972355,-0.5323857393823159,0.7412597052682703,-0.1553814754856695,0.2181552826697783,-0.6370793694048575,0.467510762703457,0.9013179415961085,0.7398209403636458,-0.6647357409201708,-0.2241747003259202,-0.3355047431798054,-0.5919145242286772,-0.0711125114872663,-0.4960318932649785,0.2109746625510653,0.7037716911926489,0.0537935717916808,0.8303258149703052,0.4509804533435262,0.812048673576113,0.3198572614335118,0.124345012376545,0.0376519653347308,0.7087405839619015,0.5301656451093854,0.536140960100225,1.0,0.2593829261412693,0.8870882546189327,0.97249395254826,0.7348827192127673,0.4072920691147256,0.7488808834007079,0.4329574939116904,0.520758368451072,0.7807922698263944,0.2563399482132428,0.584407235220781,0.2922789917140518,0.2184608124062872,0.4305793479848529,0.6665719655666714,0.7631060676838742,0.2526086367514689,0.4949213065841927,0.1394625979581518,0.2587179598102804,0.8817121444458791,0.9905015764831716,0.3309971186098161,0.4478804611036112,1.0,0.7678306439356333,0.8600993406456258,0.1542873158369688,0.9408202875659624,0.4736726969238632,0.9695247390870456,0.194822222309766,0.0105914015673661,0.8783678221648753,0.8423845224861549,0.431246573657856,0.0158823365813964,0.663617397619382,0.0001,0.6526579612370316,0.0001,0.1253678952512401,0.2375139129514696,0.8260893889220686,0.0626391947457478,0.4490630410108871,0.0015508508106696,0.0109869723160707,0.7560646495638969,0.9038154324021996,0.984222715579466,0.1310613575624606,0.0600707819629372,0.7591984402389766,0.9211889388666868,0.7486905245638826,0.6961262510434116,0.032827832435994,0.1201987497751255,0.4699238351843882,0.2935044626220946,0.7191164990204989,0.0295294465504363,0.1233248294307712,0.7287270312656217,0.47,1178
0,0,-0.2429408352329221,0.2008486420201762,-0.2752225765349292,0.0946555228180836,0.9771144594206258,0.4847928702994897,0.7412169419044294,0.8491750977064698,0.4813100127746363,0.8230206827915816,-0.9502643714663914,-0.5987456856742244,0.1962011338498883,0.663092290116301,0.790288438450685,0.5722459227228536,0.5337252097193181,-0.031465804698737,0.2443476707967933,0.500318898726958,-0.4352570378336877,-0.0778786903089151,-0.5014184029238218,-0.2548412082069815,0.6157062619024118,-0.542808298814496,-0.2371500654597568,-0.7275424217626365,0.5227319708307125,0.7362805783978197,0.9919005127233044,0.5707915115155033,0.4663472580649483,-0.0093509182436777,-0.365279539834261,0.4696433044764692,-0.551593349964062,-0.1355768172235829,-0.9876396354543672,0.6641504857987062,-0.7939228710720099,0.9634946498099172,0.7391403442390929,-0.8936606788281696,0.930980475552067,0.2782073877972355,-0.5323857393823159,0.7412597052682703,-0.1553814754856695,0.2181552826697783,-0.6370793694048575,0.467510762703457,0.9013179415961085,0.7398209403636458,-0.6647357409201708,-0.2241747003259202,-0.3355047431798054,-0.5919145242286772,-0.0711125114872663,-0.4960318932649785,0.2109746625510653,0.7037716911926489,0.0537935717916808,0.8303258149703052,0.4509804533435262,0.812048673576113,0.3198572614335118,0.124345012376545,0.0376519653347308,0.7087405839619015,0.5301656451093854,0.536140960100225,1.0,0.2593829261412693,0.8870882546189327,0.97249395254826,0.7348827192127673,0.4072920691147256,0.7488808834007079,0.4329574939116904,0.520758368451072,0.7807922698263944,0.2563399482132428,0.584407235220781,0.2922789917140518,0.2184608124062872,0.4305793479848529,0.6665719655666714,0.7631060676838742,0.2526086367514689,0.4949213065841927,0.1394625979581518,0.2587179598102804,0.8817121444458791,0.9905015764831716,0.3309971186098161,0.4478804611036112,1.0,0.7678306439356333,0.8600993406456258,0.1542873158369688,0.9408202875659624,0.4736726969238632,0.9695247390870456,0.194822222309766,0.0105914015673661,0.8783678221648753,0.8423845224861549,0.431246573657856,0.0158823365813964,0.663617397619382,0.0001,0.6526579612370316,0.0001,0.1253678952512401,0.2375139129514696,0.8260893889220686,0.0626391947457478,0.4490630410108871,0.0015508508106696,0.0109869723160707,0.7560646495638969,0.9038154324021996,0.984222715579466,0.1310613575624606,0.0600707819629372,0.7591984402389766,0.9211889388666868,0.7486905245638826,0.6961262510434116,0.032827832435994,0.1201987497751255,0.4699238351843882,0.2935044626220946,0.7191164990204989,0.0295294465504363,0.1233248294307712,0.7287270312656217,0.47,1269
0,0,-0.2429408352329221,0.2008486420201762,-0.2752225765349292,0.0946555228180836,0.9771144594206258,0.4847928702994897,0.7412169419044294,0.8491750977064698,0.4813100127746363,0.8230206827915816,-0.9502643714663914,-0.5987456856742244,0.1962011338498883,0.663092290116301,0.790288438450685,0.5722459227228536,0.5337252097193181,-0.031465804698737,0.2443476707967933,0.500318898726958,-0.4352570378336877,-0.0778786903089151,-0.5014184029238218,-0.2548412082069815,0.6157062619024118,-0.542808298814496,-0.2371500654597568,-0.7275424217626365,0.5227319708307125,0.7362805783978197,0.9919005127233044,0.5707915115155033,0.4663472580649483,-0.0093509182436777,-0.365279539834261,0.4696433044764692,-0.551593349964062,-0.1355768172235829,-0.9876396354543672,0.6641504857987062,-0.7939228710720099,0.9634946498099172,0.7391403442390929,-0.8936606788281696,0.930980475552067,0.2782073877972355,-0.5323857393823159,0.7412597052682703,-0.1553814754856695,0.2181552826697783,-0.6370793694048575,0.467510762703457,0.9013179415961085,0.7398209403636458,-0.6647357409201708,-0.2241747003259202,-0.3355047431798054,-0.5919145242286772,-0.0711125114872663,-0.4960318932649785,0.2109746625510653,0.7037716911926489,0.0537935717916808,0.8303258149703052,0.4509804533435262,0.812048673576113,0.3198572614335118,0.124345012376545,0.0376519653347308,0.7087405839619015,0.5301656451093854,0.536140960100225,1.0,0.2593829261412693,0.8870882546189327,0.97249395254826,0.7348827192127673,0.4072920691147256,0.7488808834007079,0.4329574939116904,0.520758368451072,0.7807922698263944,0.2563399482132428,0.584407235220781,0.2922789917140518,0.2184608124062872,0.4305793479848529,0.6665719655666714,0.7631060676838742,0.2526086367514689,0.4949213065841927,0.1394625979581518,0.2587179598102804,0.8817121444458791,0.9905015764831716,0.3309971186098161,0.4478804611036112,1.0,0.7678306439356333,0.8600993406456258,0.1542873158369688,0.9408202875659624,0.4736726969238632,0.9695247390870456,0.194822222309766,0.0105914015673661,0.8783678221648753,0.8423845224861549,0.431246573657856,0.0158823365813964,0.663617397619382,0.0001,0.6526579612370316,0.0001,0.1253678952512401,0.2375139129514696,0.8260893889220686,0.0626391947457478,0.4490630410108871,0.0015508508106696,0.0109869723160707,0.7560646495638969,0.9038154324021996,0.984222715579466,0.1310613575624606,0.0600707819629372,0.7591984402389766,0.9211889388666868,0.7486905245638826,0.6961262510434116,0.032827832435994,0.1201987497751255,0.4699238351843882,0.2935044626220946,0.7191164990204989,0.0295294465504363,0.1233248294307712,0.7287270312656217,0.47,1366
0,0,-0.2429408352329221,0.2008486420201762,-0.2752225765349292,0.0946555228180836,0.9771144594206258,0.4847928702994897,0.7412169419044294,0.8491750977064698,0.4813100127746363,0.8230206827915816,-0.9502643714663914,-0.5987456856742244,0.1962011338498883,0.663092290116301,0.790288438450685,0.5722459227228536,0.5337252097193181,-0.031465804698737,0.2443476707967933,0.500318898726958,-0.4352570378336877,-0.0778786903089151,-0.5014184029238218,-0.2548412082069815,0.6157062619024118,-0.542808298814496,-0.2371500654597568,-0.7275424217626365,0.5227319708307125,0.7362805783978197,0.9919005127233044,0.5707915115155033,0.4663472580649483,-0.0093509182436777,-0.365279539834261,0.4696433044764692,-0.551593349964062,-0.1355768172235829,-0.9876396354543672,0.6641504857987062,-0.7939228710720099,0.9634946498099172,0.7391403442390929,-0.8936606788281696,0.930980475552067,0.2782073877972355,-0.5323857393823159,0.7412597052682703,-0.1553814754856695,0.2181552826697783,-0.6370793694048575,0.467510762703457,0.9013179415961085,0.7398209403636458,-0.6647357409201708,-0.2241747003259202,-0.3355047431798054,-0.5919145242286772,-0.0711125114872663,-0.4960318932649785,0.2109746625510653,0.7037716911926489,0.0537935717916808,0.8303258149703052,0.4509804533435262,0.812048673576113,0.3198572614335118,0.124345012376545,0.0376519653347308,0.7087405839619015,0.5301656451093854,0.536140960100225,1.0,0.2593829261412693,0.8870882546189327,0.97249395254826,0.7348827192127673,0.4072920691147256,0.7488808834007079,0.4329574939116904,0.520758368451072,0.7807922698263944,0.2563399482132428,0.584407235220781,0.2922789917140518,0.2184608124062872,0.4305793479848529,0.6665719655666714,0.7631060676838742,0.2526086367514689,0.4949213065841927,0.1394625979581518,0.2587179598102804,0.8817121444458791,0.9905015764831716,0.3309971186098161,0.4478804611036112,1.0,0.7678306439356333,0.8600993406456258,0.1542873158369688,0.9408202875659624,0.4736726969238632,0.9695247390870456,0.194822222309766,0.0105914015673661,0.8783678221648753,0.8423845224861549,0.431246573657856,0.0158823365813964,0.663617397619382,0.0001,0.6526579612370316,0.0001,0.1253678952512401,0.2375139129514696,0.8260893889220686,0.0626391947457478,0.4490630410108871,0.0015508508106696,0.0109869723160707,0.7560646495638969,0.9038154324021996,0.984222715579466,0.1310613575624606,0.0600707819629372,0.7591984402389766,0.9211889388666868,0.7486905245638826,0.6961262510434116,0.032827832435994,0.1201987497751255,0.4699238351843882,0.2935044626220946,0.7191164990204989,0.0295294465504363,0.1233248294307712,0.7287270312656217,0.47,1461
0,0,-0.2429408352329221,0.2008486420201762,-0.2752225765349292,0.0946555228180836,0.9771144594206258,0.4847928702994897,0.7412169419044294,0.8491750977064698,0.4813100127746363,0.8230206827915816,-0.9502643714663914,-0.5987456856742244,0.1962011338498883,0.663092290116301,0.790288438450685,0.5722459227228536,0.5337252097193181,-0.031465804698737,0.2443476707967933,0.500318898726958,-0.4352570378336877,-0.0778786903089151,-0.5014184029238218,-0.2548412082069815,0.6157062619024118,-0.542808298814496,-0.2371500654597568,-0.7275424217626365,0.5227319708307125,0.7362805783978197,0.9919005127233044,0.5707915115155033,0.4663472580649483,-0.0093509182436777,-0.365279539834261,0.4696433044764692,-0.551593349964062,-0.1355768172235829,-0.9876396354543672,0.6641504857987062,-0.7939228710720099,0.9634946498099172,0.7391403442390929,-0.8936606788281696,0.930980475552067,0.2782073877972355,-0.5323857393823159,0.7412597052682703,-0.1553814754856695,0.2181552826697783,-0.6370793694048575,0.467510762703457,0.9013179415961085,0.7398209403636458,-0.6647357409201708,-0.2241747003259202,-0.3355047431798054,-0.5919145242286772,-0.0711125114872663,-0.4960318932649785,0.2109746625510653,0.7037716911926489,0.0537935717916808,0.8303258149703052,0.4509804533435262,0.812048673576113,0.3198572614335118,0.124345012376545,0.0376519653347308,0.7087405839619015,0.5301656451093854,0.536140960100225,1.0,0.2593829261412693,0.8870882546189327,0.97249395254826,0.7348827192127673,0.4072920691147256,0.7488808834007079,0.4329574939116904,0.520758368451072,0.7807922698263944,0.2563399482132428,0.584407235220781,0.2922789917140518,0.2184608124062872,0.4305793479848529,0.6665719655666714,0.7631060676838742,0.2526086367514689,0.4949213065841927,0.1394625979581518,0.2587179598102804,0.8817121444458791,0.9905015764831716,0.3309971186098161,0.4478804611036112,1.0,0.7678306439356333,0.8600993406456258,0.1542873158369688,0.9408202875659624,0.4736726969238632,0.9695247390870456,0.194822222309766,0.0105914015673661,0.8783678221648753,0.8423845224861549,0.431246573657856,0.0158823365813964,0.663617397619382,0.0001,0.6526579612370316,0.0001,0.1253678952512401,0.2375139129514696,0.8260893889220686,0.0626391947457478,0.4490630410108871,0.0015508508106696,0.0109869723160707,0.7560646495638969,0.9038154324021996,0.984222715579466,0.1310613575624606,0.0600707819629372,0.7591984402389766,0.9211889388666868,0.7486905245638826,0.6961262510434116,0.032827832435994,0.1201987497751255,0.4699238351843882,0.2935044626220946,0.7191164990204989,0.0295294465504363,0.1233248294307712,0.7287270312656217,0.47,1562
0,0,-0.2429408352329221,0.2008486420201762,-0.2752225765349292,0.0946555228180836,0.9771144594206258,0.4847928702994897,0.7412169419044294,0.8491750977064698,0.4813100127746363,0.8230206827915816,-0.9502643714663914,-0.5987456856742244,0.1962011338498883,0.663092290116301,0.790288438450685,0.5722459227228536,0.5337252097193181,-0.031465804698737,0.2443476707967933,0.500318898726958,-0.4352570378336877,-0.0778786903089151,-0.5014184029238218,-0.2548412082069815,0.6157062619024118,-0.542808298814496,-0.2371500654597568,-0.7275424217626365,0.5227319708307125,0.7362805783978197,0.9919005127233044,0.5707915115155033,0.4663472580649483,-0.0093509182436777,-0.365279539834261,0.4696433044764692,-0.551593349964062,-0.1355768172235829,-0.9876396354543672,0.6641504857987062,-0.7939228710720099,0.9634946498099172,0.7391403442390929,-0.8936606788281696,0.930980475552067,0.2782073877972355,-0.5323857393823159,0.7412597052682703,-0.1553814754856695,0.2181552826697783,-0.6370793694048575,0.467510762703457,0.9013179415961085,0.7398209403636458,-0.6647357409201708,-0.2241747003259202,-0.3355047431798054,-0.5919145242286772,-0.0711125114872663,-0.4960318932649785,0.2109746625510653,0.7037716911926489,0.0537935717916808,0.8303258149703052,0.4509804533435262,0.812048673576113,0.3198572614335118,0.124345012376545,0.0376519653347308,0.7087405839619015,0.5301656451093854,0.536140960100225,1.0,0.2593829261412693,0.8870882546189327,0.97249395254826,0.7348827192127673,0.4072920691147256,0.7488808834007079,0.4329574939116904,0.520758368451072,0.7807922698263944,0.2563399482132428,0.584407235220781,0.2922789917140518,0.2184608124062872,0.4305793479848529,0.6665719655666714,0.7631060676838742,0.2526086367514689,0.4949213065841927,0.1394625979581518,0.2587179598102804,0.8817121444458791,0.9905015764831716,0.3309971186098161,0.4478804611036112,1.0,0.7678306439356333,0.8600993406456258,0.1542873158369688,0.9408202875659624,0.4736726969238632,0.9695247390870456,0.194822222309766,0.0105914015673661,0.8783678221648753,0.8423845224861549,0.431246573657856,0.0158823365813964,0.663617397619382,0.0001,0.6526579612370316,0.0001,0.1253678952512401,0.2375139129514696,0.8260893889220686,0.0626391947457478,0.4490630410108871,0.0015508508106696,0.0109869723160707,0.7560646495638969,0.9038154324021996,0.984222715579466,0.1310613575624606,0.0600707819629372,0.7591984402389766,0.9211889388666868,0.7486905245638826,0.6961262510434116,0.032827832435994,0.1201987497751255,0.4699238351843882,0.2935044626220946,0.7191164990204989,0.0295294465504363,0.1233248294307712,0.7287270312656217,0.47,1659
0,0,-0.2429408352329221,0.2008486420201762,-0.2752225765349292,0.0946555228180836,0.9771144594206258,0.4847928702994897,0.7412169419044294,0.8491750977064698,0.4813100127746363,0.8230206827915816,-0.9502643714663914,-0.5987456856742244,0.1962011338498883,0.663092290116301,0.790288438450685,0.5722459227228536,0.5337252097193181,-0.031465804698737,0.2443476707967933,0.500318898726958,-0.4352570378336877,-0.0778786903089151,-0.5014184029238218,-0.2548412082069815,0.6157062619024118,-0.542808298814496,-0.2371500654597568,-0.7275424217626365,0.5227319708307125,0.7362805783978197,0.9919005127233044,0.5707915115155033,0.4663472580649483,-0.0093509182436777,-0.365279539834261,0.4696433044764692,-0.551593349964062,-0.1355768172235829,-0.9876396354543672,0.6641504857987062,-0.7939228710720099,0.9634946498099172,0.7391403442390929,-0.8936606788281696,0.930980475552067,0.2782073877972355,-0.5323857393823159,0.7412597052682703,-0.1553814754856695,0.2181552826697783,-0.6370793694048575,0.467510762703457,0.9013179415961085,0.7398209403636458,-0.6647357409201708,-0.2241747003259202,-0.3355047431798054,-0.5919145242286772,-0.0711125114872663,-0.4960318932649785,0.2109746625510653,0.7037716911926489,0.0537935717916808,0.8303258149703052,0.4509804533435262,0.812048673576113,0.3198572614335118,0.124345012376545,0.0376519653347308,0.7087405839619015,0.5301656451093854,0.536140960100225,1.0,0.2593829261412693,0.8870882546189327,0.97249395254826,0.7348827192127673,0.4072920691147256,0.7488808834007079,0.4329574939116904,0.520758368451072,0.7807922698263944,0.2563399482132428,0.584407235220781,0.2922789917140518,0.2184608124062872,0.4305793479848529,0.6665719655666714,0.7631060676838742,0.2526086367514689,0.4949213065841927,0.1394625979581518,0.2587179598102804,0.8817121444458791,0.9905015764831716,0.3309971186098161,0.4478804611036112,1.0,0.7678306439356333,0.8600993406456258,0.1542873158369688,0.9408202875659624,0.4736726969238632,0.9695247390870456,0.194822222309766,0.0105914015673661,0.8783678221648753,0.8423845224861549,0.431246573657856,0.0158823365813964,0.663617397619382,0.0001,0.6526579612370316,0.0001,0.1253678952512401,0.2375139129514696,0.8260893889220686,0.0626391947457478,0.4490630410108871,0.0015508508106696,0.0109869723160707,0.7560646495638969,0.9038154324021996,0.984222715579466,0.1310613575624606,0.0600707819629372,0.7591984402389766,0.9211889388666868,0.7486905245638826,0.6961262510434116,0.032827832435994,0.1201987497751255,0.4699238351843882,0.2935044626220946,0.7191164990204989,0.0295294465504363,0.1233248294307712,0.7287270312656217,0.47,1752
0,0,-0.2429408352329221,0.2008486420201762,-0.2752225765349292,0.0946555228180836,0.9771144594206258,0.4847928702994897,0.7412169419044294,0.8491750977064698,0.4813100127746363,0.8230206827915816,-0.9502643714663914,-0.5987456856742244,0.1962011338498883,0.663092290116301,0.790288438450685,0.5722459227228536,0.5337252097193181,-0.031465804698737,0.2443476707967933,0.500318898726958,-0.4352570378336877,-0.0778786903089151,-0.5014184029238218,-0.2548412082069815,0.6157062619024118,-0.542808298814496,-0.2371500654597568,-0.7275424217626365,0.5227319708307125,0.7362805783978197,0.9919005127233044,0.5707915115155033,0.4663472580649483,-0.0093509182436777,-0.365279539834261,0.4696433044764692,-0.551593349964062,-0.1355768172235829,-0.9876396354543672,0.6641504857987062,-0.7939228710720099,0.9634946498099172,0.7391403442390929,-0.8936606788281696,0.930980475552067,0.2782073877972355,-0.5323857393823159,0.7412597052682703,-0.1553814754856695,0.2181552826697783,-0.6370793694048575,0.467510762703457,0.9013179415961085,0.7398209403636458,-0.6647357409201708,-0.2241747003259202,-0.3355047431798054,-0.5919145242286772,-0.0711125114872663,-0.4960318932649785,0.2109746625510653,0.7037716911926489,0.0537935717916808,0.8303258149703052,0.4509804533435262,0.812048673576113,0.3198572614335118,0.124345012376545,0.0376519653347308,0.7087405839619015,0.5301656451093854,0.536140960100225,1.0,0.2593829261412693,0.8870882546189327,0.97249395254826,0.7348827192127673,0.4072920691147256,0.7488808834007079,0.4329574939116904,0.520758368451072,0.7807922698263944,0.2563399482132428,0.584407235220781,0.2922789917140518,0.2184608124062872,0.4305793479848529,0.6665719655666714,0.7631060676838742,0.2526086367514689,0.4949213065841927,0.1394625979581518,0.2587179598102804,0.8817121444458791,0.9905015764831716,0.3309971186098161,0.4478804611036112,1.0,0.7678306439356333,0.8600993406456258,0.1542873158369688,0.9408202875659624,0.4736726969238632,0.9695247390870456,0.194822222309766,0.0105914015673661,0.8783678221648753,0.8423845224861549,0.431246573657856,0.0158823365813964,0.663617397619382,0.0001,0.6526579612370316,0.0001,0.1253678952512401,0.2375139129514696,0.8260893889220686,0.0626391947457478,0.4490630410108871,0.0015508508106696,0.0109869723160707,0.7560646495638969,0.9038154324021996,0.984222715579466,0.1310613575624606,0.0600707819629372,0.7591984402389766,0.9211889388666868,0.7486905245638826,0.6961262510434116,0.032827832435994,0.1201987497751255,0.4699238351843882,0.2935044626220946,0.7191164990204989,0.0295294465504363,0.1233248294307712,0.7287270312656217,0.47,1849
0,0,-0.2429408352329221,0.2008486420201762,-0.2752225765349292,0.0946555228180836,0.9771144594206258,0.4847928702994897,0.7412169419044294,0.8491750977064698,0.4813100127746363,0.8230206827915816,-0.9502643714663914,-0.5987456856742244,0.1962011338498883,0.663092290116301,0.790288438450685,0.5722459227228536,0.5337252097193181,-0.031465804698737,0.2443476707967933,0.500318898726958,-0.4352570378336877,-0.0778786903089151,-0.5014184029238218,-0.2548412082069815,0.6157062619024118,-0.542808298814496,-0.2371500654597568,-0.7275424217626365,0.5227319708307125,0.7362805783978197,0.9919005127233044,0.5707915115155033,0.4663472580649483,-0.0093509182436777,-0.365279539834261,0.4696433044764692,-0.551593349964062,-0.1355768172235829,-0.9876396354543672,0.6641504857987062,-0.7939228710720099,0.9634946498099172,0.7391403442390929,-0.8936606788281696,0.930980475552067,0.2782073877972355,-0.5323857393823159,0.7412597052682703,-0.1553814754856695,0.2181552826697783,-0.6370793694048575,0.467510762703457,0.9013179415961085,0.7398209403636458,-0.6647357409201708,-0.2241747003259202,-0.3355047431798054,-0.5919145242286772,-0.0711125114872663,-0.4960318932649785,0.2109746625510653,0.7037716911926489,0.0537935717916808,0.8303258149703052,0.4509804533435262,0.812048673576113,0.3198572614335118,0.124345012376545,0.0376519653347308,0.7087405839619015,0.5301656451093854,0.536140960100225,1.0,0.2593829261412693,0.8870882546189327,0.97249395254826,0.7348827192127673,0.4072920691147256,0.7488808834007079,0.4329574939116904,0.520758368451072,0.7807922698263944,0.2563399482132428,0.584407235220781,0.2922789917140518,0.2184608124062872,0.4305793479848529,0.6665719655666714,0.7631060676838742,0.2526086367514689,0.4949213065841927,0.1394625979581518,0.2587179598102804,0.8817121444458791,0.9905015764831716,0.3309971186098161,0.4478804611036112,1.0,0.7678306439356333,0.8600993406456258,0.1542873158369688,0.9408202875659624,0.4736726969238632,0.9695247390870456,0.194822222309766,0.0105914015673661,0.8783678221648753,0.8423845224861549,0.431246573657856,0.0158823365813964,0.663617397619382,0.0001,0.6526579612370316,0.0001,0.1253678952512401,0.2375139129514696,0.8260893889220686,0.0626391947457478,0.4490630410108871,0.0015508508106696,0.0109869723160707,0.7560646495638969,0.9038154324021996,0.984222715579466,0.1310613575624606,0.0600707819629372,0.7591984402389766,0.9211889388666868,0.7486905245638826,0.6961262510434116,0.032827832435994,0.1201987497751255,0.4699238351843882,0.2935044626220946,0.7191164990204989,0.0295294465504363,0.1233248294307712,0.7287270312656217,0.47,1944
0,0,-0.1325759908548948,-0.4357289251005857,-0.7074930209754731,-0.5859319290628773,-0.702306249847693,0.6591119742753279,0.6493933782446222,-0.94795389604519,-0.6809157911231765,0.04347736148847,-0.334295122268364,0.1929177753617563,0.556493225333477,0.0677923084766696,-0.7115162404507525,-0.7162042194260733,-0.759312998213699,-0.0987133212940147,-0.504734280278787,1.0,-0.4395129283486075,0.371775507398162,-0.2416987659527098,0.4938134819013606,-0.7678041340281285,-0.0509225209442683,-0.7739542276526714,0.0574112462134316,-0.5010932067638074,0.4984377144418741,-0.4005038944882494,-0.2333382299030187,0.406847973894346,0.1627410842770787,-0.1797958906958538,-0.8061346455046583,0.7210758213621717,-0.3858819689332362,1.0,-0.1652135331632305,-0.4420971583895182,0.2912339635076139,-0.0105909479576415,0.8303038549836408,-0.6292986385979612,0.1148182966986337,-0.2724991422137455,-0.3416975376386188,0.7056830245504513,-0.7497677531086487,-0.987269862953637,0.498529625845176,-0.5972398590533705,0.1598254947691747,0.7144394722043826,0.4638634123541969,-1.0,-0.1842654719406023,-0.0215152700431018,0.3646571341304647,0.2770849410454886,0.93350611242367,0.90699981449129,0.7809699260780002,0.9691029181834484,0.8649870321738455,0.535811378217298,0.2242143006833836,0.3440955884608677,0.1666489610708653,0.5099041199728016,0.5990346736071546,1.0,0.4396897292195892,0.574416037769347,0.0521457113011226,0.9057167707167474,0.4053156260441887,0.2061341143107182,0.4170888827856875,0.9546467000109986,0.1338941510300402,0.2924531036654232,0.9584520062626938,0.1945863806252453,0.8711933304146616,0.287411969626036,0.4260910804606913,0.9243049357237187,0.2502081234031965,0.4500210330360319,0.9019909949163348,0.904293050266558,0.6935897043878794,0.1481937611003201,1.0,0.7300475226683385,0.1876793758411222,0.9059746507842604,0.5212938111095725,0.6756344718693758,0.472806701125463,0.2264739519562435,0.534561949302714,0.7642759695569198,0.3182338684290203,0.5082663757326933,0.4604150786661053,0.0874259670908977,0.0026483509680235,0.4933959763809017,0.2753065874692408,0.8091266179048247,0.2188442388727461,0.3789843868150109,0.1653469000137328,0.3879412284356874,0.1519162585980965,0.5132806805872552,0.774116528831871,0.0078174920666468,0.5235144699380179,0.6590401512823691,0.6354976106744541,0.219228722191392,0.861592026713872,0.1266750101725679,1.0,0.534350678650145,0.640587602484185,0.25185176226833,0.0,0.4430820791421037,0.4913282321114012,0.7214519848649976,0.1903460623023455,0.668887149862759,0.3225786075262046,0.51,198
0,0,-0.2429408352329221,0.2008486420201762,-0.2752225765349292,0.0946555228180836,0.9771144594206258,0.4847928702994897,0.7412169419044294,0.8491750977064698,0.4813100127746363,0.8230206827915816,-0.9502643714663914,-0.5987456856742244,0.1962011338498883,0.663092290116301,0.790288438450685,0.5722459227228536,0.5337252097193181,-0.031465804698737,0.2443476707967933,0.500318898726958,-0.4352570378336877,-0.0778786903089151,-0.5014184029238218,-0.2548412082069815,0.6157062619024118,-0.542808298814496,-0.2371500654597568,-0.7275424217626365,0.5227319708307125,0.7362805783978197,0.9919005127233044,0.5707915115155033,0.4663472580649483,-0.0093509182436777,-0.365279539834261,0.4696433044764692,-0.551593349964062,-0.1355768172235829,-0.9876396354543672,0.6641504857987062,-0.7939228710720099,0.9634946498099172,0.7391403442390929,-0.8936606788281696,0.930980475552067,0.2782073877972355,-0.5323857393823159,0.7412597052682703,-0.1553814754856695,0.2181552826697783,-0.6370793694048575,0.467510762703457,0.9013179415961085,0.7398209403636458,-0.6647357409201708,-0.2241747003259202,-0.3355047431798054,-0.5919145242286772,-0.0711125114872663,-0.4960318932649785,0.2109746625510653,0.7037716911926489,0.0537935717916808,0.8303258149703052,0.4509804533435262,0.812048673576113,0.3198572614335118,0.124345012376545,0.0376519653347308,0.7087405839619015,0.5301656451093854,0.536140960100225,1.0,0.2593829261412693,0.8870882546189327,0.97249395254826,0.7348827192127673,0.4072920691147256,0.7488808834007079,0.4329574939116904,0.520758368451072,0.7807922698263944,0.2563399482132428,0.584407235220781,0.2922789917140518,0.2184608124062872,0.4305793479848529,0.6665719655666714,0.7631060676838742,0.2526086367514689,0.4949213065841927,0.1394625979581518,0.2587179598102804,0.8817121444458791,0.9905015764831716,0.3309971186098161,0.4478804611036112,1.0,0.7678306439356333,0.8600993406456258,0.1542873158369688,0.9408202875659624,0.4736726969238632,0.9695247390870456,0.194822222309766,0.0105914015673661,0.8783678221648753,0.8423845224861549,0.431246573657856,0.0158823365813964,0.663617397619382,0.0001,0.6526579612370316,0.0001,0.1253678952512401,0.2375139129514696,0.8260893889220686,0.0626391947457478,0.4490630410108871,0.0015508508106696,0.0109869723160707,0.7560646495638969,0.9038154324021996,0.984222715579466,0.1310613575624606,0.0600707819629372,0.7591984402389766,0.9211889388666868,0.7486905245638826,0.6961262510434116,0.032827832435994,0.1201987497751255,0.4699238351843882,0.2935044626220946,0.7191164990204989,0.0295294465504363,0.1233248294307712,0.7287270312656217,0.47,2042
0,0,-0.2429408352329221,0.2008486420201762,-0.2752225765349292,0.0946555228180836,0.9771144594206258,0.4847928702994897,0.7412169419044294,0.8491750977064698,0.4813100127746363,0.8230206827915816,-0.9502643714663914,-0.5987456856742244,0.1962011338498883,0.663092290116301,0.790288438450685,0.5722459227228536,0.5337252097193181,-0.031465804698737,0.2443476707967933,0.500318898726958,-0.4352570378336877,-0.0778786903089151,-0.5014184029238218,-0.2548412082069815,0.6157062619024118,-0.542808298814496,-0.2371500654597568,-0.7275424217626365,0.5227319708307125,0.7362805783978197,0.9919005127233044,0.5707915115155033,0.4663472580649483,-0.0093509182436777,-0.365279539834261,0.4696433044764692,-0.551593349964062,-0.1355768172235829,-0.9876396354543672,0.6641504857987062,-0.7939228710720099,0.9634946498099172,0.7391403442390929,-0.8936606788281696,0.930980475552067,0.2782073877972355,-0.5323857393823159,0.7412597052682703,-0.1553814754856695,0.2181552826697783,-0.6370793694048575,0.467510762703457,0.9013179415961085,0.7398209403636458,-0.6647357409201708,-0.2241747003259202,-0.3355047431798054,-0.5919145242286772,-0.0711125114872663,-0.4960318932649785,0.2109746625510653,0.7037716911926489,0.0537935717916808,0.8303258149703052,0.4509804533435262,0.812048673576113,0.3198572614335118,0.124345012376545,0.0376519653347308,0.7087405839619015,0.5301656451093854,0.536140960100225,1.0,0.2593829261412693,0.8870882546189327,0.97249395254826,0.7348827192127673,0.4072920691147256,0.7488808834007079,0.4329574939116904,0.520758368451072,0.7807922698263944,0.2563399482132428,0.584407235220781,0.2922789917140518,0.2184608124062872,0.4305793479848529,0.6665719655666714,0.7631060676838742,0.2526086367514689,0.4949213065841927,0.1394625979581518,0.2587179598102804,0.8817121444458791,0.9905015764831716,0.3309971186098161,0.4478804611036112,1.0,0.7678306439356333,0.8600993406456258,0.1542873158369688,0.9408202875659624,0.4736726969238632,0.9695247390870456,0.194822222309766,0.0105914015673661,0.8783678221648753,0.8423845224861549,0.431246573657856,0.0158823365813964,0.663617397619382,0.0001,0.6526579612370316,0.0001,0.1253678952512401,0.2375139129514696,0.8260893889220686,0.0626391947457478,0.4490630410108871,0.0015508508106696,0.0109869723160707,0.7560646495638969,0.9038154324021996,0.984222715579466,0.1310613575624606,0.0600707819629372,0.7591984402389766,0.9211889388666868,0.7486905245638826,0.6961262510434116,0.032827832435994,0.1201987497751255,0.4699238351843882,0.2935044626220946,0.7191164990204989,0.0295294465504363,0.1233248294307712,0.7287270312656217,0.47,2139
0,0,-0.2429408352329221,0.2008486420201762,-0.2752225765349292,0.0946555228180836,0.9771144594206258,0.4847928702994897,0.7412169419044294,0.8491750977064698,0.4813100127746363,0.8230206827915816,-0.9502643714663914,-0.5987456856742244,0.1962011338498883,0.663092290116301,0.790288438450685,0.5722459227228536,0.5337252097193181,-0.031465804698737,0.2443476707967933,0.500318898726958,-0.4352570378336877,-0.0778786903089151,-0.5014184029238218,-0.2548412082069815,0.6157062619024118,-0.542808298814496,-0.2371500654597568,-0.7275424217626365,0.5227319708307125,0.7362805783978197,0.9919005127233044,0.5707915115155033,0.4663472580649483,-0.0093509182436777,-0.365279539834261,0.4696433044764692,-0.551593349964062,-0.1355768172235829,-0.9876396354543672,0.6641504857987062,-0.7939228710720099,0.9634946498099172,0.7391403442390929,-0.8936606788281696,0.930980475552067,0.2782073877972355,-0.5323857393823159,0.7412597052682703,-0.1553814754856695,0.2181552826697783,-0.6370793694048575,0.467510762703457,0.9013179415961085,0.7398209403636458,-0.6647357409201708,-0.2241747003259202,-0.3355047431798054,-0.5919145242286772,-0.0711125114872663,-0.4960318932649785,0.2109746625510653,0.7037716911926489,0.0537935717916808,0.8303258149703052,0.4509804533435262,0.812048673576113,0.3198572614335118,0.124345012376545,0.0376519653347308,0.7087405839619015,0.5301656451093854,0.536140960100225,1.0,0.2593829261412693,0.8870882546189327,0.97249395254826,0.7348827192127673,0.4072920691147256,0.7488808834007079,0.4329574939116904,0.520758368451072,0.7807922698263944,0.2563399482132428,0.584407235220781,0.2922789917140518,0.2184608124062872,0.4305793479848529,0.6665719655666714,0.7631060676838742,0.2526086367514689,0.4949213065841927,0.1394625979581518,0.2587179598102804,0.8817121444458791,0.9905015764831716,0.3309971186098161,0.4478804611036112,1.0,0.7678306439356333,0.8600993406456258,0.1542873158369688,0.9408202875659624,0.4736726969238632,0.9695247390870456,0.194822222309766,0.0105914015673661,0.8783678221648753,0.8423845224861549,0.431246573657856,0.0158823365813964,0.663617397619382,0.0001,0.6526579612370316,0.0001,0.1253678952512401,0.2375139129514696,0.8260893889220686,0.0626391947457478,0.4490630410108871,0.0015508508106696,0.0109869723160707,0.7560646495638969,0.9038154324021996,0.984222715579466,0.1310613575624606,0.0600707819629372,0.7591984402389766,0.9211889388666868,0.7486905245638826,0.6961262510434116,0.032827832435994,0.1201987497751255,0.4699238351843882,0.2935044626220946,0.7191164990204989,0.0295294465504363,0.1233248294307712,0.7287270312656217,0.47,2237
0,0,-0.2429408352329221,0.2008486420201762,-0.2752225765349292,0.0946555228180836,0.9771144594206258,0.4847928702994897,0.7412169419044294,0.8491750977064698,0.4813100127746363,0.8230206827915816,-0.9502643714663914,-0.5987456856742244,0.1962011338498883,0.663092290116301,0.790288438450685,0.5722459227228536,0.5337252097193181,-0.031465804698737,0.2443476707967933,0.500318898726958,-0.4352570378336877,-0.0778786903089151,-0.5014184029238218,-0.2548412082069815,0.6157062619024118,-0.542808298814496,-0.2371500654597568,-0.7275424217626365,0.5227319708307125,0.7362805783978197,0.9919005127233044,0.5707915115155033,0.4663472580649483,-0.0093509182436777,-0.365279539834261,0.4696433044764692,-0.551593349964062,-0.1355768172235829,-0.9876396354543672,0.6641504857987062,-0.7939228710720099,0.9634946498099172,0.7391403442390929,-0.8936606788281696,0.930980475552067,0.2782073877972355,-0.5323857393823159,0.7412597052682703,-0.1553814754856695,0.2181552826697783,-0.6370793694048575,0.467510762703457,0.9013179415961085,0.7398209403636458,-0.6647357409201708,-0.2241747003259202,-0.3355047431798054,-0.5919145242286772,-0.0711125114872663,-0.4960318932649785,0.2109746625510653,0.7037716911926489,0.0537935717916808,0.8303258149703052,0.4509804533435262,0.812048673576113,0.3198572614335118,0.124345012376545,0.0376519653347308,0.7087405839619015,0.5301656451093854,0.536140960100225,1.0,0.2593829261412693,0.8870882546189327,0.97249395254826,0.7348827192127673,0.4072920691147256,0.7488808834007079,0.4329574939116904,0.520758368451072,0.7807922698263944,0.2563399482132428,0.584407235220781,0.2922789917140518,0.2184608124062872,0.4305793479848529,0.6665719655666714,0.7631060676838742,0.2526086367514689,0.4949213065841927,0.1394625979581518,0.2587179598102804,0.8817121444458791,0.9905015764831716,0.3309971186098161,0.4478804611036112,1.0,0.7678306439356333,0.8600993406456258,0.1542873158369688,0.9408202875659624,0.4736726969238632,0.9695247390870456,0.194822222309766,0.0105914015673661,0.8783678221648753,0.8423845224861549,0.431246573657856,0.0158823365813964,0.663617397619382,0.0001,0.6526579612370316,0.0001,0.1253678952512401,0.2375139129514696,0.8260893889220686,0.0626391947457478,0.4490630410108871,0.0015508508106696,0.0109869723160707,0.7560646495638969,0.9038154324021996,0.984222715579466,0.1310613575624606,0.0600707819629372,0.7591984402389766,0.9211889388666868,0.7486905245638826,0.6961262510434116,0.032827832435994,0.1201987497751255,0.4699238351843882,0.2935044626220946,0.7191164990204989,0.0295294465504363,0.1233248294307712,0.7287270312656217,0.47,2337
0,0,-0.2429408352329221,0.2008486420201762,-0.2752225765349292,0.0946555228180836,0.9771144594206258,0.4847928702994897,0.7412169419044294,0.8491750977064698,0.4813100127746363,0.8230206827915816,-0.9502643714663914,-0.5987456856742244,0.1962011338498883,0.663092290116301,0.790288438450685,0.5722459227228536,0.5337252097193181,-0.031465804698737,0.2443476707967933,0.500318898726958,-0.4352570378336877,-0.0778786903089151,-0.5014184029238218,-0.2548412082069815,0.6157062619024118,-0.542808298814496,-0.2371500654597568,-0.7275424217626365,0.5227319708307125,0.7362805783978197,0.9919005127233044,0.5707915115155033,0.4663472580649483,-0.0093509182436777,-0.365279539834261,0.4696433044764692,-0.551593349964062,-0.1355768172235829,-0.9876396354543672,0.6641504857987062,-0.7939228710720099,0.9634946498099172,0.7391403442390929,-0.8936606788281696,0.930980475552067,0.2782073877972355,-0.5323857393823159,0.7412597052682703,-0.1553814754856695,0.2181552826697783,-0.6370793694048575,0.467510762703457,0.9013179415961085,0.7398209403636458,-0.6647357409201708,-0.2241747003259202,-0.3355047431798054,-0.5919145242286772,-0.0711125114872663,-0.4960318932649785,0.2109746625510653,0.7037716911926489,0.0537935717916808,0.8303258149703052,0.4509804533435262,0.812048673576113,0.3198572614335118,0.124345012376545,0.0376519653347308,0.7087405839619015,0.5301656451093854,0.536140960100225,1.0,0.2593829261412693,0.8870882546189327,0.97249395254826,0.7348827192127673,0.4072920691147256,0.7488808834007079,0.4329574939116904,0.520758368451072,0.7807922698263944,0.2563399482132428,0.584407235220781,0.2922789917140518,0.2184608124062872,0.4305793479848529,0.6665719655666714,0.7631060676838742,0.2526086367514689,0.4949213065841927,0.1394625979581518,0.2587179598102804,0.8817121444458791,0.9905015764831716,0.3309971186098161,0.4478804611036112,1.0,0.7678306439356333,0.8600993406456258,0.1542873158369688,0.9408202875659624,0.4736726969238632,0.9695247390870456,0.194822222309766,0.0105914015673661,0.8783678221648753,0.8423845224861549,0.431246573657856,0.0158823365813964,0.663617397619382,0.0001,0.6526579612370316,0.0001,0.1253678952512401,0.2375139129514696,0.8260893889220686,0.0626391947457478,0.4490630410108871,0.0015508508106696,0.0109869723160707,0.7560646495638969,0.9038154324021996,0.984222715579466,0.1310613575624606,0.0600707819629372,0.7591984402389766,0.9211889388666868,0.7486905245638826,0.6961262510434116,0.032827832435994,0.1201987497751255,0.4699238351843882,0.2935044626220946,0.7191164990204989,0.0295294465504363,0.1233248294307712,0.7287270312656217,0.47,2434
0,0,-0.2429408352329221,0.2008486420201762,-0.2752225765349292,0.0946555228180836,0.9771144594206258,0.4847928702994897,0.7412169419044294,0.8491750977064698,0.4813100127746363,0.8230206827915816,-0.9502643714663914,-0.5987456856742244,0.1962011338498883,0.663092290116301,0.790288438450685,0.5722459227228536,0.5337252097193181,-0.031465804698737,0.2443476707967933,0.500318898726958,-0.4352570378336877,-0.0778786903089151,-0.5014184029238218,-0.2548412082069815,0.6157062619024118,-0.542808298814496,-0.2371500654597568,-0.7275424217626365,0.5227319708307125,0.7362805783978197,0.9919005127233044,0.5707915115155033,0.4663472580649483,-0.0093509182436777,-0.365279539834261,0.4696433044764692,-0.551593349964062,-0.1355768172235829,-0.9876396354543672,0.6641504857987062,-0.7939228710720099,0.9634946498099172,0.7391403442390929,-0.8936606788281696,0.930980475552067,0.2782073877972355,-0.5323857393823159,0.7412597052682703,-0.1553814754856695,0.2181552826697783,-0.6370793694048575,0.467510762703457,0.9013179415961085,0.7398209403636458,-0.6647357409201708,-0.2241747003259202,-0.3355047431798054,-0.5919145242286772,-0.0711125114872663,-0.4960318932649785,0.2109746625510653,0.7037716911926489,0.0537935717916808,0.8303258149703052,0.4509804533435262,0.812048673576113,0.3198572614335118,0.124345012376545,0.0376519653347308,0.7087405839619015,0.5301656451093854,0.536140960100225,1.0,0.2593829261412693,0.8870882546189327,0.97249395254826,0.7348827192127673,0.4072920691147256,0.7488808834007079,0.4329574939116904,0.520758368451072,0.7807922698263944,0.2563399482132428,0.584407235220781,0.2922789917140518,0.2184608124062872,0.4305793479848529,0.6665719655666714,0.7631060676838742,0.2526086367514689,0.4949213065841927,0.1394625979581518,0.2587179598102804,0.8817121444458791,0.9905015764831716,0.3309971186098161,0.4478804611036112,1.0,0.7678306439356333,0.8600993406456258,0.1542873158369688,0.9408202875659624,0.4736726969238632,0.9695247390870456,0.194822222309766,0.0105914015673661,0.8783678221648753,0.8423845224861549,0.431246573657856,0.0158823365813964,0.663617397619382,0.0001,0.6526579612370316,0.0001,0.1253678952512401,0.2375139129514696,0.8260893889220686,0.0626391947457478,0.4490630410108871,0.0015508508106696,0.0109869723160707,0.7560646495638969,0.9038154324021996,0.984222715579466,0.1310613575624606,0.0600707819629372,0.7591984402389766,0.9211889388666868,0.7486905245638826,0.6961262510434116,0.032827832435994,0.1201987497751255,0.4699238351843882,0.2935044626220946,0.7191164990204989,0.0295294465504363,0.1233248294307712,0.7287270312656217,0.47,2532
0,0,-0.2429408352329221,0.2008486420201762,-0.2752225765349292,0.0946555228180836,0.9771144594206258,0.4847928702994897,0.7412169419044294,0.8491750977064698,0.4813100127746363,0.8230206827915816,-0.9502643714663914,-0.5987456856742244,0.1962011338498883,0.663092290116301,0.790288438450685,0.5722459227228536,0.5337252097193181,-0.031465804698737,0.2443476707967933,0.500318898726958,-0.4352570378336877,-0.0778786903089151,-0.5014184029238218,-0.2548412082069815,0.6157062619024118,-0.542808298814496,-0.2371500654597568,-0.7275424217626365,0.5227319708307125,0.7362805783978197,0.9919005127233044,0.5707915115155033,0.4663472580649483,-0.0093509182436777,-0.365279539834261,0.4696433044764692,-0.551593349964062,-0.1355768172235829,-0.9876396354543672,0.6641504857987062,-0.7939228710720099,0.9634946498099172,0.7391403442390929,-0.8936606788281696,0.930980475552067,0.2782073877972355,-0.5323857393823159,0.7412597052682703,-0.1553814754856695,0.2181552826697783,-0.6370793694048575,0.467510762703457,0.9013179415961085,0.7398209403636458,-0.6647357409201708,-0.2241747003259202,-0.3355047431798054,-0.5919145242286772,-0.0711125114872663,-0.4960318932649785,0.2109746625510653,0.7037716911926489,0.0537935717916808,0.8303258149703052,0.4509804533435262,0.812048673576113,0.3198572614335118,0.124345012376545,0.0376519653347308,0.7087405839619015,0.5301656451093854,0.536140960100225,1.0,0.2593829261412693,0.8870882546189327,0.97249395254826,0.7348827192127673,0.4072920691147256,0.7488808834007079,0.4329574939116904,0.520758368451072,0.7807922698263944,0.2563399482132428,0.584407235220781,0.2922789917140518,0.2184608124062872,0.4305793479848529,0.6665719655666714,0.7631060676838742,0.2526086367514689,0.4949213065841927,0.1394625979581518,0.2587179598102804,0.8817121444458791,0.9905015764831716,0.3309971186098161,0.4478804611036112,1.0,0.7678306439356333,0.8600993406456258,0.1542873158369688,0.9408202875659624,0.4736726969238632,0.9695247390870456,0.194822222309766,0.0105914015673661,0.8783678221648753,0.8423845224861549,0.431246573657856,0.0158823365813964,0.663617397619382,0.0001,0.6526579612370316,0.0001,0.1253678952512401,0.2375139129514696,0.8260893889220686,0.0626391947457478,0.4490630410108871,0.0015508508106696,0.0109869723160707,0.7560646495638969,0.9038154324021996,0.984222715579466,0.1310613575624606,0.0600707819629372,0.7591984402389766,0.9211889388666868,0.7486905245638826,0.6961262510434116,0.032827832435994,0.1201987497751255,0.4699238351843882,0.2935044626220946,0.7191164990204989,0.0295294465504363,0.1233248294307712,0.7287270312656217,0.47,2627
0,0,-0.2429408352329221,0.2008486420201762,-0.2752225765349292,0.0946555228180836,0.9771144594206258,0.4847928702994897,0.7412169419044294,0.8491750977064698,0.4813100127746363,0.8230206827915816,-0.9502643714663914,-0.5987456856742244,0.1962011338498883,0.663092290116301,0.790288438450685,0.5722459227228536,0.5337252097193181,-0.031465804698737,0.2443476707967933,0.500318898726958,-0.4352570378336877,-0.0778786903089151,-0.5014184029238218,-0.2548412082069815,0.6157062619024118,-0.542808298814496,-0.2371500654597568,-0.7275424217626365,0.5227319708307125,0.7362805783978197,0.9919005127233044,0.5707915115155033,0.4663472580649483,-0.0093509182436777,-0.365279539834261,0.4696433044764692,-0.551593349964062,-0.1355768172235829,-0.9876396354543672,0.6641504857987062,-0.7939228710720099,0.9634946498099172,0.7391403442390929,-0.8936606788281696,0.930980475552067,0.2782073877972355,-0.5323857393823159,0.7412597052682703,-0.1553814754856695,0.2181552826697783,-0.6370793694048575,0.467510762703457,0.9013179415961085,0.7398209403636458,-0.6647357409201708,-0.2241747003259202,-0.3355047431798054,-0.5919145242286772,-0.0711125114872663,-0.4960318932649785,0.2109746625510653,0.7037716911926489,0.0537935717916808,0.8303258149703052,0.4509804533435262,0.812048673576113,0.3198572614335118,0.124345012376545,0.0376519653347308,0.7087405839619015,0.5301656451093854,0.536140960100225,1.0,0.2593829261412693,0.8870882546189327,0.97249395254826,0.7348827192127673,0.4072920691147256,0.7488808834007079,0.4329574939116904,0.520758368451072,0.7807922698263944,0.2563399482132428,0.584407235220781,0.2922789917140518,0.2184608124062872,0.4305793479848529,0.6665719655666714,0.7631060676838742,0.2526086367514689,0.4949213065841927,0.1394625979581518,0.2587179598102804,0.8817121444458791,0.9905015764831716,0.3309971186098161,0.4478804611036112,1.0,0.7678306439356333,0.8600993406456258,0.1542873158369688,0.9408202875659624,0.4736726969238632,0.9695247390870456,0.194822222309766,0.0105914015673661,0.8783678221648753,0.8423845224861549,0.431246573657856,0.0158823365813964,0.663617397619382,0.0001,0.6526579612370316,0.0001,0.1253678952512401,0.2375139129514696,0.8260893889220686,0.0626391947457478,0.4490630410108871,0.0015508508106696,0.0109869723160707,0.7560646495638969,0.9038154324021996,0.984222715579466,0.1310613575624606,0.0600707819629372,0.7591984402389766,0.9211889388666868,0.7486905245638826,0.6961262510434116,0.032827832435994,0.1201987497751255,0.4699238351843882,0.2935044626220946,0.7191164990204989,0.0295294465504363,0.1233248294307712,0.7287270312656217,0.47,2725
0,0,-0.2429408352329221,0.2008486420201762,-0.2752225765349292,0.0946555228180836,0.9771144594206258,0.4847928702994897,0.7412169419044294,0.8491750977064698,0.4813100127746363,0.8230206827915816,-0.9502643714663914,-0.5987456856742244,0.1962011338498883,0.663092290116301,0.790288438450685,0.5722459227228536,0.5337252097193181,-0.031465804698737,0.2443476707967933,0.500318898726958,-0.4352570378336877,-0.0778786903089151,-0.5014184029238218,-0.2548412082069815,0.6157062619024118,-0.542808298814496,-0.2371500654597568,-0.7275424217626365,0.5227319708307125,0.7362805783978197,0.9919005127233044,0.5707915115155033,0.4663472580649483,-0.0093509182436777,-0.365279539834261,0.4696433044764692,-0.551593349964062,-0.1355768172235829,-0.9876396354543672,0.6641504857987062,-0.7939228710720099,0.9634946498099172,0.7391403442390929,-0.8936606788281696,0.930980475552067,0.2782073877972355,-0.5323857393823159,0.7412597052682703,-0.1553814754856695,0.2181552826697783,-0.6370793694048575,0.467510762703457,0.9013179415961085,0.7398209403636458,-0.6647357409201708,-0.2241747003259202,-0.3355047431798054,-0.5919145242286772,-0.0711125114872663,-0.4960318932649785,0.2109746625510653,0.7037716911926489,0.0537935717916808,0.8303258149703052,0.4509804533435262,0.812048673576113,0.3198572614335118,0.124345012376545,0.0376519653347308,0.7087405839619015,0.5301656451093854,0.536140960100225,1.0,0.2593829261412693,0.8870882546189327,0.97249395254826,0.7348827192127673,0.4072920691147256,0.7488808834007079,0.4329574939116904,0.520758368451072,0.7807922698263944,0.2563399482132428,0.584407235220781,0.2922789917140518,0.2184608124062872,0.4305793479848529,0.6665719655666714,0.7631060676838742,0.2526086367514689,0.4949213065841927,0.1394625979581518,0.2587179598102804,0.8817121444458791,0.9905015764831716,0.3309971186098161,0.4478804611036112,1.0,0.7678306439356333,0.8600993406456258,0.1542873158369688,0.9408202875659624,0.4736726969238632,0.9695247390870456,0.194822222309766,0.0105914015673661,0.8783678221648753,0.8423845224861549,0.431246573657856,0.0158823365813964,0.663617397619382,0.0001,0.6526579612370316,0.0001,0.1253678952512401,0.2375139129514696,0.8260893889220686,0.0626391947457478,0.4490630410108871,0.0015508508106696,0.0109869723160707,0.7560646495638969,0.9038154324021996,0.984222715579466,0.1310613575624606,0.0600707819629372,0.7591984402389766,0.9211889388666868,0.7486905245638826,0.6961262510434116,0.032827832435994,0.1201987497751255,0.4699238351843882,0.2935044626220946,0.7191164990204989,0.0295294465504363,0.1233248294307712,0.7287270312656217,0.47,2822
0,0,-0.2429408352329221,0.2008486420201762,-0.2752225765349292,0.0946555228180836,0.9771144594206258,0.4847928702994897,0.7412169419044294,0.8491750977064698,0.4813100127746363,0.8230206827915816,-0.9502643714663914,-0.5987456856742244,0.1962011338498883,0.663092290116301,0.790288438450685,0.5722459227228536,0.5337252097193181,-0.031465804698737,0.2443476707967933,0.500318898726958,-0.4352570378336877,-0.0778786903089151,-0.5014184029238218,-0.2548412082069815,0.6157062619024118,-0.542808298814496,-0.2371500654597568,-0.7275424217626365,0.5227319708307125,0.7362805783978197,0.9919005127233044,0.5707915115155033,0.4663472580649483,-0.0093509182436777,-0.365279539834261,0.4696433044764692,-0.551593349964062,-0.1355768172235829,-0.9876396354543672,0.6641504857987062,-0.7939228710720099,0.9634946498099172,0.7391403442390929,-0.8936606788281696,0.930980475552067,0.2782073877972355,-0.5323857393823159,0.7412597052682703,-0.1553814754856695,0.2181552826697783,-0.6370793694048575,0.467510762703457,0.9013179415961085,0.7398209403636458,-0.6647357409201708,-0.2241747003259202,-0.3355047431798054,-0.5919145242286772,-0.0711125114872663,-0.4960318932649785,0.2109746625510653,0.7037716911926489,0.0537935717916808,0.8303258149703052,0.4509804533435262,0.812048673576113,0.3198572614335118,0.124345012376545,0.0376519653347308,0.7087405839619015,0.5301656451093854,0.536140960100225,1.0,0.2593829261412693,0.8870882546189327,0.97249395254826,0.7348827192127673,0.4072920691147256,0.7488808834007079,0.4329574939116904,0.520758368451072,0.7807922698263944,0.2563399482132428,0.584407235220781,0.2922789917140518,0.2184608124062872,0.4305793479848529,0.6665719655666714,0.7631060676838742,0.2526086367514689,0.4949213065841927,0.1394625979581518,0.2587179598102804,0.8817121444458791,0.9905015764831716,0.3309971186098161,0.4478804611036112,1.0,0.7678306439356333,0.8600993406456258,0.1542873158369688,0.9408202875659624,0.4736726969238632,0.9695247390870456,0.194822222309766,0.0105914015673661,0.8783678221648753,0.8423845224861549,0.431246573657856,0.0158823365813964,0.663617397619382,0.0001,0.6526579612370316,0.0001,0.1253678952512401,0.2375139129514696,0.8260893889220686,0.0626391947457478,0.4490630410108871,0.0015508508106696,0.0109869723160707,0.7560646495638969,0.9038154324021996,0.984222715579466,0.1310613575624606,0.0600707819629372,0.7591984402389766,0.9211889388666868,0.7486905245638826,0.6961262510434116,0.032827832435994,0.1201987497751255,0.4699238351843882,0.2935044626220946,0.7191164990204989,0.0295294465504363,0.1233248294307712,0.7287270312656217,0.47,2917
0,0,-0.1325759908548948,-0.4357289251005857,-0.7074930209754731,-0.5859319290628773,-0.702306249847693,0.6591119742753279,0.6493933782446222,-0.94795389604519,-0.6809157911231765,0.04347736148847,-0.334295122268364,0.1929177753617563,0.556493225333477,0.0677923084766696,-0.7115162404507525,-0.7162042194260733,-0.759312998213699,-0.0987133212940147,-0.504734280278787,1.0,-0.4395129283486075,0.371775507398162,-0.2416987659527098,0.4938134819013606,-0.7678041340281285,-0.0509225209442683,-0.7739542276526714,0.0574112462134316,-0.5010932067638074,0.4984377144418741,-0.4005038944882494,-0.2333382299030187,0.406847973894346,0.1627410842770787,-0.1797958906958538,-0.8061346455046583,0.7210758213621717,-0.3858819689332362,1.0,-0.1652135331632305,-0.4420971583895182,0.2912339635076139,-0.0105909479576415,0.8303038549836408,-0.6292986385979612,0.1148182966986337,-0.2724991422137455,-0.3416975376386188,0.7056830245504513,-0.7497677531086487,-0.987269862953637,0.498529625845176,-0.5972398590533705,0.1598254947691747,0.7144394722043826,0.4638634123541969,-1.0,-0.1842654719406023,-0.0215152700431018,0.3646571341304647,0.2770849410454886,0.93350611242367,0.90699981449129,0.7809699260780002,0.9691029181834484,0.8649870321738455,0.535811378217298,0.2242143006833836,0.3440955884608677,0.1666489610708653,0.5099041199728016,0.5990346736071546,1.0,0.4396897292195892,0.574416037769347,0.0521457113011226,0.9057167707167474,0.4053156260441887,0.2061341143107182,0.4170888827856875,0.9546467000109986,0.1338941510300402,0.2924531036654232,0.9584520062626938,0.1945863806252453,0.8711933304146616,0.287411969626036,0.4260910804606913,0.9243049357237187,0.2502081234031965,0.4500210330360319,0.9019909949163348,0.904293050266558,0.6935897043878794,0.1481937611003201,1.0,0.7300475226683385,0.1876793758411222,0.9059746507842604,0.5212938111095725,0.6756344718693758,0.472806701125463,0.2264739519562435,0.534561949302714,0.7642759695569198,0.3182338684290203,0.5082663757326933,0.4604150786661053,0.0874259670908977,0.0026483509680235,0.4933959763809017,0.2753065874692408,0.8091266179048247,0.2188442388727461,0.3789843868150109,0.1653469000137328,0.3879412284356874,0.1519162585980965,0.5132806805872552,0.774116528831871,0.0078174920666468,0.5235144699380179,0.6590401512823691,0.6354976106744541,0.219228722191392,0.861592026713872,0.1266750101725679,1.0,0.534350678650145,0.640587602484185,0.25185176226833,0.0,0.4430820791421037,0.4913282321114012,0.7214519848649976,0.1903460623023455,0.668887149862759,0.3225786075262046,0.51,298
0,0,-0.2429408352329221,0.2008486420201762,-0.2752225765349292,0.0946555228180836,0.9771144594206258,0.4847928702994897,0.7412169419044294,0.8491750977064698,0.4813100127746363,0.8230206827915816,-0.9502643714663914,-0.5987456856742244,0.1962011338498883,0.663092290116301,0.790288438450685,0.5722459227228536,0.5337252097193181,-0.031465804698737,0.2443476707967933,0.500318898726958,-0.4352570378336877,-0.0778786903089151,-0.5014184029238218,-0.2548412082069815,0.6157062619024118,-0.542808298814496,-0.2371500654597568,-0.7275424217626365,0.5227319708307125,0.7362805783978197,0.9919005127233044,0.5707915115155033,0.4663472580649483,-0.0093509182436777,-0.365279539834261,0.4696433044764692,-0.551593349964062,-0.1355768172235829,-0.9876396354543672,0.6641504857987062,-0.7939228710720099,0.9634946498099172,0.7391403442390929,-0.8936606788281696,0.930980475552067,0.2782073877972355,-0.5323857393823159,0.7412597052682703,-0.1553814754856695,0.2181552826697783,-0.6370793694048575,0.467510762703457,0.9013179415961085,0.7398209403636458,-0.6647357409201708,-0.2241747003259202,-0.3355047431798054,-0.5919145242286772,-0.0711125114872663,-0.4960318932649785,0.2109746625510653,0.7037716911926489,0.0537935717916808,0.8303258149703052,0.4509804533435262,0.812048673576113,0.3198572614335118,0.124345012376545,0.0376519653347308,0.7087405839619015,0.5301656451093854,0.536140960100225,1.0,0.2593829261412693,0.8870882546189327,0.97249395254826,0.7348827192127673,0.4072920691147256,0.7488808834007079,0.4329574939116904,0.520758368451072,0.7807922698263944,0.2563399482132428,0.584407235220781,0.2922789917140518,0.2184608124062872,0.4305793479848529,0.6665719655666714,0.7631060676838742,0.2526086367514689,0.4949213065841927,0.1394625979581518,0.2587179598102804,0.8817121444458791,0.9905015764831716,0.3309971186098161,0.4478804611036112,1.0,0.7678306439356333,0.8600993406456258,0.1542873158369688,0.9408202875659624,0.4736726969238632,0.9695247390870456,0.194822222309766,0.0105914015673661,0.8783678221648753,0.8423845224861549,0.431246573657856,0.0158823365813964,0.663617397619382,0.0001,0.6526579612370316,0.0001,0.1253678952512401,0.2375139129514696,0.8260893889220686,0.0626391947457478,0.4490630410108871,0.0015508508106696,0.0109869723160707,0.7560646495638969,0.9038154324021996,0.984222715579466,0.1310613575624606,0.0600707819629372,0.7591984402389766,0.9211889388666868,0.7486905245638826,0.6961262510434116,0.032827832435994,0.1201987497751255,0.4699238351843882,0.2935044626220946,0.7191164990204989,0.0295294465504363,0.1233248294307712,0.7287270312656217,0.47,3014
0,0,-0.2429408352329221,0.2008486420201762,-0.2752225765349292,0.0946555228180836,0.9771144594206258,0.4847928702994897,0.7412169419044294,0.8491750977064698,0.4813100127746363,0.8230206827915816,-0.9502643714663914,-0.5987456856742244,0.1962011338498883,0.663092290116301,0.790288438450685,0.5722459227228536,0.5337252097193181,-0.031465804698737,0.2443476707967933,0.500318898726958,-0.4352570378336877,-0.0778786903089151,-0.5014184029238218,-0.2548412082069815,0.6157062619024118,-0.542808298814496,-0.2371500654597568,-0.7275424217626365,0.5227319708307125,0.7362805783978197,0.9919005127233044,0.5707915115155033,0.4663472580649483,-0.0093509182436777,-0.365279539834261,0.4696433044764692,-0.551593349964062,-0.1355768172235829,-0.9876396354543672,0.6641504857987062,-0.7939228710720099,0.9634946498099172,0.7391403442390929,-0.8936606788281696,0.930980475552067,0.2782073877972355,-0.5323857393823159,0.7412597052682703,-0.1553814754856695,0.2181552826697783,-0.6370793694048575,0.467510762703457,0.9013179415961085,0.7398209403636458,-0.6647357409201708,-0.2241747003259202,-0.3355047431798054,-0.5919145242286772,-0.0711125114872663,-0.4960318932649785,0.2109746625510653,0.7037716911926489,0.0537935717916808,0.8303258149703052,0.4509804533435262,0.812048673576113,0.3198572614335118,0.124345012376545,0.0376519653347308,0.7087405839619015,0.5301656451093854,0.536140960100225,1.0,0.2593829261412693,0.8870882546189327,0.97249395254826,0.7348827192127673,0.4072920691147256,0.7488808834007079,0.4329574939116904,0.520758368451072,0.7807922698263944,0.2563399482132428,0.584407235220781,0.2922789917140518,0.2184608124062872,0.4305793479848529,0.6665719655666714,0.7631060676838742,0.2526086367514689,0.4949213065841927,0.1394625979581518,0.2587179598102804,0.8817121444458791,0.9905015764831716,0.3309971186098161,0.4478804611036112,1.0,0.7678306439356333,0.8600993406456258,0.1542873158369688,0.9408202875659624,0.4736726969238632,0.9695247390870456,0.194822222309766,0.0105914015673661,0.8783678221648753,0.8423845224861549,0.431246573657856,0.0158823365813964,0.663617397619382,0.0001,0.6526579612370316,0.0001,0.1253678952512401,0.2375139129514696,0.8260893889220686,0.0626391947457478,0.4490630410108871,0.0015508508106696,0.0109869723160707,0.7560646495638969,0.9038154324021996,0.984222715579466,0.1310613575624606,0.0600707819629372,0.7591984402389766,0.9211889388666868,0.7486905245638826,0.6961262510434116,0.032827832435994,0.1201987497751255,0.4699238351843882,0.2935044626220946,0.7191164990204989,0.0295294465504363,0.1233248294307712,0.7287270312656217,0.47,3109
0,0,-0.2429408352329221,0.2008486420201762,-0.2752225765349292,0.0946555228180836,0.9771144594206258,0.4847928702994897,0.7412169419044294,0.8491750977064698,0.4813100127746363,0.8230206827915816,-0.9502643714663914,-0.5987456856742244,0.1962011338498883,0.663092290116301,0.790288438450685,0.5722459227228536,0.5337252097193181,-0.031465804698737,0.2443476707967933,0.500318898726958,-0.4352570378336877,-0.0778786903089151,-0.5014184029238218,-0.2548412082069815,0.6157062619024118,-0.542808298814496,-0.2371500654597568,-0.7275424217626365,0.5227319708307125,0.7362805783978197,0.9919005127233044,0.5707915115155033,0.4663472580649483,-0.0093509182436777,-0.365279539834261,0.4696433044764692,-0.551593349964062,-0.1355768172235829,-0.9876396354543672,0.6641504857987062,-0.7939228710720099,0.9634946498099172,0.7391403442390929,-0.8936606788281696,0.930980475552067,0.2782073877972355,-0.5323857393823159,0.7412597052682703,-0.1553814754856695,0.2181552826697783,-0.6370793694048575,0.467510762703457,0.9013179415961085,0.7398209403636458,-0.6647357409201708,-0.2241747003259202,-0.3355047431798054,-0.5919145242286772,-0.0711125114872663,-0.4960318932649785,0.2109746625510653,0.7037716911926489,0.0537935717916808,0.8303258149703052,0.4509804533435262,0.812048673576113,0.3198572614335118,0.124345012376545,0.0376519653347308,0.7087405839619015,0.5301656451093854,0.536140960100225,1.0,0.2593829261412693,0.8870882546189327,0.97249395254826,0.7348827192127673,0.4072920691147256,0.7488808834007079,0.4329574939116904,0.520758368451072,0.7807922698263944,0.2563399482132428,0.584407235220781,0.2922789917140518,0.2184608124062872,0.4305793479848529,0.6665719655666714,0.7631060676838742,0.2526086367514689,0.4949213065841927,0.1394625979581518,0.2587179598102804,0.8817121444458791,0.9905015764831716,0.3309971186098161,0.4478804611036112,1.0,0.7678306439356333,0.8600993406456258,0.1542873158369688,0.9408202875659624,0.4736726969238632,0.9695247390870456,0.194822222309766,0.0105914015673661,0.8783678221648753,0.8423845224861549,0.431246573657856,0.0158823365813964,0.663617397619382,0.0001,0.6526579612370316,0.0001,0.1253678952512401,0.2375139129514696,0.8260893889220686,0.0626391947457478,0.4490630410108871,0.0015508508106696,0.0109869723160707,0.7560646495638969,0.9038154324021996,0.984222715579466,0.1310613575624606,0.0600707819629372,0.7591984402389766,0.9211889388666868,0.7486905245638826,0.6961262510434116,0.032827832435994,0.1201987497751255,0.4699238351843882,0.2935044626220946,0.7191164990204989,0.0295294465504363,0.1233248294307712,0.7287270312656217,0.47,3205
0,0,-0.2429408352329221,0.2008486420201762,-0.2752225765349292,0.0946555228180836,0.9771144594206258,0.4847928702994897,0.7412169419044294,0.8491750977064698,0.4813100127746363,0.8230206827915816,-0.9502643714663914,-0.5987456856742244,0.1962011338498883,0.663092290116301,0.790288438450685,0.5722459227228536,0.5337252097193181,-0.031465804698737,0.2443476707967933,0.500318898726958,-0.4352570378336877,-0.0778786903089151,-0.5014184029238218,-0.2548412082069815,0.6157062619024118,-0.542808298814496,-0.2371500654597568,-0.7275424217626365,0.5227319708307125,0.7362805783978197,0.9919005127233044,0.5707915115155033,0.4663472580649483,-0.0093509182436777,-0.365279539834261,0.4696433044764692,-0.551593349964062,-0.1355768172235829,-0.9876396354543672,0.6641504857987062,-0.7939228710720099,0.9634946498099172,0.7391403442390929,-0.8936606788281696,0.930980475552067,0.2782073877972355,-0.5323857393823159,0.7412597052682703,-0.1553814754856695,0.2181552826697783,-0.6370793694048575,0.467510762703457,0.9013179415961085,0.7398209403636458,-0.6647357409201708,-0.2241747003259202,-0.3355047431798054,-0.5919145242286772,-0.0711125114872663,-0.4960318932649785,0.2109746625510653,0.7037716911926489,0.0537935717916808,0.8303258149703052,0.4509804533435262,0.812048673576113,0.3198572614335118,0.124345012376545,0.0376519653347308,0.7087405839619015,0.5301656451093854,0.536140960100225,1.0,0.2593829261412693,0.8870882546189327,0.97249395254826,0.7348827192127673,0.4072920691147256,0.7488808834007079,0.4329574939116904,0.520758368451072,0.7807922698263944,0.2563399482132428,0.584407235220781,0.2922789917140518,0.2184608124062872,0.4305793479848529,0.6665719655666714,0.7631060676838742,0.2526086367514689,0.4949213065841927,0.1394625979581518,0.2587179598102804,0.8817121444458791,0.9905015764831716,0.3309971186098161,0.4478804611036112,1.0,0.7678306439356333,0.8600993406456258,0.1542873158369688,0.9408202875659624,0.4736726969238632,0.9695247390870456,0.194822222309766,0.0105914015673661,0.8783678221648753,0.8423845224861549,0.431246573657856,0.0158823365813964,0.663617397619382,0.0001,0.6526579612370316,0.0001,0.1253678952512401,0.2375139129514696,0.8260893889220686,0.0626391947457478,0.4490630410108871,0.0015508508106696,0.0109869723160707,0.7560646495638969,0.9038154324021996,0.984222715579466,0.1310613575624606,0.0600707819629372,0.7591984402389766,0.9211889388666868,0.7486905245638826,0.6961262510434116,0.032827832435994,0.1201987497751255,0.4699238351843882,0.2935044626220946,0.7191164990204989,0.0295294465504363,0.1233248294307712,0.7287270312656217,0.47,3302
0,0,-0.2429408352329221,0.2008486420201762,-0.2752225765349292,0.0946555228180836,0.9771144594206258,0.4847928702994897,0.7412169419044294,0.8491750977064698,0.4813100127746363,0.8230206827915816,-0.9502643714663914,-0.5987456856742244,0.1962011338498883,0.663092290116301,0.790288438450685,0.5722459227228536,0.5337252097193181,-0.031465804698737,0.2443476707967933,0.500318898726958,-0.4352570378336877,-0.0778786903089151,-0.5014184029238218,-0.2548412082069815,0.6157062619024118,-0.542808298814496,-0.2371500654597568,-0.7275424217626365,0.5227319708307125,0.7362805783978197,0.9919005127233044,0.5707915115155033,0.4663472580649483,-0.0093509182436777,-0.365279539834261,0.4696433044764692,-0.551593349964062,-0.1355768172235829,-0.9876396354543672,0.6641504857987062,-0.7939228710720099,0.9634946498099172,0.7391403442390929,-0.8936606788281696,0.930980475552067,0.2782073877972355,-0.5323857393823159,0.7412597052682703,-0.1553814754856695,0.2181552826697783,-0.6370793694048575,0.467510762703457,0.9013179415961085,0.7398209403636458,-0.6647357409201708,-0.2241747003259202,-0.3355047431798054,-0.5919145242286772,-0.0711125114872663,-0.4960318932649785,0.2109746625510653,0.7037716911926489,0.0537935717916808,0.8303258149703052,0.4509804533435262,0.812048673576113,0.3198572614335118,0.124345012376545,0.0376519653347308,0.7087405839619015,0.5301656451093854,0.536140960100225,1.0,0.2593829261412693,0.8870882546189327,0.97249395254826,0.7348827192127673,0.4072920691147256,0.7488808834007079,0.4329574939116904,0.520758368451072,0.7807922698263944,0.2563399482132428,0.584407235220781,0.2922789917140518,0.2184608124062872,0.4305793479848529,0.6665719655666714,0.7631060676838742,0.2526086367514689,0.4949213065841927,0.1394625979581518,0.2587179598102804,0.8817121444458791,0.9905015764831716,0.3309971186098161,0.4478804611036112,1.0,0.7678306439356333,0.8600993406456258,0.1542873158369688,0.9408202875659624,0.4736726969238632,0.9695247390870456,0.194822222309766,0.0105914015673661,0.8783678221648753,0.8423845224861549,0.431246573657856,0.0158823365813964,0.663617397619382,0.0001,0.6526579612370316,0.0001,0.1253678952512401,0.2375139129514696,0.8260893889220686,0.0626391947457478,0.4490630410108871,0.0015508508106696,0.0109869723160707,0.7560646495638969,0.9038154324021996,0.984222715579466,0.1310613575624606,0.0600707819629372,0.7591984402389766,0.9211889388666868,0.7486905245638826,0.6961262510434116,0.032827832435994,0.1201987497751255,0.4699238351843882,0.2935044626220946,0.7191164990204989,0.0295294465504363,0.1233248294307712,0.7287270312656217,0.47,3400
0,0,-0.2429408352329221,0.2008486420201762,-0.2752225765349292,0.0946555228180836,0.9771144594206258,0.4847928702994897,0.7412169419044294,0.8491750977064698,0.4813100127746363,0.8230206827915816,-0.9502643714663914,-0.5987456856742244,0.1962011338498883,0.663092290116301,0.790288438450685,0.5722459227228536,0.5337252097193181,-0.031465804698737,0.2443476707967933,0.500318898726958,-0.4352570378336877,-0.0778786903089151,-0.5014184029238218,-0.2548412082069815,0.6157062619024118,-0.542808298814496,-0.2371500654597568,-0.7275424217626365,0.5227319708307125,0.7362805783978197,0.9919005127233044,0.5707915115155033,0.4663472580649483,-0.0093509182436777,-0.365279539834261,0.4696433044764692,-0.551593349964062,-0.1355768172235829,-0.9876396354543672,0.6641504857987062,-0.7939228710720099,0.9634946498099172,0.7391403442390929,-0.8936606788281696,0.930980475552067,0.2782073877972355,-0.5323857393823159,0.7412597052682703,-0.1553814754856695,0.2181552826697783,-0.6370793694048575,0.467510762703457,0.9013179415961085,0.7398209403636458,-0.6647357409201708,-0.2241747003259202,-0.3355047431798054,-0.5919145242286772,-0.0711125114872663,-0.4960318932649785,0.2109746625510653,0.7037716911926489,0.0537935717916808,0.8303258149703052,0.4509804533435262,0.812048673576113,0.3198572614335118,0.124345012376545,0.0376519653347308,0.7087405839619015,0.5301656451093854,0.536140960100225,1.0,0.2593829261412693,0.8870882546189327,0.97249395254826,0.7348827192127673,0.4072920691147256,0.7488808834007079,0.4329574939116904,0.520758368451072,0.7807922698263944,0.2563399482132428,0.584407235220781,0.2922789917140518,0.2184608124062872,0.4305793479848529,0.6665719655666714,0.7631060676838742,0.2526086367514689,0.4949213065841927,0.1394625979581518,0.2587179598102804,0.8817121444458791,0.9905015764831716,0.3309971186098161,0.4478804611036112,1.0,0.7678306439356333,0.8600993406456258,0.1542873158369688,0.9408202875659624,0.4736726969238632,0.9695247390870456,0.194822222309766,0.0105914015673661,0.8783678221648753,0.8423845224861549,0.431246573657856,0.0158823365813964,0.663617397619382,0.0001,0.6526579612370316,0.0001,0.1253678952512401,0.2375139129514696,0.8260893889220686,0.0626391947457478,0.4490630410108871,0.0015508508106696,0.0109869723160707,0.7560646495638969,0.9038154324021996,0.984222715579466,0.1310613575624606,0.0600707819629372,0.7591984402389766,0.9211889388666868,0.7486905245638826,0.6961262510434116,0.032827832435994,0.1201987497751255,0.4699238351843882,0.2935044626220946,0.7191164990204989,0.0295294465504363,0.1233248294307712,0.7287270312656217,0.47,3493
0,0,-0.2429408352329221,0.2008486420201762,-0.2752225765349292,0.0946555228180836,0.9771144594206258,0.4847928702994897,0.7412169419044294,0.8491750977064698,0.4813100127746363,0.8230206827915816,-0.9502643714663914,-0.5987456856742244,0.1962011338498883,0.663092290116301,0.790288438450685,0.5722459227228536,0.5337252097193181,-0.031465804698737,0.2443476707967933,0.500318898726958,-0.4352570378336877,-0.0778786903089151,-0.5014184029238218,-0.2548412082069815,0.6157062619024118,-0.542808298814496,-0.2371500654597568,-0.7275424217626365,0.5227319708307125,0.7362805783978197,0.9919005127233044,0.5707915115155033,0.4663472580649483,-0.0093509182436777,-0.365279539834261,0.4696433044764692,-0.551593349964062,-0.1355768172235829,-0.9876396354543672,0.6641504857987062,-0.7939228710720099,0.9634946498099172,0.7391403442390929,-0.8936606788281696,0.930980475552067,0.2782073877972355,-0.5323857393823159,0.7412597052682703,-0.1553814754856695,0.2181552826697783,-0.6370793694048575,0.467510762703457,0.9013179415961085,0.7398209403636458,-0.6647357409201708,-0.2241747003259202,-0.3355047431798054,-0.5919145242286772,-0.0711125114872663,-0.4960318932649785,0.2109746625510653,0.7037716911926489,0.0537935717916808,0.8303258149703052,0.4509804533435262,0.812048673576113,0.3198572614335118,0.124345012376545,0.0376519653347308,0.7087405839619015,0.5301656451093854,0.536140960100225,1.0,0.2593829261412693,0.8870882546189327,0.97249395254826,0.7348827192127673,0.4072920691147256,0.7488808834007079,0.4329574939116904,0.520758368451072,0.7807922698263944,0.2563399482132428,0.584407235220781,0.2922789917140518,0.2184608124062872,0.4305793479848529,0.6665719655666714,0.7631060676838742,0.2526086367514689,0.4949213065841927,0.1394625979581518,0.2587179598102804,0.8817121444458791,0.9905015764831716,0.3309971186098161,0.4478804611036112,1.0,0.7678306439356333,0.8600993406456258,0.1542873158369688,0.9408202875659624,0.4736726969238632,0.9695247390870456,0.194822222309766,0.0105914015673661,0.8783678221648753,0.8423845224861549,0.431246573657856,0.0158823365813964,0.663617397619382,0.0001,0.6526579612370316,0.0001,0.1253678952512401,0.2375139129514696,0.8260893889220686,0.0626391947457478,0.4490630410108871,0.0015508508106696,0.0109869723160707,0.7560646495638969,0.9038154324021996,0.984222715579466,0.1310613575624606,0.0600707819629372,0.7591984402389766,0.9211889388666868,0.7486905245638826,0.6961262510434116,0.032827832435994,0.1201987497751255,0.4699238351843882,0.2935044626220946,0.7191164990204989,0.0295294465504363,0.1233248294307712,0.7287270312656217,0.47,3590
0,0,-0.2429408352329221,0.2008486420201762,-0.2752225765349292,0.0946555228180836,0.9771144594206258,0.4847928702994897,0.7412169419044294,0.8491750977064698,0.4813100127746363,0.8230206827915816,-0.9502643714663914,-0.5987456856742244,0.1962011338498883,0.663092290116301,0.790288438450685,0.5722459227228536,0.5337252097193181,-0.031465804698737,0.2443476707967933,0.500318898726958,-0.4352570378336877,-0.0778786903089151,-0.5014184029238218,-0.2548412082069815,0.6157062619024118,-0.542808298814496,-0.2371500654597568,-0.7275424217626365,0.5227319708307125,0.7362805783978197,0.9919005127233044,0.5707915115155033,0.4663472580649483,-0.0093509182436777,-0.365279539834261,0.4696433044764692,-0.551593349964062,-0.1355768172235829,-0.9876396354543672,0.6641504857987062,-0.7939228710720099,0.9634946498099172,0.7391403442390929,-0.8936606788281696,0.930980475552067,0.2782073877972355,-0.5323857393823159,0.7412597052682703,-0.1553814754856695,0.2181552826697783,-0.6370793694048575,0.467510762703457,0.9013179415961085,0.7398209403636458,-0.6647357409201708,-0.2241747003259202,-0.3355047431798054,-0.5919145242286772,-0.0711125114872663,-0.4960318932649785,0.2109746625510653,0.7037716911926489,0.0537935717916808,0.8303258149703052,0.4509804533435262,0.812048673576113,0.3198572614335118,0.124345012376545,0.0376519653347308,0.7087405839619015,0.5301656451093854,0.536140960100225,1.0,0.2593829261412693,0.8870882546189327,0.97249395254826,0.7348827192127673,0.4072920691147256,0.7488808834007079,0.4329574939116904,0.520758368451072,0.7807922698263944,0.2563399482132428,0.584407235220781,0.2922789917140518,0.2184608124062872,0.4305793479848529,0.6665719655666714,0.7631060676838742,0.2526086367514689,0.4949213065841927,0.1394625979581518,0.2587179598102804,0.8817121444458791,0.9905015764831716,0.3309971186098161,0.4478804611036112,1.0,0.7678306439356333,0.8600993406456258,0.1542873158369688,0.9408202875659624,0.4736726969238632,0.9695247390870456,0.194822222309766,0.0105914015673661,0.8783678221648753,0.8423845224861549,0.431246573657856,0.0158823365813964,0.663617397619382,0.0001,0.6526579612370316,0.0001,0.1253678952512401,0.2375139129514696,0.8260893889220686,0.0626391947457478,0.4490630410108871,0.0015508508106696,0.0109869723160707,0.7560646495638969,0.9038154324021996,0.984222715579466,0.1310613575624606,0.0600707819629372,0.7591984402389766,0.9211889388666868,0.7486905245638826,0.6961262510434116,0.032827832435994,0.1201987497751255,0.4699238351843882,0.2935044626220946,0.7191164990204989,0.0295294465504363,0.1233248294307712,0.7287270312656217,0.47,3688
0,0,-0.2429408352329221,0.2008486420201762,-0.2752225765349292,0.0946555228180836,0.9771144594206258,0.4847928702994897,0.7412169419044294,0.8491750977064698,0.4813100127746363,0.8230206827915816,-0.9502643714663914,-0.5987456856742244,0.1962011338498883,0.663092290116301,0.790288438450685,0.5722459227228536,0.5337252097193181,-0.031465804698737,0.2443476707967933,0.500318898726958,-0.4352570378336877,-0.0778786903089151,-0.5014184029238218,-0.2548412082069815,0.6157062619024118,-0.542808298814496,-0.2371500654597568,-0.7275424217626365,0.5227319708307125,0.7362805783978197,0.9919005127233044,0.5707915115155033,0.4663472580649483,-0.0093509182436777,-0.365279539834261,0.4696433044764692,-0.551593349964062,-0.1355768172235829,-0.9876396354543672,0.6641504857987062,-0.7939228710720099,0.9634946498099172,0.7391403442390929,-0.8936606788281696,0.930980475552067,0.2782073877972355,-0.5323857393823159,0.7412597052682703,-0.1553814754856695,0.2181552826697783,-0.6370793694048575,0.467510762703457,0.9013179415961085,0.7398209403636458,-0.6647357409201708,-0.2241747003259202,-0.3355047431798054,-0.5919145242286772,-0.0711125114872663,-0.4960318932649785,0.2109746625510653,0.7037716911926489,0.0537935717916808,0.8303258149703052,0.4509804533435262,0.812048673576113,0.3198572614335118,0.124345012376545,0.0376519653347308,0.7087405839619015,0.5301656451093854,0.536140960100225,1.0,0.2593829261412693,0.8870882546189327,0.97249395254826,0.7348827192127673,0.4072920691147256,0.7488808834007079,0.4329574939116904,0.520758368451072,0.7807922698263944,0.2563399482132428,0.584407235220781,0.2922789917140518,0.2184608124062872,0.4305793479848529,0.6665719655666714,0.7631060676838742,0.2526086367514689,0.4949213065841927,0.1394625979581518,0.2587179598102804,0.8817121444458791,0.9905015764831716,0.3309971186098161,0.4478804611036112,1.0,0.7678306439356333,0.8600993406456258,0.1542873158369688,0.9408202875659624,0.4736726969238632,0.9695247390870456,0.194822222309766,0.0105914015673661,0.8783678221648753,0.8423845224861549,0.431246573657856,0.0158823365813964,0.663617397619382,0.0001,0.6526579612370316,0.0001,0.1253678952512401,0.2375139129514696,0.8260893889220686,0.0626391947457478,0.4490630410108871,0.0015508508106696,0.0109869723160707,0.7560646495638969,0.9038154324021996,0.984222715579466,0.1310613575624606,0.0600707819629372,0.7591984402389766,0.9211889388666868,0.7486905245638826,0.6961262510434116,0.032827832435994,0.1201987497751255,0.4699238351843882,0.2935044626220946,0.7191164990204989,0.0295294465504363,0.1233248294307712,0.7287270312656217,0.47,3784
0,0,-0.2429408352329221,0.2008486420201762,-0.2752225765349292,0.0946555228180836,0.9771144594206258,0.4847928702994897,0.7412169419044294,0.8491750977064698,0.4813100127746363,0.8230206827915816,-0.9502643714663914,-0.5987456856742244,0.1962011338498883,0.663092290116301,0.790288438450685,0.5722459227228536,0.5337252097193181,-0.031465804698737,0.2443476707967933,0.500318898726958,-0.4352570378336877,-0.0778786903089151,-0.5014184029238218,-0.2548412082069815,0.6157062619024118,-0.542808298814496,-0.2371500654597568,-0.7275424217626365,0.5227319708307125,0.7362805783978197,0.9919005127233044,0.5707915115155033,0.4663472580649483,-0.0093509182436777,-0.365279539834261,0.4696433044764692,-0.551593349964062,-0.1355768172235829,-0.9876396354543672,0.6641504857987062,-0.7939228710720099,0.9634946498099172,0.7391403442390929,-0.8936606788281696,0.930980475552067,0.2782073877972355,-0.5323857393823159,0.7412597052682703,-0.1553814754856695,0.2181552826697783,-0.6370793694048575,0.467510762703457,0.9013179415961085,0.7398209403636458,-0.6647357409201708,-0.2241747003259202,-0.3355047431798054,-0.5919145242286772,-0.0711125114872663,-0.4960318932649785,0.2109746625510653,0.7037716911926489,0.0537935717916808,0.8303258149703052,0.4509804533435262,0.812048673576113,0.3198572614335118,0.124345012376545,0.0376519653347308,0.7087405839619015,0.5301656451093854,0.536140960100225,1.0,0.2593829261412693,0.8870882546189327,0.97249395254826,0.7348827192127673,0.4072920691147256,0.7488808834007079,0.4329574939116904,0.520758368451072,0.7807922698263944,0.2563399482132428,0.584407235220781,0.2922789917140518,0.2184608124062872,0.4305793479848529,0.6665719655666714,0.7631060676838742,0.2526086367514689,0.4949213065841927,0.1394625979581518,0.2587179598102804,0.8817121444458791,0.9905015764831716,0.3309971186098161,0.4478804611036112,1.0,0.7678306439356333,0.8600993406456258,0.1542873158369688,0.9408202875659624,0.4736726969238632,0.9695247390870456,0.194822222309766,0.0105914015673661,0.8783678221648753,0.8423845224861549,0.431246573657856,0.0158823365813964,0.663617397619382,0.0001,0.6526579612370316,0.0001,0.1253678952512401,0.2375139129514696,0.8260893889220686,0.0626391947457478,0.4490630410108871,0.0015508508106696,0.0109869723160707,0.7560646495638969,0.9038154324021996,0.984222715579466,0.1310613575624606,0.0600707819629372,0.7591984402389766,0.9211889388666868,0.7486905245638826,0.6961262510434116,0.032827832435994,0.1201987497751255,0.4699238351843882,0.2935044626220946,0.7191164990204989,0.0295294465504363,0.1233248294307712,0.7287270312656217,0.47,3878
0,0,-0.2429408352329221,0.2008486420201762,-0.2752225765349292,0.0946555228180836,0.9771144594206258,0.4847928702994897,0.7412169419044294,0.8491750977064698,0.4813100127746363,0.8230206827915816,-0.9502643714663914,-0.5987456856742244,0.1962011338498883,0.663092290116301,0.790288438450685,0.5722459227228536,0.5337252097193181,-0.031465804698737,0.2443476707967933,0.500318898726958,-0.4352570378336877,-0.0778786903089151,-0.5014184029238218,-0.2548412082069815,0.6157062619024118,-0.542808298814496,-0.2371500654597568,-0.7275424217626365,0.5227319708307125,0.7362805783978197,0.9919005127233044,0.5707915115155033,0.4663472580649483,-0.0093509182436777,-0.365279539834261,0.4696433044764692,-0.551593349964062,-0.1355768172235829,-0.9876396354543672,0.6641504857987062,-0.7939228710720099,0.9634946498099172,0.7391403442390929,-0.8936606788281696,0.930980475552067,0.2782073877972355,-0.5323857393823159,0.7412597052682703,-0.1553814754856695,0.2181552826697783,-0.6370793694048575,0.467510762703457,0.9013179415961085,0.7398209403636458,-0.6647357409201708,-0.2241747003259202,-0.3355047431798054,-0.5919145242286772,-0.0711125114872663,-0.4960318932649785,0.2109746625510653,0.7037716911926489,0.0537935717916808,0.8303258149703052,0.4509804533435262,0.812048673576113,0.3198572614335118,0.124345012376545,0.0376519653347308,0.7087405839619015,0.5301656451093854,0.536140960100225,1.0,0.2593829261412693,0.8870882546189327,0.97249395254826,0.7348827192127673,0.4072920691147256,0.7488808834007079,0.4329574939116904,0.520758368451072,0.7807922698263944,0.2563399482132428,0.584407235220781,0.2922789917140518,0.2184608124062872,0.4305793479848529,0.6665719655666714,0.7631060676838742,0.2526086367514689,0.4949213065841927,0.1394625979581518,0.2587179598102804,0.8817121444458791,0.9905015764831716,0.3309971186098161,0.4478804611036112,1.0,0.7678306439356333,0.8600993406456258,0.1542873158369688,0.9408202875659624,0.4736726969238632,0.9695247390870456,0.194822222309766,0.0105914015673661,0.8783678221648753,0.8423845224861549,0.431246573657856,0.0158823365813964,0.663617397619382,0.0001,0.6526579612370316,0.0001,0.1253678952512401,0.2375139129514696,0.8260893889220686,0.0626391947457478,0.4490630410108871,0.0015508508106696,0.0109869723160707,0.7560646495638969,0.9038154324021996,0.984222715579466,0.1310613575624606,0.0600707819629372,0.7591984402389766,0.9211889388666868,0.7486905245638826,0.6961262510434116,0.032827832435994,0.1201987497751255,0.4699238351843882,0.2935044626220946,0.7191164990204989,0.0295294465504363,0.1233248294307712,0.7287270312656217,0.47,3972
0,0,-0.1101230529036706,-0.424150017223276,-0.6303132707544212,-0.4697608449705719,-0.6217439863423658,0.571875796657508,0.6218765780167265,-0.8764489859866876,-0.5858134439393891,0.0407137513016887,-0.2907435910173424,0.1734440934209738,0.4772907086699013,0.0986354168024272,-0.6173435392575792,-0.6821762222367205,-0.6385754562030476,-0.0857698734329653,-0.5146333790758311,0.9041261442949882,-0.3796698772095518,0.339057096801704,-0.1937207779074922,0.4617311504470691,-0.6706521676582267,-0.0641551252340149,-0.702612837850246,0.0892633130399824,-0.439313826715451,0.469557144356454,-0.3225858239581849,-0.2289031670762377,0.3810262594346582,0.076466177472879,-0.1838864140243153,-0.7333545133840583,0.6162218693763841,-0.3591140164307703,0.8836010701659932,-0.1654124571187926,-0.4090118020060557,0.2722401538668749,-0.0332045970724912,0.7701056137262937,-0.5508380609669202,0.1239451013122143,-0.2432245120050269,-0.2816810476826239,0.635505742133033,-0.6959319294919426,-0.8933227969049231,0.4748508219165471,-0.5525997657025182,0.1853118069422132,0.619993674779586,0.4294838333789323,-0.8691567976535298,-0.1375051780840546,0.0041841270397859,0.3271567432334729,0.306165449326883,0.892403403376745,0.8426911947150908,0.7937141931661963,0.9018961032357912,0.8570883757999315,0.5508694838002564,0.2515488385916058,0.3216134303329642,0.2271659814428188,0.5186465384967095,0.5886657864509747,0.9647300237911016,0.4388027386716029,0.5774011535209113,0.1046350382368782,0.8615687660528603,0.3969674683579419,0.2570283217514106,0.4253891842719318,0.9136019030263494,0.1621469926494834,0.2973874097471873,0.9021610387264912,0.2065665851783678,0.8453471081741601,0.2851193070405085,0.4423502431573334,0.8780600186109426,0.2618367253346696,0.433237425619945,0.8680336653695949,0.8772404759851335,0.6992490574613905,0.1964077854468074,0.9236913126608914,0.72992414614815,0.1808586652524497,0.874385684495183,0.5397387649253219,0.6389071876092722,0.4700260860537177,0.2547564492197468,0.5724652083116323,0.7361527958390471,0.3538049704517992,0.4953906030699105,0.4584693436045057,0.1353340602506002,0.0330965084147406,0.4889204724940124,0.271700927358414,0.7473545381759785,0.2594301798913919,0.3903275951931422,0.1547225455553515,0.4385005535490522,0.1683605476679391,0.4830373330906404,0.7071126150991371,0.0173994654672878,0.5280094576843024,0.6263462175714541,0.6131563560942236,0.2468829534082172,0.8213191028020929,0.1860144358402011,0.9590175681418174,0.5039148022661786,0.6399785515364641,0.2886227773398557,0.0522579745023996,0.4463192342603647,0.5068702459889598,0.693024651230897,0.1879582775966651,0.6168508372056435,0.3356091024328,0.49,398
0,0,-0.2429408352329221,0.2008486420201762,-0.2752225765349292,0.0946555228180836,0.9771144594206258,0.4847928702994897,0.7412169419044294,0.8491750977064698,0.4813100127746363,0.8230206827915816,-0.9502643714663914,-0.5987456856742244,0.1962011338498883,0.663092290116301,0.790288438450685,0.5722459227228536,0.5337252097193181,-0.031465804698737,0.2443476707967933,0.500318898726958,-0.4352570378336877,-0.0778786903089151,-0.5014184029238218,-0.2548412082069815,0.6157062619024118,-0.542808298814496,-0.2371500654597568,-0.7275424217626365,0.5227319708307125,0.7362805783978197,0.9919005127233044,0.5707915115155033,0.4663472580649483,-0.0093509182436777,-0.365279539834261,0.4696433044764692,-0.551593349964062,-0.1355768172235829,-0.9876396354543672,0.6641504857987062,-0.7939228710720099,0.9634946498099172,0.7391403442390929,-0.8936606788281696,0.930980475552067,0.2782073877972355,-0.5323857393823159,0.7412597052682703,-0.1553814754856695,0.2181552826697783,-0.6370793694048575,0.467510762703457,0.9013179415961085,0.7398209403636458,-0.6647357409201708,-0.2241747003259202,-0.3355047431798054,-0.5919145242286772,-0.0711125114872663,-0.4960318932649785,0.2109746625510653,0.7037716911926489,0.0537935717916808,0.8303258149703052,0.4509804533435262,0.812048673576113,0.3198572614335118,0.124345012376545,0.0376519653347308,0.7087405839619015,0.5301656451093854,0.536140960100225,1.0,0.2593829261412693,0.8870882546189327,0.97249395254826,0.7348827192127673,0.4072920691147256,0.7488808834007079,0.4329574939116904,0.520758368451072,0.7807922698263944,0.2563399482132428,0.584407235220781,0.2922789917140518,0.2184608124062872,0.4305793479848529,0.6665719655666714,0.7631060676838742,0.2526086367514689,0.4949213065841927,0.1394625979581518,0.2587179598102804,0.8817121444458791,0.9905015764831716,0.3309971186098161,0.4478804611036112,1.0,0.7678306439356333,0.8600993406456258,0.1542873158369688,0.9408202875659624,0.4736726969238632,0.9695247390870456,0.194822222309766,0.0105914015673661,0.8783678221648753,0.8423845224861549,0.431246573657856,0.0158823365813964,0.663617397619382,0.0001,0.6526579612370316,0.0001,0.1253678952512401,0.2375139129514696,0.8260893889220686,0.0626391947457478,0.4490630410108871,0.0015508508106696,0.0109869723160707,0.7560646495638969,0.9038154324021996,0.984222715579466,0.1310613575624606,0.0600707819629372,0.7591984402389766,0.9211889388666868,0.7486905245638826,0.6961262510434116,0.032827832435994,0.1201987497751255,0.4699238351843882,0.2935044626220946,0.7191164990204989,0.0295294465504363,0.1233248294307712,0.7287270312656217,0.47,4070
0,0,-0.2429408352329221,0.2008486420201762,-0.2752225765349292,0.0946555228180836,0.9771144594206258,0.4847928702994897,0.7412169419044294,0.8491750977064698,0.4813100127746363,0.8230206827915816,-0.9502643714663914,-0.5987456856742244,0.1962011338498883,0.663092290116301,0.790288438450685,0.5722459227228536,0.5337252097193181,-0.031465804698737,0.2443476707967933,0.500318898726958,-0.4352570378336877,-0.0778786903089151,-0.5014184029238218,-0.2548412082069815,0.6157062619024118,-0.542808298814496,-0.2371500654597568,-0.7275424217626365,0.5227319708307125,0.7362805783978197,0.9919005127233044,0.5707915115155033,0.4663472580649483,-0.0093509182436777,-0.365279539834261,0.4696433044764692,-0.551593349964062,-0.1355768172235829,-0.9876396354543672,0.6641504857987062,-0.7939228710720099,0.9634946498099172,0.7391403442390929,-0.8936606788281696,0.930980475552067,0.2782073877972355,-0.5323857393823159,0.7412597052682703,-0.1553814754856695,0.2181552826697783,-0.6370793694048575,0.467510762703457,0.9013179415961085,0.7398209403636458,-0.6647357409201708,-0.2241747003259202,-0.3355047431798054,-0.5919145242286772,-0.0711125114872663,-0.4960318932649785,0.2109746625510653,0.7037716911926489,0.0537935717916808,0.8303258149703052,0.4509804533435262,0.812048673576113,0.3198572614335118,0.124345012376545,0.0376519653347308,0.7087405839619015,0.5301656451093854,0.536140960100225,1.0,0.2593829261412693,0.8870882546189327,0.97249395254826,0.7348827192127673,0.4072920691147256,0.7488808834007079,0.4329574939116904,0.520758368451072,0.7807922698263944,0.2563399482132428,0.584407235220781,0.2922789917140518,0.2184608124062872,0.4305793479848529,0.6665719655666714,0.7631060676838742,0.2526086367514689,0.4949213065841927,0.1394625979581518,0.2587179598102804,0.8817121444458791,0.9905015764831716,0.3309971186098161,0.4478804611036112,1.0,0.7678306439356333,0.8600993406456258,0.1542873158369688,0.9408202875659624,0.4736726969238632,0.9695247390870456,0.194822222309766,0.0105914015673661,0.8783678221648753,0.8423845224861549,0.431246573657856,0.0158823365813964,0.663617397619382,0.0001,0.6526579612370316,0.0001,0.1253678952512401,0.2375139129514696,0.8260893889220686,0.0626391947457478,0.4490630410108871,0.0015508508106696,0.0109869723160707,0.7560646495638969,0.9038154324021996,0.984222715579466,0.1310613575624606,0.0600707819629372,0.7591984402389766,0.9211889388666868,0.7486905245638826,0.6961262510434116,0.032827832435994,0.1201987497751255,0.4699238351843882,0.2935044626220946,0.7191164990204989,0.0295294465504363,0.1233248294307712,0.7287270312656217,0.47,4166
0,0,-0.2429408352329221,0.2008486420201762,-0.2752225765349292,0.0946555228180836,0.9771144594206258,0.4847928702994897,0.7412169419044294,0.8491750977064698,0.4813100127746363,0.8230206827915816,-0.9502643714663914,-0.5987456856742244,0.1962011338498883,0.663092290116301,0.790288438450685,0.5722459227228536,0.5337252097193181,-0.031465804698737,0.2443476707967933,0.500318898726958,-0.4352570378336877,-0.0778786903089151,-0.5014184029238218,-0.2548412082069815,0.6157062619024118,-0.542808298814496,-0.2371500654597568,-0.7275424217626365,0.5227319708307125,0.7362805783978197,0.9919005127233044,0.5707915115155033,0.4663472580649483,-0.0093509182436777,-0.365279539834261,0.4696433044764692,-0.551593349964062,-0.1355768172235829,-0.9876396354543672,0.6641504857987062,-0.7939228710720099,0.9634946498099172,0.7391403442390929,-0.8936606788281696,0.930980475552067,0.2782073877972355,-0.5323857393823159,0.7412597052682703,-0.1553814754856695,0.2181552826697783,-0.6370793694048575,0.467510762703457,0.9013179415961085,0.7398209403636458,-0.6647357409201708,-0.2241747003259202,-0.3355047431798054,-0.5919145242286772,-0.0711125114872663,-0.4960318932649785,0.2109746625510653,0.7037716911926489,0.0537935717916808,0.8303258149703052,0.4509804533435262,0.812048673576113,0.3198572614335118,0.124345012376545,0.0376519653347308,0.7087405839619015,0.5301656451093854,0.536140960100225,1.0,0.2593829261412693,0.8870882546189327,0.97249395254826,0.7348827192127673,0.4072920691147256,0.7488808834007079,0.4329574939116904,0.520758368451072,0.7807922698263944,0.2563399482132428,0.584407235220781,0.2922789917140518,0.2184608124062872,0.4305793479848529,0.6665719655666714,0.7631060676838742,0.2526086367514689,0.4949213065841927,0.1394625979581518,0.2587179598102804,0.8817121444458791,0.9905015764831716,0.3309971186098161,0.4478804611036112,1.0,0.7678306439356333,0.8600993406456258,0.1542873158369688,0.9408202875659624,0.4736726969238632,0.9695247390870456,0.194822222309766,0.0105914015673661,0.8783678221648753,0.8423845224861549,0.431246573657856,0.0158823365813964,0.663617397619382,0.0001,0.6526579612370316,0.0001,0.1253678952512401,0.2375139129514696,0.8260893889220686,0.0626391947457478,0.4490630410108871,0.0015508508106696,0.0109869723160707,0.7560646495638969,0.9038154324021996,0.984222715579466,0.1310613575624606,0.0600707819629372,0.7591984402389766,0.9211889388666868,0.7486905245638826,0.6961262510434116,0.032827832435994,0.1201987497751255,0.4699238351843882,0.2935044626220946,0.7191164990204989,0.0295294465504363,0.1233248294307712,0.7287270312656217,0.47,4258
0,0,-0.2429408352329221,0.2008486420201762,-0.2752225765349292,0.0946555228180836,0.9771144594206258,0.4847928702994897,0.7412169419044294,0.8491750977064698,0.4813100127746363,0.8230206827915816,-0.9502643714663914,-0.5987456856742244,0.1962011338498883,0.663092290116301,0.790288438450685,0.5722459227228536,0.5337252097193181,-0.031465804698737,0.2443476707967933,0.500318898726958,-0.4352570378336877,-0.0778786903089151,-0.5014184029238218,-0.2548412082069815,0.6157062619024118,-0.542808298814496,-0.2371500654597568,-0.7275424217626365,0.5227319708307125,0.7362805783978197,0.9919005127233044,0.5707915115155033,0.4663472580649483,-0.0093509182436777,-0.365279539834261,0.4696433044764692,-0.551593349964062,-0.1355768172235829,-0.9876396354543672,0.6641504857987062,-0.7939228710720099,0.9634946498099172,0.7391403442390929,-0.8936606788281696,0.930980475552067,0.2782073877972355,-0.5323857393823159,0.7412597052682703,-0.1553814754856695,0.2181552826697783,-0.6370793694048575,0.467510762703457,0.9013179415961085,0.7398209403636458,-0.6647357409201708,-0.2241747003259202,-0.3355047431798054,-0.5919145242286772,-0.0711125114872663,-0.4960318932649785,0.2109746625510653,0.7037716911926489,0.0537935717916808,0.8303258149703052,0.4509804533435262,0.812048673576113,0.3198572614335118,0.124345012376545,0.0376519653347308,0.7087405839619015,0.5301656451093854,0.536140960100225,1.0,0.2593829261412693,0.8870882546189327,0.97249395254826,0.7348827192127673,0.4072920691147256,0.7488808834007079,0.4329574939116904,0.520758368451072,0.7807922698263944,0.2563399482132428,0.584407235220781,0.2922789917140518,0.2184608124062872,0.4305793479848529,0.6665719655666714,0.7631060676838742,0.2526086367514689,0.4949213065841927,0.1394625979581518,0.2587179598102804,0.8817121444458791,0.9905015764831716,0.3309971186098161,0.4478804611036112,1.0,0.7678306439356333,0.8600993406456258,0.1542873158369688,0.9408202875659624,0.4736726969238632,0.9695247390870456,0.194822222309766,0.0105914015673661,0.8783678221648753,0.8423845224861549,0.431246573657856,0.0158823365813964,0.663617397619382,0.0001,0.6526579612370316,0.0001,0.1253678952512401,0.2375139129514696,0.8260893889220686,0.0626391947457478,0.4490630410108871,0.0015508508106696,0.0109869723160707,0.7560646495638969,0.9038154324021996,0.984222715579466,0.1310613575624606,0.0600707819629372,0.7591984402389766,0.9211889388666868,0.7486905245638826,0.6961262510434116,0.032827832435994,0.1201987497751255,0.4699238351843882,0.2935044626220946,0.7191164990204989,0.0295294465504363,0.1233248294307712,0.7287270312656217,0.47,4355
0,0,-0.2429408352329221,0.2008486420201762,-0.2752225765349292,0.0946555228180836,0.9771144594206258,0.4847928702994897,0.7412169419044294,0.8491750977064698,0.4813100127746363,0.8230206827915816,-0.9502643714663914,-0.5987456856742244,0.1962011338498883,0.663092290116301,0.790288438450685,0.5722459227228536,0.5337252097193181,-0.031465804698737,0.2443476707967933,0.500318898726958,-0.4352570378336877,-0.0778786903089151,-0.5014184029238218,-0.2548412082069815,0.6157062619024118,-0.542808298814496,-0.2371500654597568,-0.7275424217626365,0.5227319708307125,0.7362805783978197,0.9919005127233044,0.5707915115155033,0.4663472580649483,-0.0093509182436777,-0.365279539834261,0.4696433044764692,-0.551593349964062,-0.1355768172235829,-0.9876396354543672,0.6641504857987062,-0.7939228710720099,0.9634946498099172,0.7391403442390929,-0.8936606788281696,0.930980475552067,0.2782073877972355,-0.5323857393823159,0.7412597052682703,-0.1553814754856695,0.2181552826697783,-0.6370793694048575,0.467510762703457,0.9013179415961085,0.7398209403636458,-0.6647357409201708,-0.2241747003259202,-0.3355047431798054,-0.5919145242286772,-0.0711125114872663,-0.4960318932649785,0.2109746625510653,0.7037716911926489,0.0537935717916808,0.8303258149703052,0.4509804533435262,0.812048673576113,0.3198572614335118,0.124345012376545,0.0376519653347308,0.7087405839619015,0.5301656451093854,0.536140960100225,1.0,0.2593829261412693,0.8870882546189327,0.97249395254826,0.7348827192127673,0.4072920691147256,0.7488808834007079,0.4329574939116904,0.520758368451072,0.7807922698263944,0.2563399482132428,0.584407235220781,0.2922789917140518,0.2184608124062872,0.4305793479848529,0.6665719655666714,0.7631060676838742,0.2526086367514689,0.4949213065841927,0.1394625979581518,0.2587179598102804,0.8817121444458791,0.9905015764831716,0.3309971186098161,0.4478804611036112,1.0,0.7678306439356333,0.8600993406456258,0.1542873158369688,0.9408202875659624,0.4736726969238632,0.9695247390870456,0.194822222309766,0.0105914015673661,0.8783678221648753,0.8423845224861549,0.431246573657856,0.0158823365813964,0.663617397619382,0.0001,0.6526579612370316,0.0001,0.1253678952512401,0.2375139129514696,0.8260893889220686,0.0626391947457478,0.4490630410108871,0.0015508508106696,0.0109869723160707,0.7560646495638969,0.9038154324021996,0.984222715579466,0.1310613575624606,0.0600707819629372,0.7591984402389766,0.9211889388666868,0.7486905245638826,0.6961262510434116,0.032827832435994,0.1201987497751255,0.4699238351843882,0.2935044626220946,0.7191164990204989,0.0295294465504363,0.1233248294307712,0.7287270312656217,0.47,4454
0,0,-0.2429408352329221,0.2008486420201762,-0.2752225765349292,0.0946555228180836,0.9771144594206258,0.4847928702994897,0.7412169419044294,0.8491750977064698,0.4813100127746363,0.8230206827915816,-0.9502643714663914,-0.5987456856742244,0.1962011338498883,0.663092290116301,0.790288438450685,0.5722459227228536,0.5337252097193181,-0.031465804698737,0.2443476707967933,0.500318898726958,-0.4352570378336877,-0.0778786903089151,-0.5014184029238218,-0.2548412082069815,0.6157062619024118,-0.542808298814496,-0.2371500654597568,-0.7275424217626365,0.5227319708307125,0.7362805783978197,0.9919005127233044,0.5707915115155033,0.4663472580649483,-0.0093509182436777,-0.365279539834261,0.4696433044764692,-0.551593349964062,-0.1355768172235829,-0.9876396354543672,0.6641504857987062,-0.7939228710720099,0.9634946498099172,0.7391403442390929,-0.8936606788281696,0.930980475552067,0.2782073877972355,-0.5323857393823159,0.7412597052682703,-0.1553814754856695,0.2181552826697783,-0.6370793694048575,0.467510762703457,0.9013179415961085,0.7398209403636458,-0.6647357409201708,-0.2241747003259202,-0.3355047431798054,-0.5919145242286772,-0.0711125114872663,-0.4960318932649785,0.2109746625510653,0.7037716911926489,0.0537935717916808,0.8303258149703052,0.4509804533435262,0.812048673576113,0.3198572614335118,0.124345012376545,0.0376519653347308,0.7087405839619015,0.5301656451093854,0.536140960100225,1.0,0.2593829261412693,0.8870882546189327,0.97249395254826,0.7348827192127673,0.4072920691147256,0.7488808834007079,0.4329574939116904,0.520758368451072,0.7807922698263944,0.2563399482132428,0.584407235220781,0.2922789917140518,0.2184608124062872,0.4305793479848529,0.6665719655666714,0.7631060676838742,0.2526086367514689,0.4949213065841927,0.1394625979581518,0.2587179598102804,0.8817121444458791,0.9905015764831716,0.3309971186098161,0.4478804611036112,1.0,0.7678306439356333,0.8600993406456258,0.1542873158369688,0.9408202875659624,0.4736726969238632,0.9695247390870456,0.194822222309766,0.0105914015673661,0.8783678221648753,0.8423845224861549,0.431246573657856,0.0158823365813964,0.663617397619382,0.0001,0.6526579612370316,0.0001,0.1253678952512401,0.2375139129514696,0.8260893889220686,0.0626391947457478,0.4490630410108871,0.0015508508106696,0.0109869723160707,0.7560646495638969,0.9038154324021996,0.984222715579466,0.1310613575624606,0.0600707819629372,0.7591984402389766,0.9211889388666868,0.7486905245638826,0.6961262510434116,0.032827832435994,0.1201987497751255,0.4699238351843882,0.2935044626220946,0.7191164990204989,0.0295294465504363,0.1233248294307712,0.7287270312656217,0.47,4551
0,0,-0.2429408352329221,0.2008486420201762,-0.2752225765349292,0.0946555228180836,0.9771144594206258,0.4847928702994897,0.7412169419044294,0.8491750977064698,0.4813100127746363,0.8230206827915816,-0.9502643714663914,-0.5987456856742244,0.1962011338498883,0.663092290116301,0.790288438450685,0.5722459227228536,0.5337252097193181,-0.031465804698737,0.2443476707967933,0.500318898726958,-0.4352570378336877,-0.0778786903089151,-0.5014184029238218,-0.2548412082069815,0.6157062619024118,-0.542808298814496,-0.2371500654597568,-0.7275424217626365,0.5227319708307125,0.7362805783978197,0.9919005127233044,0.5707915115155033,0.4663472580649483,-0.0093509182436777,-0.365279539834261,0.4696433044764692,-0.551593349964062,-0.1355768172235829,-0.9876396354543672,0.6641504857987062,-0.7939228710720099,0.9634946498099172,0.7391403442390929,-0.8936606788281696,0.930980475552067,0.2782073877972355,-0.5323857393823159,0.7412597052682703,-0.1553814754856695,0.2181552826697783,-0.6370793694048575,0.467510762703457,0.9013179415961085,0.7398209403636458,-0.6647357409201708,-0.2241747003259202,-0.3355047431798054,-0.5919145242286772,-0.0711125114872663,-0.4960318932649785,0.2109746625510653,0.7037716911926489,0.0537935717916808,0.8303258149703052,0.4509804533435262,0.812048673576113,0.3198572614335118,0.124345012376545,0.0376519653347308,0.7087405839619015,0.5301656451093854,0.536140960100225,1.0,0.2593829261412693,0.8870882546189327,0.97249395254826,0.7348827192127673,0.4072920691147256,0.7488808834007079,0.4329574939116904,0.520758368451072,0.7807922698263944,0.2563399482132428,0.584407235220781,0.2922789917140518,0.2184608124062872,0.4305793479848529,0.6665719655666714,0.7631060676838742,0.2526086367514689,0.4949213065841927,0.1394625979581518,0.2587179598102804,0.8817121444458791,0.9905015764831716,0.3309971186098161,0.4478804611036112,1.0,0.7678306439356333,0.8600993406456258,0.1542873158369688,0.9408202875659624,0.4736726969238632,0.9695247390870456,0.194822222309766,0.0105914015673661,0.8783678221648753,0.8423845224861549,0.431246573657856,0.0158823365813964,0.663617397619382,0.0001,0.6526579612370316,0.0001,0.1253678952512401,0.2375139129514696,0.8260893889220686,0.0626391947457478,0.4490630410108871,0.0015508508106696,0.0109869723160707,0.7560646495638969,0.9038154324021996,0.984222715579466,0.1310613575624606,0.0600707819629372,0.7591984402389766,0.9211889388666868,0.7486905245638826,0.6961262510434116,0.032827832435994,0.1201987497751255,0.4699238351843882,0.2935044626220946,0.7191164990204989,0.0295294465504363,0.1233248294307712,0.7287270312656217,0.47,4647
0,0,-0.2429408352329221,0.2008486420201762,-0.2752225765349292,0.0946555228180836,0.9771144594206258,0.4847928702994897,0.7412169419044294,0.8491750977064698,0.4813100127746363,0.8230206827915816,-0.9502643714663914,-0.5987456856742244,0.1962011338498883,0.663092290116301,0.790288438450685,0.5722459227228536,0.5337252097193181,-0.031465804698737,0.2443476707967933,0.500318898726958,-0.4352570378336877,-0.0778786903089151,-0.5014184029238218,-0.2548412082069815,0.6157062619024118,-0.542808298814496,-0.2371500654597568,-0.7275424217626365,0.5227319708307125,0.7362805783978197,0.9919005127233044,0.5707915115155033,0.4663472580649483,-0.0093509182436777,-0.365279539834261,0.4696433044764692,-0.551593349964062,-0.1355768172235829,-0.9876396354543672,0.6641504857987062,-0.7939228710720099,0.9634946498099172,0.7391403442390929,-0.8936606788281696,0.930980475552067,0.2782073877972355,-0.5323857393823159,0.7412597052682703,-0.1553814754856695,0.2181552826697783,-0.6370793694048575,0.467510762703457,0.9013179415961085,0.7398209403636458,-0.6647357409201708,-0.2241747003259202,-0.3355047431798054,-0.5919145242286772,-0.0711125114872663,-0.4960318932649785,0.2109746625510653,0.7037716911926489,0.0537935717916808,0.8303258149703052,0.4509804533435262,0.812048673576113,0.3198572614335118,0.124345012376545,0.0376519653347308,0.7087405839619015,0.5301656451093854,0.536140960100225,1.0,0.2593829261412693,0.8870882546189327,0.97249395254826,0.7348827192127673,0.4072920691147256,0.7488808834007079,0.4329574939116904,0.520758368451072,0.7807922698263944,0.2563399482132428,0.584407235220781,0.2922789917140518,0.2184608124062872,0.4305793479848529,0.6665719655666714,0.7631060676838742,0.2526086367514689,0.4949213065841927,0.1394625979581518,0.2587179598102804,0.8817121444458791,0.9905015764831716,0.3309971186098161,0.4478804611036112,1.0,0.7678306439356333,0.8600993406456258,0.1542873158369688,0.9408202875659624,0.4736726969238632,0.9695247390870456,0.194822222309766,0.0105914015673661,0.8783678221648753,0.8423845224861549,0.431246573657856,0.0158823365813964,0.663617397619382,0.0001,0.6526579612370316,0.0001,0.1253678952512401,0.2375139129514696,0.8260893889220686,0.0626391947457478,0.4490630410108871,0.0015508508106696,0.0109869723160707,0.7560646495638969,0.9038154324021996,0.984222715579466,0.1310613575624606,0.0600707819629372,0.7591984402389766,0.9211889388666868,0.7486905245638826,0.6961262510434116,0.032827832435994,0.1201987497751255,0.4699238351843882,0.2935044626220946,0.7191164990204989,0.0295294465504363,0.1233248294307712,0.7287270312656217,0.47,4746
0,0,-0.2429408352329221,0.2008486420201762,-0.2752225765349292,0.0946555228180836,0.9771144594206258,0.4847928702994897,0.7412169419044294,0.8491750977064698,0.4813100127746363,0.8230206827915816,-0.9502643714663914,-0.5987456856742244,0.1962011338498883,0.663092290116301,0.790288438450685,0.5722459227228536,0.5337252097193181,-0.031465804698737,0.2443476707967933,0.500318898726958,-0.4352570378336877,-0.0778786903089151,-0.5014184029238218,-0.2548412082069815,0.6157062619024118,-0.542808298814496,-0.2371500654597568,-0.7275424217626365,0.5227319708307125,0.7362805783978197,0.9919005127233044,0.5707915115155033,0.4663472580649483,-0.0093509182436777,-0.365279539834261,0.4696433044764692,-0.551593349964062,-0.1355768172235829,-0.9876396354543672,0.6641504857987062,-0.7939228710720099,0.9634946498099172,0.7391403442390929,-0.8936606788281696,0.930980475552067,0.2782073877972355,-0.5323857393823159,0.7412597052682703,-0.1553814754856695,0.2181552826697783,-0.6370793694048575,0.467510762703457,0.9013179415961085,0.7398209403636458,-0.6647357409201708,-0.2241747003259202,-0.3355047431798054,-0.5919145242286772,-0.0711125114872663,-0.4960318932649785,0.2109746625510653,0.7037716911926489,0.0537935717916808,0.8303258149703052,0.4509804533435262,0.812048673576113,0.3198572614335118,0.124345012376545,0.0376519653347308,0.7087405839619015,0.5301656451093854,0.536140960100225,1.0,0.2593829261412693,0.8870882546189327,0.97249395254826,0.7348827192127673,0.4072920691147256,0.7488808834007079,0.4329574939116904,0.520758368451072,0.7807922698263944,0.2563399482132428,0.584407235220781,0.2922789917140518,0.2184608124062872,0.4305793479848529,0.6665719655666714,0.7631060676838742,0.2526086367514689,0.4949213065841927,0.1394625979581518,0.2587179598102804,0.8817121444458791,0.9905015764831716,0.3309971186098161,0.4478804611036112,1.0,0.7678306439356333,0.8600993406456258,0.1542873158369688,0.9408202875659624,0.4736726969238632,0.9695247390870456,0.194822222309766,0.0105914015673661,0.8783678221648753,0.8423845224861549,0.431246573657856,0.0158823365813964,0.663617397619382,0.0001,0.6526579612370316,0.0001,0.1253678952512401,0.2375139129514696,0.8260893889220686,0.0626391947457478,0.4490630410108871,0.0015508508106696,0.0109869723160707,0.7560646495638969,0.9038154324021996,0.984222715579466,0.1310613575624606,0.0600707819629372,0.7591984402389766,0.9211889388666868,0.7486905245638826,0.6961262510434116,0.032827832435994,0.1201987497751255,0.4699238351843882,0.2935044626220946,0.7191164990204989,0.0295294465504363,0.1233248294307712,0.7287270312656217,0.47,4843
0,0,-0.2429408352329221,0.2008486420201762,-0.2752225765349292,0.0946555228180836,0.9771144594206258,0.4847928702994897,0.7412169419044294,0.8491750977064698,0.4813100127746363,0.8230206827915816,-0.9502643714663914,-0.5987456856742244,0.1962011338498883,0.663092290116301,0.790288438450685,0.5722459227228536,0.5337252097193181,-0.031465804698737,0.2443476707967933,0.500318898726958,-0.4352570378336877,-0.0778786903089151,-0.5014184029238218,-0.2548412082069815,0.6157062619024118,-0.542808298814496,-0.2371500654597568,-0.7275424217626365,0.5227319708307125,0.7362805783978197,0.9919005127233044,0.5707915115155033,0.4663472580649483,-0.0093509182436777,-0.365279539834261,0.4696433044764692,-0.551593349964062,-0.1355768172235829,-0.9876396354543672,0.6641504857987062,-0.7939228710720099,0.9634946498099172,0.7391403442390929,-0.8936606788281696,0.930980475552067,0.2782073877972355,-0.5323857393823159,0.7412597052682703,-0.1553814754856695,0.2181552826697783,-0.6370793694048575,0.467510762703457,0.9013179415961085,0.7398209403636458,-0.6647357409201708,-0.2241747003259202,-0.3355047431798054,-0.5919145242286772,-0.0711125114872663,-0.4960318932649785,0.2109746625510653,0.7037716911926489,0.0537935717916808,0.8303258149703052,0.4509804533435262,0.812048673576113,0.3198572614335118,0.124345012376545,0.0376519653347308,0.7087405839619015,0.5301656451093854,0.536140960100225,1.0,0.2593829261412693,0.8870882546189327,0.97249395254826,0.7348827192127673,0.4072920691147256,0.7488808834007079,0.4329574939116904,0.520758368451072,0.7807922698263944,0.2563399482132428,0.584407235220781,0.2922789917140518,0.2184608124062872,0.4305793479848529,0.6665719655666714,0.7631060676838742,0.2526086367514689,0.4949213065841927,0.1394625979581518,0.2587179598102804,0.8817121444458791,0.9905015764831716,0.3309971186098161,0.4478804611036112,1.0,0.7678306439356333,0.8600993406456258,0.1542873158369688,0.9408202875659624,0.4736726969238632,0.9695247390870456,0.194822222309766,0.0105914015673661,0.8783678221648753,0.8423845224861549,0.431246573657856,0.0158823365813964,0.663617397619382,0.0001,0.6526579612370316,0.0001,0.1253678952512401,0.2375139129514696,0.8260893889220686,0.0626391947457478,0.4490630410108871,0.0015508508106696,0.0109869723160707,0.7560646495638969,0.9038154324021996,0.984222715579466,0.1310613575624606,0.0600707819629372,0.7591984402389766,0.9211889388666868,0.7486905245638826,0.6961262510434116,0.032827832435994,0.1201987497751255,0.4699238351843882,0.2935044626220946,0.7191164990204989,0.0295294465504363,0.1233248294307712,0.7287270312656217,0.47,4942
0,0,-0.1101230529036706,-0.424150017223276,-0.6303132707544212,-0.4697608449705719,-0.6217439863423658,0.571875796657508,0.6218765780167265,-0.8764489859866876,-0.5858134439393891,0.0407137513016887,-0.2907435910173424,0.1734440934209738,0.4772907086699013,0.0986354168024272,-0.6173435392575792,-0.6821762222367205,-0.6385754562030476,-0.0857698734329653,-0.5146333790758311,0.9041261442949882,-0.3796698772095518,0.339057096801704,-0.1937207779074922,0.4617311504470691,-0.6706521676582267,-0.0641551252340149,-0.702612837850246,0.0892633130399824,-0.439313826715451,0.469557144356454,-0.3225858239581849,-0.2289031670762377,0.3810262594346582,0.076466177472879,-0.1838864140243153,-0.7333545133840583,0.6162218693763841,-0.3591140164307703,0.8836010701659932,-0.1654124571187926,-0.4090118020060557,0.2722401538668749,-0.0332045970724912,0.7701056137262937,-0.5508380609669202,0.1239451013122143,-0.2432245120050269,-0.2816810476826239,0.635505742133033,-0.6959319294919426,-0.8933227969049231,0.4748508219165471,-0.5525997657025182,0.1853118069422132,0.619993674779586,0.4294838333789323,-0.8691567976535298,-0.1375051780840546,0.0041841270397859,0.3271567432334729,0.306165449326883,0.892403403376745,0.8426911947150908,0.7937141931661963,0.9018961032357912,0.8570883757999315,0.5508694838002564,0.2515488385916058,0.3216134303329642,0.2271659814428188,0.5186465384967095,0.5886657864509747,0.9647300237911016,0.4388027386716029,0.5774011535209113,0.1046350382368782,0.8615687660528603,0.3969674683579419,0.2570283217514106,0.4253891842719318,0.9136019030263494,0.1621469926494834,0.2973874097471873,0.9021610387264912,0.2065665851783678,0.8453471081741601,0.2851193070405085,0.4423502431573334,0.8780600186109426,0.2618367253346696,0.433237425619945,0.8680336653695949,0.8772404759851335,0.6992490574613905,0.1964077854468074,0.9236913126608914,0.72992414614815,0.1808586652524497,0.874385684495183,0.5397387649253219,0.6389071876092722,0.4700260860537177,0.2547564492197468,0.5724652083116323,0.7361527958390471,0.3538049704517992,0.4953906030699105,0.4584693436045057,0.1353340602506002,0.0330965084147406,0.4889204724940124,0.271700927358414,0.7473545381759785,0.2594301798913919,0.3903275951931422,0.1547225455553515,0.4385005535490522,0.1683605476679391,0.4830373330906404,0.7071126150991371,0.0173994654672878,0.5280094576843024,0.6263462175714541,0.6131563560942236,0.2468829534082172,0.8213191028020929,0.1860144358402011,0.9590175681418174,0.5039148022661786,0.6399785515364641,0.2886227773398557,0.0522579745023996,0.4463192342603647,0.5068702459889598,0.693024651230897,0.1879582775966651,0.6168508372056435,0.3356091024328,0.49,498
0,0,-0.2429408352329221,0.2008486420201762,-0.2752225765349292,0.0946555228180836,0.9771144594206258,0.4847928702994897,0.7412169419044294,0.8491750977064698,0.4813100127746363,0.8230206827915816,-0.9502643714663914,-0.5987456856742244,0.1962011338498883,0.663092290116301,0.790288438450685,0.5722459227228536,0.5337252097193181,-0.031465804698737,0.2443476707967933,0.500318898726958,-0.4352570378336877,-0.0778786903089151,-0.5014184029238218,-0.2548412082069815,0.6157062619024118,-0.542808298814496,-0.2371500654597568,-0.7275424217626365,0.5227319708307125,0.7362805783978197,0.9919005127233044,0.5707915115155033,0.4663472580649483,-0.0093509182436777,-0.365279539834261,0.4696433044764692,-0.551593349964062,-0.1355768172235829,-0.9876396354543672,0.6641504857987062,-0.7939228710720099,0.9634946498099172,0.7391403442390929,-0.8936606788281696,0.930980475552067,0.2782073877972355,-0.5323857393823159,0.7412597052682703,-0.1553814754856695,0.2181552826697783,-0.6370793694048575,0.467510762703457,0.9013179415961085,0.7398209403636458,-0.6647357409201708,-0.2241747003259202,-0.3355047431798054,-0.5919145242286772,-0.0711125114872663,-0.4960318932649785,0.2109746625510653,0.7037716911926489,0.0537935717916808,0.8303258149703052,0.4509804533435262,0.812048673576113,0.3198572614335118,0.124345012376545,0.0376519653347308,0.7087405839619015,0.5301656451093854,0.536140960100225,1.0,0.2593829261412693,0.8870882546189327,0.97249395254826,0.7348827192127673,0.4072920691147256,0.7488808834007079,0.4329574939116904,0.520758368451072,0.7807922698263944,0.2563399482132428,0.584407235220781,0.2922789917140518,0.2184608124062872,0.4305793479848529,0.6665719655666714,0.7631060676838742,0.2526086367514689,0.4949213065841927,0.1394625979581518,0.2587179598102804,0.8817121444458791,0.9905015764831716,0.3309971186098161,0.4478804611036112,1.0,0.7678306439356333,0.8600993406456258,0.1542873158369688,0.9408202875659624,0.4736726969238632,0.9695247390870456,0.194822222309766,0.0105914015673661,0.8783678221648753,0.8423845224861549,0.431246573657856,0.0158823365813964,0.663617397619382,0.0001,0.6526579612370316,0.0001,0.1253678952512401,0.2375139129514696,0.8260893889220686,0.0626391947457478,0.4490630410108871,0.0015508508106696,0.0109869723160707,0.7560646495638969,0.9038154324021996,0.984222715579466,0.1310613575624606,0.0600707819629372,0.7591984402389766,0.9211889388666868,0.7486905245638826,0.6961262510434116,0.032827832435994,0.1201987497751255,0.4699238351843882,0.2935044626220946,0.7191164990204989,0.0295294465504363,0.1233248294307712,0.7287270312656217,0.47,5036
0,0,-0.2429408352329221,0.2008486420201762,-0.2752225765349292,0.0946555228180836,0.9771144594206258,0.4847928702994897,0.7412169419044294,0.8491750977064698,0.4813100127746363,0.8230206827915816,-0.9502643714663914,-0.5987456856742244,0.1962011338498883,0.663092290116301,0.790288438450685,0.5722459227228536,0.5337252097193181,-0.031465804698737,0.2443476707967933,0.500318898726958,-0.4352570378336877,-0.0778786903089151,-0.5014184029238218,-0.2548412082069815,0.6157062619024118,-0.542808298814496,-0.2371500654597568,-0.7275424217626365,0.5227319708307125,0.7362805783978197,0.9919005127233044,0.5707915115155033,0.4663472580649483,-0.0093509182436777,-0.365279539834261,0.4696433044764692,-0.551593349964062,-0.1355768172235829,-0.9876396354543672,0.6641504857987062,-0.7939228710720099,0.9634946498099172,0.7391403442390929,-0.8936606788281696,0.930980475552067,0.2782073877972355,-0.5323857393823159,0.7412597052682703,-0.1553814754856695,0.2181552826697783,-0.6370793694048575,0.467510762703457,0.9013179415961085,0.7398209403636458,-0.6647357409201708,-0.2241747003259202,-0.3355047431798054,-0.5919145242286772,-0.0711125114872663,-0.4960318932649785,0.2109746625510653,0.7037716911926489,0.0537935717916808,0.8303258149703052,0.4509804533435262,0.812048673576113,0.3198572614335118,0.124345012376545,0.0376519653347308,0.7087405839619015,0.5301656451093854,0.536140960100225,1.0,0.2593829261412693,0.8870882546189327,0.97249395254826,0.7348827192127673,0.4072920691147256,0.7488808834007079,0.4329574939116904,0.520758368451072,0.7807922698263944,0.2563399482132428,0.584407235220781,0.2922789917140518,0.2184608124062872,0.4305793479848529,0.6665719655666714,0.7631060676838742,0.2526086367514689,0.4949213065841927,0.1394625979581518,0.2587179598102804,0.8817121444458791,0.9905015764831716,0.3309971186098161,0.4478804611036112,1.0,0.7678306439356333,0.8600993406456258,0.1542873158369688,0.9408202875659624,0.4736726969238632,0.9695247390870456,0.194822222309766,0.0105914015673661,0.8783678221648753,0.8423845224861549,0.431246573657856,0.0158823365813964,0.663617397619382,0.0001,0.6526579612370316,0.0001,0.1253678952512401,0.2375139129514696,0.8260893889220686,0.0626391947457478,0.4490630410108871,0.0015508508106696,0.0109869723160707,0.7560646495638969,0.9038154324021996,0.984222715579466,0.1310613575624606,0.0600707819629372,0.7591984402389766,0.9211889388666868,0.7486905245638826,0.6961262510434116,0.032827832435994,0.1201987497751255,0.4699238351843882,0.2935044626220946,0.7191164990204989,0.0295294465504363,0.1233248294307712,0.7287270312656217,0.47,5134
0,0,-0.2429408352329221,0.2008486420201762,-0.2752225765349292,0.0946555228180836,0.9771144594206258,0.4847928702994897,0.7412169419044294,0.8491750977064698,0.4813100127746363,0.8230206827915816,-0.9502643714663914,-0.5987456856742244,0.1962011338498883,0.663092290116301,0.790288438450685,0.5722459227228536,0.5337252097193181,-0.031465804698737,0.2443476707967933,0.500318898726958,-0.4352570378336877,-0.0778786903089151,-0.5014184029238218,-0.2548412082069815,0.6157062619024118,-0.542808298814496,-0.2371500654597568,-0.7275424217626365,0.5227319708307125,0.7362805783978197,0.9919005127233044,0.5707915115155033,0.4663472580649483,-0.0093509182436777,-0.365279539834261,0.4696433044764692,-0.551593349964062,-0.1355768172235829,-0.9876396354543672,0.6641504857987062,-0.7939228710720099,0.9634946498099172,0.7391403442390929,-0.8936606788281696,0.930980475552067,0.2782073877972355,-0.5323857393823159,0.7412597052682703,-0.1553814754856695,0.2181552826697783,-0.6370793694048575,0.467510762703457,0.9013179415961085,0.7398209403636458,-0.6647357409201708,-0.2241747003259202,-0.3355047431798054,-0.5919145242286772,-0.0711125114872663,-0.4960318932649785,0.2109746625510653,0.7037716911926489,0.0537935717916808,0.8303258149703052,0.4509804533435262,0.812048673576113,0.3198572614335118,0.124345012376545,0.0376519653347308,0.7087405839619015,0.5301656451093854,0.536140960100225,1.0,0.2593829261412693,0.8870882546189327,0.97249395254826,0.7348827192127673,0.4072920691147256,0.7488808834007079,0.4329574939116904,0.520758368451072,0.7807922698263944,0.2563399482132428,0.584407235220781,0.2922789917140518,0.2184608124062872,0.4305793479848529,0.6665719655666714,0.7631060676838742,0.2526086367514689,0.4949213065841927,0.1394625979581518,0.2587179598102804,0.8817121444458791,0.9905015764831716,0.3309971186098161,0.4478804611036112,1.0,0.7678306439356333,0.8600993406456258,0.1542873158369688,0.9408202875659624,0.4736726969238632,0.9695247390870456,0.194822222309766,0.0105914015673661,0.8783678221648753,0.8423845224861549,0.431246573657856,0.0158823365813964,0.663617397619382,0.0001,0.6526579612370316,0.0001,0.1253678952512401,0.2375139129514696,0.8260893889220686,0.0626391947457478,0.4490630410108871,0.0015508508106696,0.0109869723160707,0.7560646495638969,0.9038154324021996,0.984222715579466,0.1310613575624606,0.0600707819629372,0.7591984402389766,0.9211889388666868,0.7486905245638826,0.6961262510434116,0.032827832435994,0.1201987497751255,0.4699238351843882,0.2935044626220946,0.7191164990204989,0.0295294465504363,0.1233248294307712,0.7287270312656217,0.47,5228
0,0,-0.2429408352329221,0.2008486420201762,-0.2752225765349292,0.0946555228180836,0.9771144594206258,0.4847928702994897,0.7412169419044294,0.8491750977064698,0.4813100127746363,0.8230206827915816,-0.9502643714663914,-0.5987456856742244,0.1962011338498883,0.663092290116301,0.790288438450685,0.5722459227228536,0.5337252097193181,-0.031465804698737,0.2443476707967933,0.500318898726958,-0.4352570378336877,-0.0778786903089151,-0.5014184029238218,-0.2548412082069815,0.6157062619024118,-0.542808298814496,-0.2371500654597568,-0.7275424217626365,0.5227319708307125,0.7362805783978197,0.9919005127233044,0.5707915115155033,0.4663472580649483,-0.0093509182436777,-0.365279539834261,0.4696433044764692,-0.551593349964062,-0.1355768172235829,-0.9876396354543672,0.6641504857987062,-0.7939228710720099,0.9634946498099172,0.7391403442390929,-0.8936606788281696,0.930980475552067,0.2782073877972355,-0.5323857393823159,0.7412597052682703,-0.1553814754856695,0.2181552826697783,-0.6370793694048575,0.467510762703457,0.9013179415961085,0.7398209403636458,-0.6647357409201708,-0.2241747003259202,-0.3355047431798054,-0.5919145242286772,-0.0711125114872663,-0.4960318932649785,0.2109746625510653,0.7037716911926489,0.0537935717916808,0.8303258149703052,0.4509804533435262,0.812048673576113,0.3198572614335118,0.124345012376545,0.0376519653347308,0.7087405839619015,0.5301656451093854,0.536140960100225,1.0,0.2593829261412693,0.8870882546189327,0.97249395254826,0.7348827192127673,0.4072920691147256,0.7488808834007079,0.4329574939116904,0.520758368451072,0.7807922698263944,0.2563399482132428,0.584407235220781,0.2922789917140518,0.2184608124062872,0.4305793479848529,0.6665719655666714,0.7631060676838742,0.2526086367514689,0.4949213065841927,0.1394625979581518,0.2587179598102804,0.8817121444458791,0.9905015764831716,0.3309971186098161,0.4478804611036112,1.0,0.7678306439356333,0.8600993406456258,0.1542873158369688,0.9408202875659624,0.4736726969238632,0.9695247390870456,0.194822222309766,0.0105914015673661,0.8783678221648753,0.8423845224861549,0.431246573657856,0.0158823365813964,0.663617397619382,0.0001,0.6526579612370316,0.0001,0.1253678952512401,0.2375139129514696,0.8260893889220686,0.0626391947457478,0.4490630410108871,0.0015508508106696,0.0109869723160707,0.7560646495638969,0.9038154324021996,0.984222715579466,0.1310613575624606,0.0600707819629372,0.7591984402389766,0.9211889388666868,0.7486905245638826,0.6961262510434116,0.032827832435994,0.1201987497751255,0.4699238351843882,0.2935044626220946,0.7191164990204989,0.0295294465504363,0.1233248294307712,0.7287270312656217,0.47,5329
0,0,-0.2429408352329221,0.2008486420201762,-0.2752225765349292,0.0946555228180836,0.9771144594206258,0.4847928702994897,0.7412169419044294,0.8491750977064698,0.4813100127746363,0.8230206827915816,-0.9502643714663914,-0.5987456856742244,0.1962011338498883,0.663092290116301,0.790288438450685,0.5722459227228536,0.5337252097193181,-0.031465804698737,0.2443476707967933,0.500318898726958,-0.4352570378336877,-0.0778786903089151,-0.5014184029238218,-0.2548412082069815,0.6157062619024118,-0.542808298814496,-0.2371500654597568,-0.7275424217626365,0.5227319708307125,0.7362805783978197,0.9919005127233044,0.5707915115155033,0.4663472580649483,-0.0093509182436777,-0.365279539834261,0.4696433044764692,-0.551593349964062,-0.1355768172235829,-0.9876396354543672,0.6641504857987062,-0.7939228710720099,0.9634946498099172,0.7391403442390929,-0.8936606788281696,0.930980475552067,0.2782073877972355,-0.5323857393823159,0.7412597052682703,-0.1553814754856695,0.2181552826697783,-0.6370793694048575,0.467510762703457,0.9013179415961085,0.7398209403636458,-0.6647357409201708,-0.2241747003259202,-0.3355047431798054,-0.5919145242286772,-0.0711125114872663,-0.4960318932649785,0.2109746625510653,0.7037716911926489,0.0537935717916808,0.8303258149703052,0.4509804533435262,0.812048673576113,0.3198572614335118,0.124345012376545,0.0376519653347308,0.7087405839619015,0.5301656451093854,0.536140960100225,1.0,0.2593829261412693,0.8870882546189327,0.97249395254826,0.7348827192127673,0.4072920691147256,0.7488808834007079,0.4329574939116904,0.520758368451072,0.7807922698263944,0.2563399482132428,0.584407235220781,0.2922789917140518,0.2184608124062872,0.4305793479848529,0.6665719655666714,0.7631060676838742,0.2526086367514689,0.4949213065841927,0.1394625979581518,0.2587179598102804,0.8817121444458791,0.9905015764831716,0.3309971186098161,0.4478804611036112,1.0,0.7678306439356333,0.8600993406456258,0.1542873158369688,0.9408202875659624,0.4736726969238632,0.9695247390870456,0.194822222309766,0.0105914015673661,0.8783678221648753,0.8423845224861549,0.431246573657856,0.0158823365813964,0.663617397619382,0.0001,0.6526579612370316,0.0001,0.1253678952512401,0.2375139129514696,0.8260893889220686,0.0626391947457478,0.4490630410108871,0.0015508508106696,0.0109869723160707,0.7560646495638969,0.9038154324021996,0.984222715579466,0.1310613575624606,0.0600707819629372,0.7591984402389766,0.9211889388666868,0.7486905245638826,0.6961262510434116,0.032827832435994,0.1201987497751255,0.4699238351843882,0.2935044626220946,0.7191164990204989,0.0295294465504363,0.1233248294307712,0.7287270312656217,0.47,5424
0,0,-0.2429408352329221,0.2008486420201762,-0.2752225765349292,0.0946555228180836,0.9771144594206258,0.4847928702994897,0.7412169419044294,0.8491750977064698,0.4813100127746363,0.8230206827915816,-0.9502643714663914,-0.5987456856742244,0.1962011338498883,0.663092290116301,0.790288438450685,0.5722459227228536,0.5337252097193181,-0.031465804698737,0.2443476707967933,0.500318898726958,-0.4352570378336877,-0.0778786903089151,-0.5014184029238218,-0.2548412082069815,0.6157062619024118,-0.542808298814496,-0.2371500654597568,-0.7275424217626365,0.5227319708307125,0.7362805783978197,0.9919005127233044,0.5707915115155033,0.4663472580649483,-0.0093509182436777,-0.365279539834261,0.4696433044764692,-0.551593349964062,-0.1355768172235829,-0.9876396354543672,0.6641504857987062,-0.7939228710720099,0.9634946498099172,0.7391403442390929,-0.8936606788281696,0.930980475552067,0.2782073877972355,-0.5323857393823159,0.7412597052682703,-0.1553814754856695,0.2181552826697783,-0.6370793694048575,0.467510762703457,0.9013179415961085,0.7398209403636458,-0.6647357409201708,-0.2241747003259202,-0.3355047431798054,-0.5919145242286772,-0.0711125114872663,-0.4960318932649785,0.2109746625510653,0.7037716911926489,0.0537935717916808,0.8303258149703052,0.4509804533435262,0.812048673576113,0.3198572614335118,0.124345012376545,0.0376519653347308,0.7087405839619015,0.5301656451093854,0.536140960100225,1.0,0.2593829261412693,0.8870882546189327,0.97249395254826,0.7348827192127673,0.4072920691147256,0.7488808834007079,0.4329574939116904,0.520758368451072,0.7807922698263944,0.2563399482132428,0.584407235220781,0.2922789917140518,0.2184608124062872,0.4305793479848529,0.6665719655666714,0.7631060676838742,0.2526086367514689,0.4949213065841927,0.1394625979581518,0.2587179598102804,0.8817121444458791,0.9905015764831716,0.3309971186098161,0.4478804611036112,1.0,0.7678306439356333,0.8600993406456258,0.1542873158369688,0.9408202875659624,0.4736726969238632,0.9695247390870456,0.194822222309766,0.0105914015673661,0.8783678221648753,0.8423845224861549,0.431246573657856,0.0158823365813964,0.663617397619382,0.0001,0.6526579612370316,0.0001,0.1253678952512401,0.2375139129514696,0.8260893889220686,0.0626391947457478,0.4490630410108871,0.0015508508106696,0.0109869723160707,0.7560646495638969,0.9038154324021996,0.984222715579466,0.1310613575624606,0.0600707819629372,0.7591984402389766,0.9211889388666868,0.7486905245638826,0.6961262510434116,0.032827832435994,0.1201987497751255,0.4699238351843882,0.2935044626220946,0.7191164990204989,0.0295294465504363,0.1233248294307712,0.7287270312656217,0.47,5517
0,0,-0.2429408352329221,0.2008486420201762,-0.2752225765349292,0.0946555228180836,0.9771144594206258,0.4847928702994897,0.7412169419044294,0.8491750977064698,0.4813100127746363,0.8230206827915816,-0.9502643714663914,-0.5987456856742244,0.1962011338498883,0.663092290116301,0.790288438450685,0.5722459227228536,0.5337252097193181,-0.031465804698737,0.2443476707967933,0.500318898726958,-0.4352570378336877,-0.0778786903089151,-0.5014184029238218,-0.2548412082069815,0.6157062619024118,-0.542808298814496,-0.2371500654597568,-0.7275424217626365,0.5227319708307125,0.7362805783978197,0.9919005127233044,0.5707915115155033,0.4663472580649483,-0.0093509182436777,-0.365279539834261,0.4696433044764692,-0.551593349964062,-0.1355768172235829,-0.9876396354543672,0.6641504857987062,-0.7939228710720099,0.9634946498099172,0.7391403442390929,-0.8936606788281696,0.930980475552067,0.2782073877972355,-0.5323857393823159,0.7412597052682703,-0.1553814754856695,0.2181552826697783,-0.6370793694048575,0.467510762703457,0.9013179415961085,0.7398209403636458,-0.6647357409201708,-0.2241747003259202,-0.3355047431798054,-0.5919145242286772,-0.0711125114872663,-0.4960318932649785,0.2109746625510653,0.7037716911926489,0.0537935717916808,0.8303258149703052,0.4509804533435262,0.812048673576113,0.3198572614335118,0.124345012376545,0.0376519653347308,0.7087405839619015,0.5301656451093854,0.536140960100225,1.0,0.2593829261412693,0.8870882546189327,0.97249395254826,0.7348827192127673,0.4072920691147256,0.7488808834007079,0.4329574939116904,0.520758368451072,0.7807922698263944,0.2563399482132428,0.584407235220781,0.2922789917140518,0.2184608124062872,0.4305793479848529,0.6665719655666714,0.7631060676838742,0.2526086367514689,0.4949213065841927,0.1394625979581518,0.2587179598102804,0.8817121444458791,0.9905015764831716,0.3309971186098161,0.4478804611036112,1.0,0.7678306439356333,0.8600993406456258,0.1542873158369688,0.9408202875659624,0.4736726969238632,0.9695247390870456,0.194822222309766,0.0105914015673661,0.8783678221648753,0.8423845224861549,0.431246573657856,0.0158823365813964,0.663617397619382,0.0001,0.6526579612370316,0.0001,0.1253678952512401,0.2375139129514696,0.8260893889220686,0.0626391947457478,0.4490630410108871,0.0015508508106696,0.0109869723160707,0.7560646495638969,0.9038154324021996,0.984222715579466,0.1310613575624606,0.0600707819629372,0.7591984402389766,0.9211889388666868,0.7486905245638826,0.6961262510434116,0.032827832435994,0.1201987497751255,0.4699238351843882,0.2935044626220946,0.7191164990204989,0.0295294465504363,0.1233248294307712,0.7287270312656217,0.47,5616
0,0,-0.2429408352329221,0.2008486420201762,-0.2752225765349292,0.0946555228180836,0.9771144594206258,0.4847928702994897,0.7412169419044294,0.8491750977064698,0.4813100127746363,0.8230206827915816,-0.9502643714663914,-0.5987456856742244,0.1962011338498883,0.663092290116301,0.790288438450685,0.5722459227228536,0.5337252097193181,-0.031465804698737,0.2443476707967933,0.500318898726958,-0.4352570378336877,-0.0778786903089151,-0.5014184029238218,-0.2548412082069815,0.6157062619024118,-0.542808298814496,-0.2371500654597568,-0.7275424217626365,0.5227319708307125,0.7362805783978197,0.9919005127233044,0.5707915115155033,0.4663472580649483,-0.0093509182436777,-0.365279539834261,0.4696433044764692,-0.551593349964062,-0.1355768172235829,-0.9876396354543672,0.6641504857987062,-0.7939228710720099,0.9634946498099172,0.7391403442390929,-0.8936606788281696,0.930980475552067,0.2782073877972355,-0.5323857393823159,0.7412597052682703,-0.1553814754856695,0.2181552826697783,-0.6370793694048575,0.467510762703457,0.9013179415961085,0.7398209403636458,-0.6647357409201708,-0.2241747003259202,-0.3355047431798054,-0.5919145242286772,-0.0711125114872663,-0.4960318932649785,0.2109746625510653,0.7037716911926489,0.0537935717916808,0.8303258149703052,0.4509804533435262,0.812048673576113,0.3198572614335118,0.124345012376545,0.0376519653347308,0.7087405839619015,0.5301656451093854,0.536140960100225,1.0,0.2593829261412693,0.8870882546189327,0.97249395254826,0.7348827192127673,0.4072920691147256,0.7488808834007079,0.4329574939116904,0.520758368451072,0.7807922698263944,0.2563399482132428,0.584407235220781,0.2922789917140518,0.2184608124062872,0.4305793479848529,0.6665719655666714,0.7631060676838742,0.2526086367514689,0.4949213065841927,0.1394625979581518,0.2587179598102804,0.8817121444458791,0.9905015764831716,0.3309971186098161,0.4478804611036112,1.0,0.7678306439356333,0.8600993406456258,0.1542873158369688,0.9408202875659624,0.4736726969238632,0.9695247390870456,0.194822222309766,0.0105914015673661,0.8783678221648753,0.8423845224861549,0.431246573657856,0.0158823365813964,0.663617397619382,0.0001,0.6526579612370316,0.0001,0.1253678952512401,0.2375139129514696,0.8260893889220686,0.0626391947457478,0.4490630410108871,0.0015508508106696,0.0109869723160707,0.7560646495638969,0.9038154324021996,0.984222715579466,0.1310613575624606,0.0600707819629372,0.7591984402389766,0.9211889388666868,0.7486905245638826,0.6961262510434116,0.032827832435994,0.1201987497751255,0.4699238351843882,0.2935044626220946,0.7191164990204989,0.0295294465504363,0.1233248294307712,0.7287270312656217,0.47,5710
0,0,-0.2429408352329221,0.2008486420201762,-0.2752225765349292,0.0946555228180836,0.9771144594206258,0.4847928702994897,0.7412169419044294,0.8491750977064698,0.4813100127746363,0.8230206827915816,-0.9502643714663914,-0.5987456856742244,0.1962011338498883,0.663092290116301,0.790288438450685,0.5722459227228536,0.5337252097193181,-0.031465804698737,0.2443476707967933,0.500318898726958,-0.4352570378336877,-0.0778786903089151,-0.5014184029238218,-0.2548412082069815,0.6157062619024118,-0.542808298814496,-0.2371500654597568,-0.7275424217626365,0.5227319708307125,0.7362805783978197,0.9919005127233044,0.5707915115155033,0.4663472580649483,-0.0093509182436777,-0.365279539834261,0.4696433044764692,-0.551593349964062,-0.1355768172235829,-0.9876396354543672,0.6641504857987062,-0.7939228710720099,0.9634946498099172,0.7391403442390929,-0.8936606788281696,0.930980475552067,0.2782073877972355,-0.5323857393823159,0.7412597052682703,-0.1553814754856695,0.2181552826697783,-0.6370793694048575,0.467510762703457,0.9013179415961085,0.7398209403636458,-0.6647357409201708,-0.2241747003259202,-0.3355047431798054,-0.5919145242286772,-0.0711125114872663,-0.4960318932649785,0.2109746625510653,0.7037716911926489,0.0537935717916808,0.8303258149703052,0.4509804533435262,0.812048673576113,0.3198572614335118,0.124345012376545,0.0376519653347308,0.7087405839619015,0.5301656451093854,0.536140960100225,1.0,0.2593829261412693,0.8870882546189327,0.97249395254826,0.7348827192127673,0.4072920691147256,0.7488808834007079,0.4329574939116904,0.520758368451072,0.7807922698263944,0.2563399482132428,0.584407235220781,0.2922789917140518,0.2184608124062872,0.4305793479848529,0.6665719655666714,0.7631060676838742,0.2526086367514689,0.4949213065841927,0.1394625979581518,0.2587179598102804,0.8817121444458791,0.9905015764831716,0.3309971186098161,0.4478804611036112,1.0,0.7678306439356333,0.8600993406456258,0.1542873158369688,0.9408202875659624,0.4736726969238632,0.9695247390870456,0.194822222309766,0.0105914015673661,0.8783678221648753,0.8423845224861549,0.431246573657856,0.0158823365813964,0.663617397619382,0.0001,0.6526579612370316,0.0001,0.1253678952512401,0.2375139129514696,0.8260893889220686,0.0626391947457478,0.4490630410108871,0.0015508508106696,0.0109869723160707,0.7560646495638969,0.9038154324021996,0.984222715579466,0.1310613575624606,0.0600707819629372,0.7591984402389766,0.9211889388666868,0.7486905245638826,0.6961262510434116,0.032827832435994,0.1201987497751255,0.4699238351843882,0.2935044626220946,0.7191164990204989,0.0295294465504363,0.1233248294307712,0.7287270312656217,0.47,5806
0,0,-0.2429408352329221,0.2008486420201762,-0.2752225765349292,0.0946555228180836,0.9771144594206258,0.4847928702994897,0.7412169419044294,0.8491750977064698,0.4813100127746363,0.8230206827915816,-0.9502643714663914,-0.5987456856742244,0.1962011338498883,0.663092290116301,0.790288438450685,0.5722459227228536,0.5337252097193181,-0.031465804698737,0.2443476707967933,0.500318898726958,-0.4352570378336877,-0.0778786903089151,-0.5014184029238218,-0.2548412082069815,0.6157062619024118,-0.542808298814496,-0.2371500654597568,-0.7275424217626365,0.5227319708307125,0.7362805783978197,0.9919005127233044,0.5707915115155033,0.4663472580649483,-0.0093509182436777,-0.365279539834261,0.4696433044764692,-0.551593349964062,-0.1355768172235829,-0.9876396354543672,0.6641504857987062,-0.7939228710720099,0.9634946498099172,0.7391403442390929,-0.8936606788281696,0.930980475552067,0.2782073877972355,-0.5323857393823159,0.7412597052682703,-0.1553814754856695,0.2181552826697783,-0.6370793694048575,0.467510762703457,0.9013179415961085,0.7398209403636458,-0.6647357409201708,-0.2241747003259202,-0.3355047431798054,-0.5919145242286772,-0.0711125114872663,-0.4960318932649785,0.2109746625510653,0.7037716911926489,0.0537935717916808,0.8303258149703052,0.4509804533435262,0.812048673576113,0.3198572614335118,0.124345012376545,0.0376519653347308,0.7087405839619015,0.5301656451093854,0.536140960100225,1.0,0.2593829261412693,0.8870882546189327,0.97249395254826,0.7348827192127673,0.4072920691147256,0.7488808834007079,0.4329574939116904,0.520758368451072,0.7807922698263944,0.2563399482132428,0.584407235220781,0.2922789917140518,0.2184608124062872,0.4305793479848529,0.6665719655666714,0.7631060676838742,0.2526086367514689,0.4949213065841927,0.1394625979581518,0.2587179598102804,0.8817121444458791,0.9905015764831716,0.3309971186098161,0.4478804611036112,1.0,0.7678306439356333,0.8600993406456258,0.1542873158369688,0.9408202875659624,0.4736726969238632,0.9695247390870456,0.194822222309766,0.0105914015673661,0.8783678221648753,0.8423845224861549,0.431246573657856,0.0158823365813964,0.663617397619382,0.0001,0.6526579612370316,0.0001,0.1253678952512401,0.2375139129514696,0.8260893889220686,0.0626391947457478,0.4490630410108871,0.0015508508106696,0.0109869723160707,0.7560646495638969,0.9038154324021996,0.984222715579466,0.1310613575624606,0.0600707819629372,0.7591984402389766,0.9211889388666868,0.7486905245638826,0.6961262510434116,0.032827832435994,0.1201987497751255,0.4699238351843882,0.2935044626220946,0.7191164990204989,0.0295294465504363,0.1233248294307712,0.7287270312656217,0.47,5906
0,0,-0.2429408352329221,0.2008486420201762,-0.2752225765349292,0.0946555228180836,0.9771144594206258,0.4847928702994897,0.7412169419044294,0.8491750977064698,0.4813100127746363,0.8230206827915816,-0.9502643714663914,-0.5987456856742244,0.1962011338498883,0.663092290116301,0.790288438450685,0.5722459227228536,0.5337252097193181,-0.031465804698737,0.2443476707967933,0.500318898726958,-0.4352570378336877,-0.0778786903089151,-0.5014184029238218,-0.2548412082069815,0.6157062619024118,-0.542808298814496,-0.2371500654597568,-0.7275424217626365,0.5227319708307125,0.7362805783978197,0.9919005127233044,0.5707915115155033,0.4663472580649483,-0.0093509182436777,-0.365279539834261,0.4696433044764692,-0.551593349964062,-0.1355768172235829,-0.9876396354543672,0.6641504857987062,-0.7939228710720099,0.9634946498099172,0.7391403442390929,-0.8936606788281696,0.930980475552067,0.2782073877972355,-0.5323857393823159,0.7412597052682703,-0.1553814754856695,0.2181552826697783,-0.6370793694048575,0.467510762703457,0.9013179415961085,0.7398209403636458,-0.6647357409201708,-0.2241747003259202,-0.3355047431798054,-0.5919145242286772,-0.0711125114872663,-0.4960318932649785,0.2109746625510653,0.7037716911926489,0.0537935717916808,0.8303258149703052,0.4509804533435262,0.812048673576113,0.3198572614335118,0.124345012376545,0.0376519653347308,0.7087405839619015,0.5301656451093854,0.536140960100225,1.0,0.2593829261412693,0.8870882546189327,0.97249395254826,0.7348827192127673,0.4072920691147256,0.7488808834007079,0.4329574939116904,0.520758368451072,0.7807922698263944,0.2563399482132428,0.584407235220781,0.2922789917140518,0.2184608124062872,0.4305793479848529,0.6665719655666714,0.7631060676838742,0.2526086367514689,0.4949213065841927,0.1394625979581518,0.2587179598102804,0.8817121444458791,0.9905015764831716,0.3309971186098161,0.4478804611036112,1.0,0.7678306439356333,0.8600993406456258,0.1542873158369688,0.9408202875659624,0.4736726969238632,0.9695247390870456,0.194822222309766,0.0105914015673661,0.8783678221648753,0.8423845224861549,0.431246573657856,0.0158823365813964,0.663617397619382,0.0001,0.6526579612370316,0.0001,0.1253678952512401,0.2375139129514696,0.8260893889220686,0.0626391947457478,0.4490630410108871,0.0015508508106696,0.0109869723160707,0.7560646495638969,0.9038154324021996,0.984222715579466,0.1310613575624606,0.0600707819629372,0.7591984402389766,0.9211889388666868,0.7486905245638826,0.6961262510434116,0.032827832435994,0.1201987497751255,0.4699238351843882,0.2935044626220946,0.7191164990204989,0.0295294465504363,0.1233248294307712,0.7287270312656217,0.47,596
0,0,-0.2429408352329221,0.2008486420201762,-0.2752225765349292,0.0946555228180836,0.9771144594206258,0.4847928702994897,0.7412169419044294,0.8491750977064698,0.4813100127746363,0.8230206827915816,-0.9502643714663914,-0.5987456856742244,0.1962011338498883,0.663092290116301,0.790288438450685,0.5722459227228536,0.5337252097193181,-0.031465804698737,0.2443476707967933,0.500318898726958,-0.4352570378336877,-0.0778786903089151,-0.5014184029238218,-0.2548412082069815,0.6157062619024118,-0.542808298814496,-0.2371500654597568,-0.7275424217626365,0.5227319708307125,0.7362805783978197,0.9919005127233044,0.5707915115155033,0.4663472580649483,-0.0093509182436777,-0.365279539834261,0.4696433044764692,-0.551593349964062,-0.1355768172235829,-0.9876396354543672,0.6641504857987062,-0.7939228710720099,0.9634946498099172,0.7391403442390929,-0.8936606788281696,0.930980475552067,0.2782073877972355,-0.5323857393823159,0.7412597052682703,-0.1553814754856695,0.2181552826697783,-0.6370793694048575,0.467510762703457,0.9013179415961085,0.7398209403636458,-0.6647357409201708,-0.2241747003259202,-0.3355047431798054,-0.5919145242286772,-0.0711125114872663,-0.4960318932649785,0.2109746625510653,0.7037716911926489,0.0537935717916808,0.8303258149703052,0.4509804533435262,0.812048673576113,0.3198572614335118,0.124345012376545,0.0376519653347308,0.7087405839619015,0.5301656451093854,0.536140960100225,1.0,0.2593829261412693,0.8870882546189327,0.97249395254826,0.7348827192127673,0.4072920691147256,0.7488808834007079,0.4329574939116904,0.520758368451072,0.7807922698263944,0.2563399482132428,0.584407235220781,0.2922789917140518,0.2184608124062872,0.4305793479848529,0.6665719655666714,0.7631060676838742,0.2526086367514689,0.4949213065841927,0.1394625979581518,0.2587179598102804,0.8817121444458791,0.9905015764831716,0.3309971186098161,0.4478804611036112,1.0,0.7678306439356333,0.8600993406456258,0.1542873158369688,0.9408202875659624,0.4736726969238632,0.9695247390870456,0.194822222309766,0.0105914015673661,0.8783678221648753,0.8423845224861549,0.431246573657856,0.0158823365813964,0.663617397619382,0.0001,0.6526579612370316,0.0001,0.1253678952512401,0.2375139129514696,0.8260893889220686,0.0626391947457478,0.4490630410108871,0.0015508508106696,0.0109869723160707,0.7560646495638969,0.9038154324021996,0.984222715579466,0.1310613575624606,0.0600707819629372,0.7591984402389766,0.9211889388666868,0.7486905245638826,0.6961262510434116,0.032827832435994,0.1201987497751255,0.4699238351843882,0.2935044626220946,0.7191164990204989,0.0295294465504363,0.1233248294307712,0.7287270312656217,0.47,6004
0,0,-0.2429408352329221,0.2008486420201762,-0.2752225765349292,0.0946555228180836,0.9771144594206258,0.4847928702994897,0.7412169419044294,0.8491750977064698,0.4813100127746363,0.8230206827915816,-0.9502643714663914,-0.5987456856742244,0.1962011338498883,0.663092290116301,0.790288438450685,0.5722459227228536,0.5337252097193181,-0.031465804698737,0.2443476707967933,0.500318898726958,-0.4352570378336877,-0.0778786903089151,-0.5014184029238218,-0.2548412082069815,0.6157062619024118,-0.542808298814496,-0.2371500654597568,-0.7275424217626365,0.5227319708307125,0.7362805783978197,0.9919005127233044,0.5707915115155033,0.4663472580649483,-0.0093509182436777,-0.365279539834261,0.4696433044764692,-0.551593349964062,-0.1355768172235829,-0.9876396354543672,0.6641504857987062,-0.7939228710720099,0.9634946498099172,0.7391403442390929,-0.8936606788281696,0.930980475552067,0.2782073877972355,-0.5323857393823159,0.7412597052682703,-0.1553814754856695,0.2181552826697783,-0.6370793694048575,0.467510762703457,0.9013179415961085,0.7398209403636458,-0.6647357409201708,-0.2241747003259202,-0.3355047431798054,-0.5919145242286772,-0.0711125114872663,-0.4960318932649785,0.2109746625510653,0.7037716911926489,0.0537935717916808,0.8303258149703052,0.4509804533435262,0.812048673576113,0.3198572614335118,0.124345012376545,0.0376519653347308,0.7087405839619015,0.5301656451093854,0.536140960100225,1.0,0.2593829261412693,0.8870882546189327,0.97249395254826,0.7348827192127673,0.4072920691147256,0.7488808834007079,0.4329574939116904,0.520758368451072,0.7807922698263944,0.2563399482132428,0.584407235220781,0.2922789917140518,0.2184608124062872,0.4305793479848529,0.6665719655666714,0.7631060676838742,0.2526086367514689,0.4949213065841927,0.1394625979581518,0.2587179598102804,0.8817121444458791,0.9905015764831716,0.3309971186098161,0.4478804611036112,1.0,0.7678306439356333,0.8600993406456258,0.1542873158369688,0.9408202875659624,0.4736726969238632,0.9695247390870456,0.194822222309766,0.0105914015673661,0.8783678221648753,0.8423845224861549,0.431246573657856,0.0158823365813964,0.663617397619382,0.0001,0.6526579612370316,0.0001,0.1253678952512401,0.2375139129514696,0.8260893889220686,0.0626391947457478,0.4490630410108871,0.0015508508106696,0.0109869723160707,0.7560646495638969,0.9038154324021996,0.984222715579466,0.1310613575624606,0.0600707819629372,0.7591984402389766,0.9211889388666868,0.7486905245638826,0.6961262510434116,0.032827832435994,0.1201987497751255,0.4699238351843882,0.2935044626220946,0.7191164990204989,0.0295294465504363,0.1233248294307712,0.7287270312656217,0.47,6102
0,0,-0.2429408352329221,0.2008486420201762,-0.2752225765349292,0.0946555228180836,0.9771144594206258,0.4847928702994897,0.7412169419044294,0.8491750977064698,0.4813100127746363,0.8230206827915816,-0.9502643714663914,-0.5987456856742244,0.1962011338498883,0.663092290116301,0.790288438450685,0.5722459227228536,0.5337252097193181,-0.031465804698737,0.2443476707967933,0.500318898726958,-0.4352570378336877,-0.0778786903089151,-0.5014184029238218,-0.2548412082069815,0.6157062619024118,-0.542808298814496,-0.2371500654597568,-0.7275424217626365,0.5227319708307125,0.7362805783978197,0.9919005127233044,0.5707915115155033,0.4663472580649483,-0.0093509182436777,-0.365279539834261,0.4696433044764692,-0.551593349964062,-0.1355768172235829,-0.9876396354543672,0.6641504857987062,-0.7939228710720099,0.9634946498099172,0.7391403442390929,-0.8936606788281696,0.930980475552067,0.2782073877972355,-0.5323857393823159,0.7412597052682703,-0.1553814754856695,0.2181552826697783,-0.6370793694048575,0.467510762703457,0.9013179415961085,0.7398209403636458,-0.6647357409201708,-0.2241747003259202,-0.3355047431798054,-0.5919145242286772,-0.0711125114872663,-0.4960318932649785,0.2109746625510653,0.7037716911926489,0.0537935717916808,0.8303258149703052,0.4509804533435262,0.812048673576113,0.3198572614335118,0.124345012376545,0.0376519653347308,0.7087405839619015,0.5301656451093854,0.536140960100225,1.0,0.2593829261412693,0.8870882546189327,0.97249395254826,0.7348827192127673,0.4072920691147256,0.7488808834007079,0.4329574939116904,0.520758368451072,0.7807922698263944,0.2563399482132428,0.584407235220781,0.2922789917140518,0.2184608124062872,0.4305793479848529,0.6665719655666714,0.7631060676838742,0.2526086367514689,0.4949213065841927,0.1394625979581518,0.2587179598102804,0.8817121444458791,0.9905015764831716,0.3309971186098161,0.4478804611036112,1.0,0.7678306439356333,0.8600993406456258,0.1542873158369688,0.9408202875659624,0.4736726969238632,0.9695247390870456,0.194822222309766,0.0105914015673661,0.8783678221648753,0.8423845224861549,0.431246573657856,0.0158823365813964,0.663617397619382,0.0001,0.6526579612370316,0.0001,0.1253678952512401,0.2375139129514696,0.8260893889220686,0.0626391947457478,0.4490630410108871,0.0015508508106696,0.0109869723160707,0.7560646495638969,0.9038154324021996,0.984222715579466,0.1310613575624606,0.0600707819629372,0.7591984402389766,0.9211889388666868,0.7486905245638826,0.6961262510434116,0.032827832435994,0.1201987497751255,0.4699238351843882,0.2935044626220946,0.7191164990204989,0.0295294465504363,0.1233248294307712,0.7287270312656217,0.47,6197
0,0,-0.2429408352329221,0.2008486420201762,-0.2752225765349292,0.0946555228180836,0.9771144594206258,0.4847928702994897,0.7412169419044294,0.8491750977064698,0.4813100127746363,0.8230206827915816,-0.9502643714663914,-0.5987456856742244,0.1962011338498883,0.663092290116301,0.790288438450685,0.5722459227228536,0.5337252097193181,-0.031465804698737,0.2443476707967933,0.500318898726958,-0.4352570378336877,-0.0778786903089151,-0.5014184029238218,-0.2548412082069815,0.6157062619024118,-0.542808298814496,-0.2371500654597568,-0.7275424217626365,0.5227319708307125,0.7362805783978197,0.9919005127233044,0.5707915115155033,0.4663472580649483,-0.0093509182436777,-0.365279539834261,0.4696433044764692,-0.551593349964062,-0.1355768172235829,-0.9876396354543672,0.6641504857987062,-0.7939228710720099,0.9634946498099172,0.7391403442390929,-0.8936606788281696,0.930980475552067,0.2782073877972355,-0.5323857393823159,0.7412597052682703,-0.1553814754856695,0.2181552826697783,-0.6370793694048575,0.467510762703457,0.9013179415961085,0.7398209403636458,-0.6647357409201708,-0.2241747003259202,-0.3355047431798054,-0.5919145242286772,-0.0711125114872663,-0.4960318932649785,0.2109746625510653,0.7037716911926489,0.0537935717916808,0.8303258149703052,0.4509804533435262,0.812048673576113,0.3198572614335118,0.124345012376545,0.0376519653347308,0.7087405839619015,0.5301656451093854,0.536140960100225,1.0,0.2593829261412693,0.8870882546189327,0.97249395254826,0.7348827192127673,0.4072920691147256,0.7488808834007079,0.4329574939116904,0.520758368451072,0.7807922698263944,0.2563399482132428,0.584407235220781,0.2922789917140518,0.2184608124062872,0.4305793479848529,0.6665719655666714,0.7631060676838742,0.2526086367514689,0.4949213065841927,0.1394625979581518,0.2587179598102804,0.8817121444458791,0.9905015764831716,0.3309971186098161,0.4478804611036112,1.0,0.7678306439356333,0.8600993406456258,0.1542873158369688,0.9408202875659624,0.4736726969238632,0.9695247390870456,0.194822222309766,0.0105914015673661,0.8783678221648753,0.8423845224861549,0.431246573657856,0.0158823365813964,0.663617397619382,0.0001,0.6526579612370316,0.0001,0.1253678952512401,0.2375139129514696,0.8260893889220686,0.0626391947457478,0.4490630410108871,0.0015508508106696,0.0109869723160707,0.7560646495638969,0.9038154324021996,0.984222715579466,0.1310613575624606,0.0600707819629372,0.7591984402389766,0.9211889388666868,0.7486905245638826,0.6961262510434116,0.032827832435994,0.1201987497751255,0.4699238351843882,0.2935044626220946,0.7191164990204989,0.0295294465504363,0.1233248294307712,0.7287270312656217,0.47,6296
0,0,-0.2429408352329221,0.2008486420201762,-0.2752225765349292,0.0946555228180836,0.9771144594206258,0.4847928702994897,0.7412169419044294,0.8491750977064698,0.4813100127746363,0.8230206827915816,-0.9502643714663914,-0.5987456856742244,0.1962011338498883,0.663092290116301,0.790288438450685,0.5722459227228536,0.5337252097193181,-0.031465804698737,0.2443476707967933,0.500318898726958,-0.4352570378336877,-0.0778786903089151,-0.5014184029238218,-0.2548412082069815,0.6157062619024118,-0.542808298814496,-0.2371500654597568,-0.7275424217626365,0.5227319708307125,0.7362805783978197,0.9919005127233044,0.5707915115155033,0.4663472580649483,-0.0093509182436777,-0.365279539834261,0.4696433044764692,-0.551593349964062,-0.1355768172235829,-0.9876396354543672,0.6641504857987062,-0.7939228710720099,0.9634946498099172,0.7391403442390929,-0.8936606788281696,0.930980475552067,0.2782073877972355,-0.5323857393823159,0.7412597052682703,-0.1553814754856695,0.2181552826697783,-0.6370793694048575,0.467510762703457,0.9013179415961085,0.7398209403636458,-0.6647357409201708,-0.2241747003259202,-0.3355047431798054,-0.5919145242286772,-0.0711125114872663,-0.4960318932649785,0.2109746625510653,0.7037716911926489,0.0537935717916808,0.8303258149703052,0.4509804533435262,0.812048673576113,0.3198572614335118,0.124345012376545,0.0376519653347308,0.7087405839619015,0.5301656451093854,0.536140960100225,1.0,0.2593829261412693,0.8870882546189327,0.97249395254826,0.7348827192127673,0.4072920691147256,0.7488808834007079,0.4329574939116904,0.520758368451072,0.7807922698263944,0.2563399482132428,0.584407235220781,0.2922789917140518,0.2184608124062872,0.4305793479848529,0.6665719655666714,0.7631060676838742,0.2526086367514689,0.4949213065841927,0.1394625979581518,0.2587179598102804,0.8817121444458791,0.9905015764831716,0.3309971186098161,0.4478804611036112,1.0,0.7678306439356333,0.8600993406456258,0.1542873158369688,0.9408202875659624,0.4736726969238632,0.9695247390870456,0.194822222309766,0.0105914015673661,0.8783678221648753,0.8423845224861549,0.431246573657856,0.0158823365813964,0.663617397619382,0.0001,0.6526579612370316,0.0001,0.1253678952512401,0.2375139129514696,0.8260893889220686,0.0626391947457478,0.4490630410108871,0.0015508508106696,0.0109869723160707,0.7560646495638969,0.9038154324021996,0.984222715579466,0.1310613575624606,0.0600707819629372,0.7591984402389766,0.9211889388666868,0.7486905245638826,0.6961262510434116,0.032827832435994,0.1201987497751255,0.4699238351843882,0.2935044626220946,0.7191164990204989,0.0295294465504363,0.1233248294307712,0.7287270312656217,0.47,6394
0,0,-0.2429408352329221,0.2008486420201762,-0.2752225765349292,0.0946555228180836,0.9771144594206258,0.4847928702994897,0.7412169419044294,0.8491750977064698,0.4813100127746363,0.8230206827915816,-0.9502643714663914,-0.5987456856742244,0.1962011338498883,0.663092290116301,0.790288438450685,0.5722459227228536,0.5337252097193181,-0.031465804698737,0.2443476707967933,0.500318898726958,-0.4352570378336877,-0.0778786903089151,-0.5014184029238218,-0.2548412082069815,0.6157062619024118,-0.542808298814496,-0.2371500654597568,-0.7275424217626365,0.5227319708307125,0.7362805783978197,0.9919005127233044,0.5707915115155033,0.4663472580649483,-0.0093509182436777,-0.365279539834261,0.4696433044764692,-0.551593349964062,-0.1355768172235829,-0.9876396354543672,0.6641504857987062,-0.7939228710720099,0.9634946498099172,0.7391403442390929,-0.8936606788281696,0.930980475552067,0.2782073877972355,-0.5323857393823159,0.7412597052682703,-0.1553814754856695,0.2181552826697783,-0.6370793694048575,0.467510762703457,0.9013179415961085,0.7398209403636458,-0.6647357409201708,-0.2241747003259202,-0.3355047431798054,-0.5919145242286772,-0.0711125114872663,-0.4960318932649785,0.2109746625510653,0.7037716911926489,0.0537935717916808,0.8303258149703052,0.4509804533435262,0.812048673576113,0.3198572614335118,0.124345012376545,0.0376519653347308,0.7087405839619015,0.5301656451093854,0.536140960100225,1.0,0.2593829261412693,0.8870882546189327,0.97249395254826,0.7348827192127673,0.4072920691147256,0.7488808834007079,0.4329574939116904,0.520758368451072,0.7807922698263944,0.2563399482132428,0.584407235220781,0.2922789917140518,0.2184608124062872,0.4305793479848529,0.6665719655666714,0.7631060676838742,0.2526086367514689,0.4949213065841927,0.1394625979581518,0.2587179598102804,0.8817121444458791,0.9905015764831716,0.3309971186098161,0.4478804611036112,1.0,0.7678306439356333,0.8600993406456258,0.1542873158369688,0.9408202875659624,0.4736726969238632,0.9695247390870456,0.194822222309766,0.0105914015673661,0.8783678221648753,0.8423845224861549,0.431246573657856,0.0158823365813964,0.663617397619382,0.0001,0.6526579612370316,0.0001,0.1253678952512401,0.2375139129514696,0.8260893889220686,0.0626391947457478,0.4490630410108871,0.0015508508106696,0.0109869723160707,0.7560646495638969,0.9038154324021996,0.984222715579466,0.1310613575624606,0.0600707819629372,0.7591984402389766,0.9211889388666868,0.7486905245638826,0.6961262510434116,0.032827832435994,0.1201987497751255,0.4699238351843882,0.2935044626220946,0.7191164990204989,0.0295294465504363,0.1233248294307712,0.7287270312656217,0.47,6492
0,0,-0.2429408352329221,0.2008486420201762,-0.2752225765349292,0.0946555228180836,0.9771144594206258,0.4847928702994897,0.7412169419044294,0.8491750977064698,0.4813100127746363,0.8230206827915816,-0.9502643714663914,-0.5987456856742244,0.1962011338498883,0.663092290116301,0.790288438450685,0.5722459227228536,0.5337252097193181,-0.031465804698737,0.2443476707967933,0.500318898726958,-0.4352570378336877,-0.0778786903089151,-0.5014184029238218,-0.2548412082069815,0.6157062619024118,-0.542808298814496,-0.2371500654597568,-0.7275424217626365,0.5227319708307125,0.7362805783978197,0.9919005127233044,0.5707915115155033,0.4663472580649483,-0.0093509182436777,-0.365279539834261,0.4696433044764692,-0.551593349964062,-0.1355768172235829,-0.9876396354543672,0.6641504857987062,-0.7939228710720099,0.9634946498099172,0.7391403442390929,-0.8936606788281696,0.930980475552067,0.2782073877972355,-0.5323857393823159,0.7412597052682703,-0.1553814754856695,0.2181552826697783,-0.6370793694048575,0.467510762703457,0.9013179415961085,0.7398209403636458,-0.6647357409201708,-0.2241747003259202,-0.3355047431798054,-0.5919145242286772,-0.0711125114872663,-0.4960318932649785,0.2109746625510653,0.7037716911926489,0.0537935717916808,0.8303258149703052,0.4509804533435262,0.812048673576113,0.3198572614335118,0.124345012376545,0.0376519653347308,0.7087405839619015,0.5301656451093854,0.536140960100225,1.0,0.2593829261412693,0.8870882546189327,0.97249395254826,0.7348827192127673,0.4072920691147256,0.7488808834007079,0.4329574939116904,0.520758368451072,0.7807922698263944,0.2563399482132428,0.584407235220781,0.2922789917140518,0.2184608124062872,0.4305793479848529,0.6665719655666714,0.7631060676838742,0.2526086367514689,0.4949213065841927,0.1394625979581518,0.2587179598102804,0.8817121444458791,0.9905015764831716,0.3309971186098161,0.4478804611036112,1.0,0.7678306439356333,0.8600993406456258,0.1542873158369688,0.9408202875659624,0.4736726969238632,0.9695247390870456,0.194822222309766,0.0105914015673661,0.8783678221648753,0.8423845224861549,0.431246573657856,0.0158823365813964,0.663617397619382,0.0001,0.6526579612370316,0.0001,0.1253678952512401,0.2375139129514696,0.8260893889220686,0.0626391947457478,0.4490630410108871,0.0015508508106696,0.0109869723160707,0.7560646495638969,0.9038154324021996,0.984222715579466,0.1310613575624606,0.0600707819629372,0.7591984402389766,0.9211889388666868,0.7486905245638826,0.6961262510434116,0.032827832435994,0.1201987497751255,0.4699238351843882,0.2935044626220946,0.7191164990204989,0.0295294465504363,0.1233248294307712,0.7287270312656217,0.47,6589
0,0,-0.2429408352329221,0.2008486420201762,-0.2752225765349292,0.0946555228180836,0.9771144594206258,0.4847928702994897,0.7412169419044294,0.8491750977064698,0.4813100127746363,0.8230206827915816,-0.9502643714663914,-0.5987456856742244,0.1962011338498883,0.663092290116301,0.790288438450685,0.5722459227228536,0.5337252097193181,-0.031465804698737,0.2443476707967933,0.500318898726958,-0.4352570378336877,-0.0778786903089151,-0.5014184029238218,-0.2548412082069815,0.6157062619024118,-0.542808298814496,-0.2371500654597568,-0.7275424217626365,0.5227319708307125,0.7362805783978197,0.9919005127233044,0.5707915115155033,0.4663472580649483,-0.0093509182436777,-0.365279539834261,0.4696433044764692,-0.551593349964062,-0.1355768172235829,-0.9876396354543672,0.6641504857987062,-0.7939228710720099,0.9634946498099172,0.7391403442390929,-0.8936606788281696,0.930980475552067,0.2782073877972355,-0.5323857393823159,0.7412597052682703,-0.1553814754856695,0.2181552826697783,-0.6370793694048575,0.467510762703457,0.9013179415961085,0.7398209403636458,-0.6647357409201708,-0.2241747003259202,-0.3355047431798054,-0.5919145242286772,-0.0711125114872663,-0.4960318932649785,0.2109746625510653,0.7037716911926489,0.0537935717916808,0.8303258149703052,0.4509804533435262,0.812048673576113,0.3198572614335118,0.124345012376545,0.0376519653347308,0.7087405839619015,0.5301656451093854,0.536140960100225,1.0,0.2593829261412693,0.8870882546189327,0.97249395254826,0.7348827192127673,0.4072920691147256,0.7488808834007079,0.4329574939116904,0.520758368451072,0.7807922698263944,0.2563399482132428,0.584407235220781,0.2922789917140518,0.2184608124062872,0.4305793479848529,0.6665719655666714,0.7631060676838742,0.2526086367514689,0.4949213065841927,0.1394625979581518,0.2587179598102804,0.8817121444458791,0.9905015764831716,0.3309971186098161,0.4478804611036112,1.0,0.7678306439356333,0.8600993406456258,0.1542873158369688,0.9408202875659624,0.4736726969238632,0.9695247390870456,0.194822222309766,0.0105914015673661,0.8783678221648753,0.8423845224861549,0.431246573657856,0.0158823365813964,0.663617397619382,0.0001,0.6526579612370316,0.0001,0.1253678952512401,0.2375139129514696,0.8260893889220686,0.0626391947457478,0.4490630410108871,0.0015508508106696,0.0109869723160707,0.7560646495638969,0.9038154324021996,0.984222715579466,0.1310613575624606,0.0600707819629372,0.7591984402389766,0.9211889388666868,0.7486905245638826,0.6961262510434116,0.032827832435994,0.1201987497751255,0.4699238351843882,0.2935044626220946,0.7191164990204989,0.0295294465504363,0.1233248294307712,0.7287270312656217,0.47,6686
0,0,-0.2429408352329221,0.2008486420201762,-0.2752225765349292,0.0946555228180836,0.9771144594206258,0.4847928702994897,0.7412169419044294,0.8491750977064698,0.4813100127746363,0.8230206827915816,-0.9502643714663914,-0.5987456856742244,0.1962011338498883,0.663092290116301,0.790288438450685,0.5722459227228536,0.5337252097193181,-0.031465804698737,0.2443476707967933,0.500318898726958,-0.4352570378336877,-0.0778786903089151,-0.5014184029238218,-0.2548412082069815,0.6157062619024118,-0.542808298814496,-0.2371500654597568,-0.7275424217626365,0.5227319708307125,0.7362805783978197,0.9919005127233044,0.5707915115155033,0.4663472580649483,-0.0093509182436777,-0.365279539834261,0.4696433044764692,-0.551593349964062,-0.1355768172235829,-0.9876396354543672,0.6641504857987062,-0.7939228710720099,0.9634946498099172,0.7391403442390929,-0.8936606788281696,0.930980475552067,0.2782073877972355,-0.5323857393823159,0.7412597052682703,-0.1553814754856695,0.2181552826697783,-0.6370793694048575,0.467510762703457,0.9013179415961085,0.7398209403636458,-0.6647357409201708,-0.2241747003259202,-0.3355047431798054,-0.5919145242286772,-0.0711125114872663,-0.4960318932649785,0.2109746625510653,0.7037716911926489,0.0537935717916808,0.8303258149703052,0.4509804533435262,0.812048673576113,0.3198572614335118,0.124345012376545,0.0376519653347308,0.7087405839619015,0.5301656451093854,0.536140960100225,1.0,0.2593829261412693,0.8870882546189327,0.97249395254826,0.7348827192127673,0.4072920691147256,0.7488808834007079,0.4329574939116904,0.520758368451072,0.7807922698263944,0.2563399482132428,0.584407235220781,0.2922789917140518,0.2184608124062872,0.4305793479848529,0.6665719655666714,0.7631060676838742,0.2526086367514689,0.4949213065841927,0.1394625979581518,0.2587179598102804,0.8817121444458791,0.9905015764831716,0.3309971186098161,0.4478804611036112,1.0,0.7678306439356333,0.8600993406456258,0.1542873158369688,0.9408202875659624,0.4736726969238632,0.9695247390870456,0.194822222309766,0.0105914015673661,0.8783678221648753,0.8423845224861549,0.431246573657856,0.0158823365813964,0.663617397619382,0.0001,0.6526579612370316,0.0001,0.1253678952512401,0.2375139129514696,0.8260893889220686,0.0626391947457478,0.4490630410108871,0.0015508508106696,0.0109869723160707,0.7560646495638969,0.9038154324021996,0.984222715579466,0.1310613575624606,0.0600707819629372,0.7591984402389766,0.9211889388666868,0.7486905245638826,0.6961262510434116,0.032827832435994,0.1201987497751255,0.4699238351843882,0.2935044626220946,0.7191164990204989,0.0295294465504363,0.1233248294307712,0.7287270312656217,0.47,6783
0,0,-0.2429408352329221,0.2008486420201762,-0.2752225765349292,0.0946555228180836,0.9771144594206258,0.4847928702994897,0.7412169419044294,0.8491750977064698,0.4813100127746363,0.8230206827915816,-0.9502643714663914,-0.5987456856742244,0.1962011338498883,0.663092290116301,0.790288438450685,0.5722459227228536,0.5337252097193181,-0.031465804698737,0.2443476707967933,0.500318898726958,-0.4352570378336877,-0.0778786903089151,-0.5014184029238218,-0.2548412082069815,0.6157062619024118,-0.542808298814496,-0.2371500654597568,-0.7275424217626365,0.5227319708307125,0.7362805783978197,0.9919005127233044,0.5707915115155033,0.4663472580649483,-0.0093509182436777,-0.365279539834261,0.4696433044764692,-0.551593349964062,-0.1355768172235829,-0.9876396354543672,0.6641504857987062,-0.7939228710720099,0.9634946498099172,0.7391403442390929,-0.8936606788281696,0.930980475552067,0.2782073877972355,-0.5323857393823159,0.7412597052682703,-0.1553814754856695,0.2181552826697783,-0.6370793694048575,0.467510762703457,0.9013179415961085,0.7398209403636458,-0.6647357409201708,-0.2241747003259202,-0.3355047431798054,-0.5919145242286772,-0.0711125114872663,-0.4960318932649785,0.2109746625510653,0.7037716911926489,0.0537935717916808,0.8303258149703052,0.4509804533435262,0.812048673576113,0.3198572614335118,0.124345012376545,0.0376519653347308,0.7087405839619015,0.5301656451093854,0.536140960100225,1.0,0.2593829261412693,0.8870882546189327,0.97249395254826,0.7348827192127673,0.4072920691147256,0.7488808834007079,0.4329574939116904,0.520758368451072,0.7807922698263944,0.2563399482132428,0.584407235220781,0.2922789917140518,0.2184608124062872,0.4305793479848529,0.6665719655666714,0.7631060676838742,0.2526086367514689,0.4949213065841927,0.1394625979581518,0.2587179598102804,0.8817121444458791,0.9905015764831716,0.3309971186098161,0.4478804611036112,1.0,0.7678306439356333,0.8600993406456258,0.1542873158369688,0.9408202875659624,0.4736726969238632,0.9695247390870456,0.194822222309766,0.0105914015673661,0.8783678221648753,0.8423845224861549,0.431246573657856,0.0158823365813964,0.663617397619382,0.0001,0.6526579612370316,0.0001,0.1253678952512401,0.2375139129514696,0.8260893889220686,0.0626391947457478,0.4490630410108871,0.0015508508106696,0.0109869723160707,0.7560646495638969,0.9038154324021996,0.984222715579466,0.1310613575624606,0.0600707819629372,0.7591984402389766,0.9211889388666868,0.7486905245638826,0.6961262510434116,0.032827832435994,0.1201987497751255,0.4699238351843882,0.2935044626220946,0.7191164990204989,0.0295294465504363,0.1233248294307712,0.7287270312656217,0.47,6877
0,0,-0.2429408352329221,0.2008486420201762,-0.2752225765349292,0.0946555228180836,0.9771144594206258,0.4847928702994897,0.7412169419044294,0.8491750977064698,0.4813100127746363,0.8230206827915816,-0.9502643714663914,-0.5987456856742244,0.1962011338498883,0.663092290116301,0.790288438450685,0.5722459227228536,0.5337252097193181,-0.031465804698737,0.2443476707967933,0.500318898726958,-0.4352570378336877,-0.0778786903089151,-0.5014184029238218,-0.2548412082069815,0.6157062619024118,-0.542808298814496,-0.2371500654597568,-0.7275424217626365,0.5227319708307125,0.7362805783978197,0.9919005127233044,0.5707915115155033,0.4663472580649483,-0.0093509182436777,-0.365279539834261,0.4696433044764692,-0.551593349964062,-0.1355768172235829,-0.9876396354543672,0.6641504857987062,-0.7939228710720099,0.9634946498099172,0.7391403442390929,-0.8936606788281696,0.930980475552067,0.2782073877972355,-0.5323857393823159,0.7412597052682703,-0.1553814754856695,0.2181552826697783,-0.6370793694048575,0.467510762703457,0.9013179415961085,0.7398209403636458,-0.6647357409201708,-0.2241747003259202,-0.3355047431798054,-0.5919145242286772,-0.0711125114872663,-0.4960318932649785,0.2109746625510653,0.7037716911926489,0.0537935717916808,0.8303258149703052,0.4509804533435262,0.812048673576113,0.3198572614335118,0.124345012376545,0.0376519653347308,0.7087405839619015,0.5301656451093854,0.536140960100225,1.0,0.2593829261412693,0.8870882546189327,0.97249395254826,0.7348827192127673,0.4072920691147256,0.7488808834007079,0.4329574939116904,0.520758368451072,0.7807922698263944,0.2563399482132428,0.584407235220781,0.2922789917140518,0.2184608124062872,0.4305793479848529,0.6665719655666714,0.7631060676838742,0.2526086367514689,0.4949213065841927,0.1394625979581518,0.2587179598102804,0.8817121444458791,0.9905015764831716,0.3309971186098161,0.4478804611036112,1.0,0.7678306439356333,0.8600993406456258,0.1542873158369688,0.9408202875659624,0.4736726969238632,0.9695247390870456,0.194822222309766,0.0105914015673661,0.8783678221648753,0.8423845224861549,0.431246573657856,0.0158823365813964,0.663617397619382,0.0001,0.6526579612370316,0.0001,0.1253678952512401,0.2375139129514696,0.8260893889220686,0.0626391947457478,0.4490630410108871,0.0015508508106696,0.0109869723160707,0.7560646495638969,0.9038154324021996,0.984222715579466,0.1310613575624606,0.0600707819629372,0.7591984402389766,0.9211889388666868,0.7486905245638826,0.6961262510434116,0.032827832435994,0.1201987497751255,0.4699238351843882,0.2935044626220946,0.7191164990204989,0.0295294465504363,0.1233248294307712,0.7287270312656217,0.47,691
0,0,-0.2429408352329221,0.2008486420201762,-0.2752225765349292,0.0946555228180836,0.9771144594206258,0.4847928702994897,0.7412169419044294,0.8491750977064698,0.4813100127746363,0.8230206827915816,-0.9502643714663914,-0.5987456856742244,0.1962011338498883,0.663092290116301,0.790288438450685,0.5722459227228536,0.5337252097193181,-0.031465804698737,0.2443476707967933,0.500318898726958,-0.4352570378336877,-0.0778786903089151,-0.5014184029238218,-0.2548412082069815,0.6157062619024118,-0.542808298814496,-0.2371500654597568,-0.7275424217626365,0.5227319708307125,0.7362805783978197,0.9919005127233044,0.5707915115155033,0.4663472580649483,-0.0093509182436777,-0.365279539834261,0.4696433044764692,-0.551593349964062,-0.1355768172235829,-0.9876396354543672,0.6641504857987062,-0.7939228710720099,0.9634946498099172,0.7391403442390929,-0.8936606788281696,0.930980475552067,0.2782073877972355,-0.5323857393823159,0.7412597052682703,-0.1553814754856695,0.2181552826697783,-0.6370793694048575,0.467510762703457,0.9013179415961085,0.7398209403636458,-0.6647357409201708,-0.2241747003259202,-0.3355047431798054,-0.5919145242286772,-0.0711125114872663,-0.4960318932649785,0.2109746625510653,0.7037716911926489,0.0537935717916808,0.8303258149703052,0.4509804533435262,0.812048673576113,0.3198572614335118,0.124345012376545,0.0376519653347308,0.7087405839619015,0.5301656451093854,0.536140960100225,1.0,0.2593829261412693,0.8870882546189327,0.97249395254826,0.7348827192127673,0.4072920691147256,0.7488808834007079,0.4329574939116904,0.520758368451072,0.7807922698263944,0.2563399482132428,0.584407235220781,0.2922789917140518,0.2184608124062872,0.4305793479848529,0.6665719655666714,0.7631060676838742,0.2526086367514689,0.4949213065841927,0.1394625979581518,0.2587179598102804,0.8817121444458791,0.9905015764831716,0.3309971186098161,0.4478804611036112,1.0,0.7678306439356333,0.8600993406456258,0.1542873158369688,0.9408202875659624,0.4736726969238632,0.9695247390870456,0.194822222309766,0.0105914015673661,0.8783678221648753,0.8423845224861549,0.431246573657856,0.0158823365813964,0.663617397619382,0.0001,0.6526579612370316,0.0001,0.1253678952512401,0.2375139129514696,0.8260893889220686,0.0626391947457478,0.4490630410108871,0.0015508508106696,0.0109869723160707,0.7560646495638969,0.9038154324021996,0.984222715579466,0.1310613575624606,0.0600707819629372,0.7591984402389766,0.9211889388666868,0.7486905245638826,0.6961262510434116,0.032827832435994,0.1201987497751255,0.4699238351843882,0.2935044626220946,0.7191164990204989,0.0295294465504363,0.1233248294307712,0.7287270312656217,0.47,6976
0,0,-0.2429408352329221,0.2008486420201762,-0.2752225765349292,0.0946555228180836,0.9771144594206258,0.4847928702994897,0.7412169419044294,0.8491750977064698,0.4813100127746363,0.8230206827915816,-0.9502643714663914,-0.5987456856742244,0.1962011338498883,0.663092290116301,0.790288438450685,0.5722459227228536,0.5337252097193181,-0.031465804698737,0.2443476707967933,0.500318898726958,-0.4352570378336877,-0.0778786903089151,-0.5014184029238218,-0.2548412082069815,0.6157062619024118,-0.542808298814496,-0.2371500654597568,-0.7275424217626365,0.5227319708307125,0.7362805783978197,0.9919005127233044,0.5707915115155033,0.4663472580649483,-0.0093509182436777,-0.365279539834261,0.4696433044764692,-0.551593349964062,-0.1355768172235829,-0.9876396354543672,0.6641504857987062,-0.7939228710720099,0.9634946498099172,0.7391403442390929,-0.8936606788281696,0.930980475552067,0.2782073877972355,-0.5323857393823159,0.7412597052682703,-0.1553814754856695,0.2181552826697783,-0.6370793694048575,0.467510762703457,0.9013179415961085,0.7398209403636458,-0.6647357409201708,-0.2241747003259202,-0.3355047431798054,-0.5919145242286772,-0.0711125114872663,-0.4960318932649785,0.2109746625510653,0.7037716911926489,0.0537935717916808,0.8303258149703052,0.4509804533435262,0.812048673576113,0.3198572614335118,0.124345012376545,0.0376519653347308,0.7087405839619015,0.5301656451093854,0.536140960100225,1.0,0.2593829261412693,0.8870882546189327,0.97249395254826,0.7348827192127673,0.4072920691147256,0.7488808834007079,0.4329574939116904,0.520758368451072,0.7807922698263944,0.2563399482132428,0.584407235220781,0.2922789917140518,0.2184608124062872,0.4305793479848529,0.6665719655666714,0.7631060676838742,0.2526086367514689,0.4949213065841927,0.1394625979581518,0.2587179598102804,0.8817121444458791,0.9905015764831716,0.3309971186098161,0.4478804611036112,1.0,0.7678306439356333,0.8600993406456258,0.1542873158369688,0.9408202875659624,0.4736726969238632,0.9695247390870456,0.194822222309766,0.0105914015673661,0.8783678221648753,0.8423845224861549,0.431246573657856,0.0158823365813964,0.663617397619382,0.0001,0.6526579612370316,0.0001,0.1253678952512401,0.2375139129514696,0.8260893889220686,0.0626391947457478,0.4490630410108871,0.0015508508106696,0.0109869723160707,0.7560646495638969,0.9038154324021996,0.984222715579466,0.1310613575624606,0.0600707819629372,0.7591984402389766,0.9211889388666868,0.7486905245638826,0.6961262510434116,0.032827832435994,0.1201987497751255,0.4699238351843882,0.2935044626220946,0.7191164990204989,0.0295294465504363,0.1233248294307712,0.7287270312656217,0.47,7070
0,0,-0.2429408352329221,0.2008486420201762,-0.2752225765349292,0.0946555228180836,0.9771144594206258,0.4847928702994897,0.7412169419044294,0.8491750977064698,0.4813100127746363,0.8230206827915816,-0.9502643714663914,-0.5987456856742244,0.1962011338498883,0.663092290116301,0.790288438450685,0.5722459227228536,0.5337252097193181,-0.031465804698737,0.2443476707967933,0.500318898726958,-0.4352570378336877,-0.0778786903089151,-0.5014184029238218,-0.2548412082069815,0.6157062619024118,-0.542808298814496,-0.2371500654597568,-0.7275424217626365,0.5227319708307125,0.7362805783978197,0.9919005127233044,0.5707915115155033,0.4663472580649483,-0.0093509182436777,-0.365279539834261,0.4696433044764692,-0.551593349964062,-0.1355768172235829,-0.9876396354543672,0.6641504857987062,-0.7939228710720099,0.9634946498099172,0.7391403442390929,-0.8936606788281696,0.930980475552067,0.2782073877972355,-0.5323857393823159,0.7412597052682703,-0.1553814754856695,0.2181552826697783,-0.6370793694048575,0.467510762703457,0.9013179415961085,0.7398209403636458,-0.6647357409201708,-0.2241747003259202,-0.3355047431798054,-0.5919145242286772,-0.0711125114872663,-0.4960318932649785,0.2109746625510653,0.7037716911926489,0.0537935717916808,0.8303258149703052,0.4509804533435262,0.812048673576113,0.3198572614335118,0.124345012376545,0.0376519653347308,0.7087405839619015,0.5301656451093854,0.536140960100225,1.0,0.2593829261412693,0.8870882546189327,0.97249395254826,0.7348827192127673,0.4072920691147256,0.7488808834007079,0.4329574939116904,0.520758368451072,0.7807922698263944,0.2563399482132428,0.584407235220781,0.2922789917140518,0.2184608124062872,0.4305793479848529,0.6665719655666714,0.7631060676838742,0.2526086367514689,0.4949213065841927,0.1394625979581518,0.2587179598102804,0.8817121444458791,0.9905015764831716,0.3309971186098161,0.4478804611036112,1.0,0.7678306439356333,0.8600993406456258,0.1542873158369688,0.9408202875659624,0.4736726969238632,0.9695247390870456,0.194822222309766,0.0105914015673661,0.8783678221648753,0.8423845224861549,0.431246573657856,0.0158823365813964,0.663617397619382,0.0001,0.6526579612370316,0.0001,0.1253678952512401,0.2375139129514696,0.8260893889220686,0.0626391947457478,0.4490630410108871,0.0015508508106696,0.0109869723160707,0.7560646495638969,0.9038154324021996,0.984222715579466,0.1310613575624606,0.0600707819629372,0.7591984402389766,0.9211889388666868,0.7486905245638826,0.6961262510434116,0.032827832435994,0.1201987497751255,0.4699238351843882,0.2935044626220946,0.7191164990204989,0.0295294465504363,0.1233248294307712,0.7287270312656217,0.47,7169
0,0,-0.2429408352329221,0.2008486420201762,-0.2752225765349292,0.0946555228180836,0.9771144594206258,0.4847928702994897,0.7412169419044294,0.8491750977064698,0.4813100127746363,0.8230206827915816,-0.9502643714663914,-0.5987456856742244,0.1962011338498883,0.663092290116301,0.790288438450685,0.5722459227228536,0.5337252097193181,-0.031465804698737,0.2443476707967933,0.500318898726958,-0.4352570378336877,-0.0778786903089151,-0.5014184029238218,-0.2548412082069815,0.6157062619024118,-0.542808298814496,-0.2371500654597568,-0.7275424217626365,0.5227319708307125,0.7362805783978197,0.9919005127233044,0.5707915115155033,0.4663472580649483,-0.0093509182436777,-0.365279539834261,0.4696433044764692,-0.551593349964062,-0.1355768172235829,-0.9876396354543672,0.6641504857987062,-0.7939228710720099,0.9634946498099172,0.7391403442390929,-0.8936606788281696,0.930980475552067,0.2782073877972355,-0.5323857393823159,0.7412597052682703,-0.1553814754856695,0.2181552826697783,-0.6370793694048575,0.467510762703457,0.9013179415961085,0.7398209403636458,-0.6647357409201708,-0.2241747003259202,-0.3355047431798054,-0.5919145242286772,-0.0711125114872663,-0.4960318932649785,0.2109746625510653,0.7037716911926489,0.0537935717916808,0.8303258149703052,0.4509804533435262,0.812048673576113,0.3198572614335118,0.124345012376545,0.0376519653347308,0.7087405839619015,0.5301656451093854,0.536140960100225,1.0,0.2593829261412693,0.8870882546189327,0.97249395254826,0.7348827192127673,0.4072920691147256,0.7488808834007079,0.4329574939116904,0.520758368451072,0.7807922698263944,0.2563399482132428,0.584407235220781,0.2922789917140518,0.2184608124062872,0.4305793479848529,0.6665719655666714,0.7631060676838742,0.2526086367514689,0.4949213065841927,0.1394625979581518,0.2587179598102804,0.8817121444458791,0.9905015764831716,0.3309971186098161,0.4478804611036112,1.0,0.7678306439356333,0.8600993406456258,0.1542873158369688,0.9408202875659624,0.4736726969238632,0.9695247390870456,0.194822222309766,0.0105914015673661,0.8783678221648753,0.8423845224861549,0.431246573657856,0.0158823365813964,0.663617397619382,0.0001,0.6526579612370316,0.0001,0.1253678952512401,0.2375139129514696,0.8260893889220686,0.0626391947457478,0.4490630410108871,0.0015508508106696,0.0109869723160707,0.7560646495638969,0.9038154324021996,0.984222715579466,0.1310613575624606,0.0600707819629372,0.7591984402389766,0.9211889388666868,0.7486905245638826,0.6961262510434116,0.032827832435994,0.1201987497751255,0.4699238351843882,0.2935044626220946,0.7191164990204989,0.0295294465504363,0.1233248294307712,0.7287270312656217,0.47,7263
0,0,-0.2429408352329221,0.2008486420201762,-0.2752225765349292,0.0946555228180836,0.9771144594206258,0.4847928702994897,0.7412169419044294,0.8491750977064698,0.4813100127746363,0.8230206827915816,-0.9502643714663914,-0.5987456856742244,0.1962011338498883,0.663092290116301,0.790288438450685,0.5722459227228536,0.5337252097193181,-0.031465804698737,0.2443476707967933,0.500318898726958,-0.4352570378336877,-0.0778786903089151,-0.5014184029238218,-0.2548412082069815,0.6157062619024118,-0.542808298814496,-0.2371500654597568,-0.7275424217626365,0.5227319708307125,0.7362805783978197,0.9919005127233044,0.5707915115155033,0.4663472580649483,-0.0093509182436777,-0.365279539834261,0.4696433044764692,-0.551593349964062,-0.1355768172235829,-0.9876396354543672,0.6641504857987062,-0.7939228710720099,0.9634946498099172,0.7391403442390929,-0.8936606788281696,0.930980475552067,0.2782073877972355,-0.5323857393823159,0.7412597052682703,-0.1553814754856695,0.2181552826697783,-0.6370793694048575,0.467510762703457,0.9013179415961085,0.7398209403636458,-0.6647357409201708,-0.2241747003259202,-0.3355047431798054,-0.5919145242286772,-0.0711125114872663,-0.4960318932649785,0.2109746625510653,0.7037716911926489,0.0537935717916808,0.8303258149703052,0.4509804533435262,0.812048673576113,0.3198572614335118,0.124345012376545,0.0376519653347308,0.7087405839619015,0.5301656451093854,0.536140960100225,1.0,0.2593829261412693,0.8870882546189327,0.97249395254826,0.7348827192127673,0.4072920691147256,0.7488808834007079,0.4329574939116904,0.520758368451072,0.7807922698263944,0.2563399482132428,0.584407235220781,0.2922789917140518,0.2184608124062872,0.4305793479848529,0.6665719655666714,0.7631060676838742,0.2526086367514689,0.4949213065841927,0.1394625979581518,0.2587179598102804,0.8817121444458791,0.9905015764831716,0.3309971186098161,0.4478804611036112,1.0,0.7678306439356333,0.8600993406456258,0.1542873158369688,0.9408202875659624,0.4736726969238632,0.9695247390870456,0.194822222309766,0.0105914015673661,0.8783678221648753,0.8423845224861549,0.431246573657856,0.0158823365813964,0.663617397619382,0.0001,0.6526579612370316,0.0001,0.1253678952512401,0.2375139129514696,0.8260893889220686,0.0626391947457478,0.4490630410108871,0.0015508508106696,0.0109869723160707,0.7560646495638969,0.9038154324021996,0.984222715579466,0.1310613575624606,0.0600707819629372,0.7591984402389766,0.9211889388666868,0.7486905245638826,0.6961262510434116,0.032827832435994,0.1201987497751255,0.4699238351843882,0.2935044626220946,0.7191164990204989,0.0295294465504363,0.1233248294307712,0.7287270312656217,0.47,7360
0,0,-0.2429408352329221,0.2008486420201762,-0.2752225765349292,0.0946555228180836,0.9771144594206258,0.4847928702994897,0.7412169419044294,0.8491750977064698,0.4813100127746363,0.8230206827915816,-0.9502643714663914,-0.5987456856742244,0.1962011338498883,0.663092290116301,0.790288438450685,0.5722459227228536,0.5337252097193181,-0.031465804698737,0.2443476707967933,0.500318898726958,-0.4352570378336877,-0.0778786903089151,-0.5014184029238218,-0.2548412082069815,0.6157062619024118,-0.542808298814496,-0.2371500654597568,-0.7275424217626365,0.5227319708307125,0.7362805783978197,0.9919005127233044,0.5707915115155033,0.4663472580649483,-0.0093509182436777,-0.365279539834261,0.4696433044764692,-0.551593349964062,-0.1355768172235829,-0.9876396354543672,0.6641504857987062,-0.7939228710720099,0.9634946498099172,0.7391403442390929,-0.8936606788281696,0.930980475552067,0.2782073877972355,-0.5323857393823159,0.7412597052682703,-0.1553814754856695,0.2181552826697783,-0.6370793694048575,0.467510762703457,0.9013179415961085,0.7398209403636458,-0.6647357409201708,-0.2241747003259202,-0.3355047431798054,-0.5919145242286772,-0.0711125114872663,-0.4960318932649785,0.2109746625510653,0.7037716911926489,0.0537935717916808,0.8303258149703052,0.4509804533435262,0.812048673576113,0.3198572614335118,0.124345012376545,0.0376519653347308,0.7087405839619015,0.5301656451093854,0.536140960100225,1.0,0.2593829261412693,0.8870882546189327,0.97249395254826,0.7348827192127673,0.4072920691147256,0.7488808834007079,0.4329574939116904,0.520758368451072,0.7807922698263944,0.2563399482132428,0.584407235220781,0.2922789917140518,0.2184608124062872,0.4305793479848529,0.6665719655666714,0.7631060676838742,0.2526086367514689,0.4949213065841927,0.1394625979581518,0.2587179598102804,0.8817121444458791,0.9905015764831716,0.3309971186098161,0.4478804611036112,1.0,0.7678306439356333,0.8600993406456258,0.1542873158369688,0.9408202875659624,0.4736726969238632,0.9695247390870456,0.194822222309766,0.0105914015673661,0.8783678221648753,0.8423845224861549,0.431246573657856,0.0158823365813964,0.663617397619382,0.0001,0.6526579612370316,0.0001,0.1253678952512401,0.2375139129514696,0.8260893889220686,0.0626391947457478,0.4490630410108871,0.0015508508106696,0.0109869723160707,0.7560646495638969,0.9038154324021996,0.984222715579466,0.1310613575624606,0.0600707819629372,0.7591984402389766,0.9211889388666868,0.7486905245638826,0.6961262510434116,0.032827832435994,0.1201987497751255,0.4699238351843882,0.2935044626220946,0.7191164990204989,0.0295294465504363,0.1233248294307712,0.7287270312656217,0.47,7454
0,0,-0.2429408352329221,0.2008486420201762,-0.2752225765349292,0.0946555228180836,0.9771144594206258,0.4847928702994897,0.7412169419044294,0.8491750977064698,0.4813100127746363,0.8230206827915816,-0.9502643714663914,-0.5987456856742244,0.1962011338498883,0.663092290116301,0.790288438450685,0.5722459227228536,0.5337252097193181,-0.031465804698737,0.2443476707967933,0.500318898726958,-0.4352570378336877,-0.0778786903089151,-0.5014184029238218,-0.2548412082069815,0.6157062619024118,-0.542808298814496,-0.2371500654597568,-0.7275424217626365,0.5227319708307125,0.7362805783978197,0.9919005127233044,0.5707915115155033,0.4663472580649483,-0.0093509182436777,-0.365279539834261,0.4696433044764692,-0.551593349964062,-0.1355768172235829,-0.9876396354543672,0.6641504857987062,-0.7939228710720099,0.9634946498099172,0.7391403442390929,-0.8936606788281696,0.930980475552067,0.2782073877972355,-0.5323857393823159,0.7412597052682703,-0.1553814754856695,0.2181552826697783,-0.6370793694048575,0.467510762703457,0.9013179415961085,0.7398209403636458,-0.6647357409201708,-0.2241747003259202,-0.3355047431798054,-0.5919145242286772,-0.0711125114872663,-0.4960318932649785,0.2109746625510653,0.7037716911926489,0.0537935717916808,0.8303258149703052,0.4509804533435262,0.812048673576113,0.3198572614335118,0.124345012376545,0.0376519653347308,0.7087405839619015,0.5301656451093854,0.536140960100225,1.0,0.2593829261412693,0.8870882546189327,0.97249395254826,0.7348827192127673,0.4072920691147256,0.7488808834007079,0.4329574939116904,0.520758368451072,0.7807922698263944,0.2563399482132428,0.584407235220781,0.2922789917140518,0.2184608124062872,0.4305793479848529,0.6665719655666714,0.7631060676838742,0.2526086367514689,0.4949213065841927,0.1394625979581518,0.2587179598102804,0.8817121444458791,0.9905015764831716,0.3309971186098161,0.4478804611036112,1.0,0.7678306439356333,0.8600993406456258,0.1542873158369688,0.9408202875659624,0.4736726969238632,0.9695247390870456,0.194822222309766,0.0105914015673661,0.8783678221648753,0.8423845224861549,0.431246573657856,0.0158823365813964,0.663617397619382,0.0001,0.6526579612370316,0.0001,0.1253678952512401,0.2375139129514696,0.8260893889220686,0.0626391947457478,0.4490630410108871,0.0015508508106696,0.0109869723160707,0.7560646495638969,0.9038154324021996,0.984222715579466,0.1310613575624606,0.0600707819629372,0.7591984402389766,0.9211889388666868,0.7486905245638826,0.6961262510434116,0.032827832435994,0.1201987497751255,0.4699238351843882,0.2935044626220946,0.7191164990204989,0.0295294465504363,0.1233248294307712,0.7287270312656217,0.47,7552
0,0,-0.2429408352329221,0.2008486420201762,-0.2752225765349292,0.0946555228180836,0.9771144594206258,0.4847928702994897,0.7412169419044294,0.8491750977064698,0.4813100127746363,0.8230206827915816,-0.9502643714663914,-0.5987456856742244,0.1962011338498883,0.663092290116301,0.790288438450685,0.5722459227228536,0.5337252097193181,-0.031465804698737,0.2443476707967933,0.500318898726958,-0.4352570378336877,-0.0778786903089151,-0.5014184029238218,-0.2548412082069815,0.6157062619024118,-0.542808298814496,-0.2371500654597568,-0.7275424217626365,0.5227319708307125,0.7362805783978197,0.9919005127233044,0.5707915115155033,0.4663472580649483,-0.0093509182436777,-0.365279539834261,0.4696433044764692,-0.551593349964062,-0.1355768172235829,-0.9876396354543672,0.6641504857987062,-0.7939228710720099,0.9634946498099172,0.7391403442390929,-0.8936606788281696,0.930980475552067,0.2782073877972355,-0.5323857393823159,0.7412597052682703,-0.1553814754856695,0.2181552826697783,-0.6370793694048575,0.467510762703457,0.9013179415961085,0.7398209403636458,-0.6647357409201708,-0.2241747003259202,-0.3355047431798054,-0.5919145242286772,-0.0711125114872663,-0.4960318932649785,0.2109746625510653,0.7037716911926489,0.0537935717916808,0.8303258149703052,0.4509804533435262,0.812048673576113,0.3198572614335118,0.124345012376545,0.0376519653347308,0.7087405839619015,0.5301656451093854,0.536140960100225,1.0,0.2593829261412693,0.8870882546189327,0.97249395254826,0.7348827192127673,0.4072920691147256,0.7488808834007079,0.4329574939116904,0.520758368451072,0.7807922698263944,0.2563399482132428,0.584407235220781,0.2922789917140518,0.2184608124062872,0.4305793479848529,0.6665719655666714,0.7631060676838742,0.2526086367514689,0.4949213065841927,0.1394625979581518,0.2587179598102804,0.8817121444458791,0.9905015764831716,0.3309971186098161,0.4478804611036112,1.0,0.7678306439356333,0.8600993406456258,0.1542873158369688,0.9408202875659624,0.4736726969238632,0.9695247390870456,0.194822222309766,0.0105914015673661,0.8783678221648753,0.8423845224861549,0.431246573657856,0.0158823365813964,0.663617397619382,0.0001,0.6526579612370316,0.0001,0.1253678952512401,0.2375139129514696,0.8260893889220686,0.0626391947457478,0.4490630410108871,0.0015508508106696,0.0109869723160707,0.7560646495638969,0.9038154324021996,0.984222715579466,0.1310613575624606,0.0600707819629372,0.7591984402389766,0.9211889388666868,0.7486905245638826,0.6961262510434116,0.032827832435994,0.1201987497751255,0.4699238351843882,0.2935044626220946,0.7191164990204989,0.0295294465504363,0.1233248294307712,0.7287270312656217,0.47,7649
0,0,-0.2429408352329221,0.2008486420201762,-0.2752225765349292,0.0946555228180836,0.9771144594206258,0.4847928702994897,0.7412169419044294,0.8491750977064698,0.4813100127746363,0.8230206827915816,-0.9502643714663914,-0.5987456856742244,0.1962011338498883,0.663092290116301,0.790288438450685,0.5722459227228536,0.5337252097193181,-0.031465804698737,0.2443476707967933,0.500318898726958,-0.4352570378336877,-0.0778786903089151,-0.5014184029238218,-0.2548412082069815,0.6157062619024118,-0.542808298814496,-0.2371500654597568,-0.7275424217626365,0.5227319708307125,0.7362805783978197,0.9919005127233044,0.5707915115155033,0.4663472580649483,-0.0093509182436777,-0.365279539834261,0.4696433044764692,-0.551593349964062,-0.1355768172235829,-0.9876396354543672,0.6641504857987062,-0.7939228710720099,0.9634946498099172,0.7391403442390929,-0.8936606788281696,0.930980475552067,0.2782073877972355,-0.5323857393823159,0.7412597052682703,-0.1553814754856695,0.2181552826697783,-0.6370793694048575,0.467510762703457,0.9013179415961085,0.7398209403636458,-0.6647357409201708,-0.2241747003259202,-0.3355047431798054,-0.5919145242286772,-0.0711125114872663,-0.4960318932649785,0.2109746625510653,0.7037716911926489,0.0537935717916808,0.8303258149703052,0.4509804533435262,0.812048673576113,0.3198572614335118,0.124345012376545,0.0376519653347308,0.7087405839619015,0.5301656451093854,0.536140960100225,1.0,0.2593829261412693,0.8870882546189327,0.97249395254826,0.7348827192127673,0.4072920691147256,0.7488808834007079,0.4329574939116904,0.520758368451072,0.7807922698263944,0.2563399482132428,0.584407235220781,0.2922789917140518,0.2184608124062872,0.4305793479848529,0.6665719655666714,0.7631060676838742,0.2526086367514689,0.4949213065841927,0.1394625979581518,0.2587179598102804,0.8817121444458791,0.9905015764831716,0.3309971186098161,0.4478804611036112,1.0,0.7678306439356333,0.8600993406456258,0.1542873158369688,0.9408202875659624,0.4736726969238632,0.9695247390870456,0.194822222309766,0.0105914015673661,0.8783678221648753,0.8423845224861549,0.431246573657856,0.0158823365813964,0.663617397619382,0.0001,0.6526579612370316,0.0001,0.1253678952512401,0.2375139129514696,0.8260893889220686,0.0626391947457478,0.4490630410108871,0.0015508508106696,0.0109869723160707,0.7560646495638969,0.9038154324021996,0.984222715579466,0.1310613575624606,0.0600707819629372,0.7591984402389766,0.9211889388666868,0.7486905245638826,0.6961262510434116,0.032827832435994,0.1201987497751255,0.4699238351843882,0.2935044626220946,0.7191164990204989,0.0295294465504363,0.1233248294307712,0.7287270312656217,0.47,7745
0,0,-0.2429408352329221,0.2008486420201762,-0.2752225765349292,0.0946555228180836,0.9771144594206258,0.4847928702994897,0.7412169419044294,0.8491750977064698,0.4813100127746363,0.8230206827915816,-0.9502643714663914,-0.5987456856742244,0.1962011338498883,0.663092290116301,0.790288438450685,0.5722459227228536,0.5337252097193181,-0.031465804698737,0.2443476707967933,0.500318898726958,-0.4352570378336877,-0.0778786903089151,-0.5014184029238218,-0.2548412082069815,0.6157062619024118,-0.542808298814496,-0.2371500654597568,-0.7275424217626365,0.5227319708307125,0.7362805783978197,0.9919005127233044,0.5707915115155033,0.4663472580649483,-0.0093509182436777,-0.365279539834261,0.4696433044764692,-0.551593349964062,-0.1355768172235829,-0.9876396354543672,0.6641504857987062,-0.7939228710720099,0.9634946498099172,0.7391403442390929,-0.8936606788281696,0.930980475552067,0.2782073877972355,-0.5323857393823159,0.7412597052682703,-0.1553814754856695,0.2181552826697783,-0.6370793694048575,0.467510762703457,0.9013179415961085,0.7398209403636458,-0.6647357409201708,-0.2241747003259202,-0.3355047431798054,-0.5919145242286772,-0.0711125114872663,-0.4960318932649785,0.2109746625510653,0.7037716911926489,0.0537935717916808,0.8303258149703052,0.4509804533435262,0.812048673576113,0.3198572614335118,0.124345012376545,0.0376519653347308,0.7087405839619015,0.5301656451093854,0.536140960100225,1.0,0.2593829261412693,0.8870882546189327,0.97249395254826,0.7348827192127673,0.4072920691147256,0.7488808834007079,0.4329574939116904,0.520758368451072,0.7807922698263944,0.2563399482132428,0.584407235220781,0.2922789917140518,0.2184608124062872,0.4305793479848529,0.6665719655666714,0.7631060676838742,0.2526086367514689,0.4949213065841927,0.1394625979581518,0.2587179598102804,0.8817121444458791,0.9905015764831716,0.3309971186098161,0.4478804611036112,1.0,0.7678306439356333,0.8600993406456258,0.1542873158369688,0.9408202875659624,0.4736726969238632,0.9695247390870456,0.194822222309766,0.0105914015673661,0.8783678221648753,0.8423845224861549,0.431246573657856,0.0158823365813964,0.663617397619382,0.0001,0.6526579612370316,0.0001,0.1253678952512401,0.2375139129514696,0.8260893889220686,0.0626391947457478,0.4490630410108871,0.0015508508106696,0.0109869723160707,0.7560646495638969,0.9038154324021996,0.984222715579466,0.1310613575624606,0.0600707819629372,0.7591984402389766,0.9211889388666868,0.7486905245638826,0.6961262510434116,0.032827832435994,0.1201987497751255,0.4699238351843882,0.2935044626220946,0.7191164990204989,0.0295294465504363,0.1233248294307712,0.7287270312656217,0.47,7842
0,0,-0.2429408352329221,0.2008486420201762,-0.2752225765349292,0.0946555228180836,0.9771144594206258,0.4847928702994897,0.7412169419044294,0.8491750977064698,0.4813100127746363,0.8230206827915816,-0.9502643714663914,-0.5987456856742244,0.1962011338498883,0.663092290116301,0.790288438450685,0.5722459227228536,0.5337252097193181,-0.031465804698737,0.2443476707967933,0.500318898726958,-0.4352570378336877,-0.0778786903089151,-0.5014184029238218,-0.2548412082069815,0.6157062619024118,-0.542808298814496,-0.2371500654597568,-0.7275424217626365,0.5227319708307125,0.7362805783978197,0.9919005127233044,0.5707915115155033,0.4663472580649483,-0.0093509182436777,-0.365279539834261,0.4696433044764692,-0.551593349964062,-0.1355768172235829,-0.9876396354543672,0.6641504857987062,-0.7939228710720099,0.9634946498099172,0.7391403442390929,-0.8936606788281696,0.930980475552067,0.2782073877972355,-0.5323857393823159,0.7412597052682703,-0.1553814754856695,0.2181552826697783,-0.6370793694048575,0.467510762703457,0.9013179415961085,0.7398209403636458,-0.6647357409201708,-0.2241747003259202,-0.3355047431798054,-0.5919145242286772,-0.0711125114872663,-0.4960318932649785,0.2109746625510653,0.7037716911926489,0.0537935717916808,0.8303258149703052,0.4509804533435262,0.812048673576113,0.3198572614335118,0.124345012376545,0.0376519653347308,0.7087405839619015,0.5301656451093854,0.536140960100225,1.0,0.2593829261412693,0.8870882546189327,0.97249395254826,0.7348827192127673,0.4072920691147256,0.7488808834007079,0.4329574939116904,0.520758368451072,0.7807922698263944,0.2563399482132428,0.584407235220781,0.2922789917140518,0.2184608124062872,0.4305793479848529,0.6665719655666714,0.7631060676838742,0.2526086367514689,0.4949213065841927,0.1394625979581518,0.2587179598102804,0.8817121444458791,0.9905015764831716,0.3309971186098161,0.4478804611036112,1.0,0.7678306439356333,0.8600993406456258,0.1542873158369688,0.9408202875659624,0.4736726969238632,0.9695247390870456,0.194822222309766,0.0105914015673661,0.8783678221648753,0.8423845224861549,0.431246573657856,0.0158823365813964,0.663617397619382,0.0001,0.6526579612370316,0.0001,0.1253678952512401,0.2375139129514696,0.8260893889220686,0.0626391947457478,0.4490630410108871,0.0015508508106696,0.0109869723160707,0.7560646495638969,0.9038154324021996,0.984222715579466,0.1310613575624606,0.0600707819629372,0.7591984402389766,0.9211889388666868,0.7486905245638826,0.6961262510434116,0.032827832435994,0.1201987497751255,0.4699238351843882,0.2935044626220946,0.7191164990204989,0.0295294465504363,0.1233248294307712,0.7287270312656217,0.47,790
0,0,-0.2429408352329221,0.2008486420201762,-0.2752225765349292,0.0946555228180836,0.9771144594206258,0.4847928702994897,0.7412169419044294,0.8491750977064698,0.4813100127746363,0.8230206827915816,-0.9502643714663914,-0.5987456856742244,0.1962011338498883,0.663092290116301,0.790288438450685,0.5722459227228536,0.5337252097193181,-0.031465804698737,0.2443476707967933,0.500318898726958,-0.4352570378336877,-0.0778786903089151,-0.5014184029238218,-0.2548412082069815,0.6157062619024118,-0.542808298814496,-0.2371500654597568,-0.7275424217626365,0.5227319708307125,0.7362805783978197,0.9919005127233044,0.5707915115155033,0.4663472580649483,-0.0093509182436777,-0.365279539834261,0.4696433044764692,-0.551593349964062,-0.1355768172235829,-0.9876396354543672,0.6641504857987062,-0.7939228710720099,0.9634946498099172,0.7391403442390929,-0.8936606788281696,0.930980475552067,0.2782073877972355,-0.5323857393823159,0.7412597052682703,-0.1553814754856695,0.2181552826697783,-0.6370793694048575,0.467510762703457,0.9013179415961085,0.7398209403636458,-0.6647357409201708,-0.2241747003259202,-0.3355047431798054,-0.5919145242286772,-0.0711125114872663,-0.4960318932649785,0.2109746625510653,0.7037716911926489,0.0537935717916808,0.8303258149703052,0.4509804533435262,0.812048673576113,0.3198572614335118,0.124345012376545,0.0376519653347308,0.7087405839619015,0.5301656451093854,0.536140960100225,1.0,0.2593829261412693,0.8870882546189327,0.97249395254826,0.7348827192127673,0.4072920691147256,0.7488808834007079,0.4329574939116904,0.520758368451072,0.7807922698263944,0.2563399482132428,0.584407235220781,0.2922789917140518,0.2184608124062872,0.4305793479848529,0.6665719655666714,0.7631060676838742,0.2526086367514689,0.4949213065841927,0.1394625979581518,0.2587179598102804,0.8817121444458791,0.9905015764831716,0.3309971186098161,0.4478804611036112,1.0,0.7678306439356333,0.8600993406456258,0.1542873158369688,0.9408202875659624,0.4736726969238632,0.9695247390870456,0.194822222309766,0.0105914015673661,0.8783678221648753,0.8423845224861549,0.431246573657856,0.0158823365813964,0.663617397619382,0.0001,0.6526579612370316,0.0001,0.1253678952512401,0.2375139129514696,0.8260893889220686,0.0626391947457478,0.4490630410108871,0.0015508508106696,0.0109869723160707,0.7560646495638969,0.9038154324021996,0.984222715579466,0.1310613575624606,0.0600707819629372,0.7591984402389766,0.9211889388666868,0.7486905245638826,0.6961262510434116,0.032827832435994,0.1201987497751255,0.4699238351843882,0.2935044626220946,0.7191164990204989,0.0295294465504363,0.1233248294307712,0.7287270312656217,0.47,7940
0,0,-0.2429408352329221,0.2008486420201762,-0.2752225765349292,0.0946555228180836,0.9771144594206258,0.4847928702994897,0.7412169419044294,0.8491750977064698,0.4813100127746363,0.8230206827915816,-0.9502643714663914,-0.5987456856742244,0.1962011338498883,0.663092290116301,0.790288438450685,0.5722459227228536,0.5337252097193181,-0.031465804698737,0.2443476707967933,0.500318898726958,-0.4352570378336877,-0.0778786903089151,-0.5014184029238218,-0.2548412082069815,0.6157062619024118,-0.542808298814496,-0.2371500654597568,-0.7275424217626365,0.5227319708307125,0.7362805783978197,0.9919005127233044,0.5707915115155033,0.4663472580649483,-0.0093509182436777,-0.365279539834261,0.4696433044764692,-0.551593349964062,-0.1355768172235829,-0.9876396354543672,0.6641504857987062,-0.7939228710720099,0.9634946498099172,0.7391403442390929,-0.8936606788281696,0.930980475552067,0.2782073877972355,-0.5323857393823159,0.7412597052682703,-0.1553814754856695,0.2181552826697783,-0.6370793694048575,0.467510762703457,0.9013179415961085,0.7398209403636458,-0.6647357409201708,-0.2241747003259202,-0.3355047431798054,-0.5919145242286772,-0.0711125114872663,-0.4960318932649785,0.2109746625510653,0.7037716911926489,0.0537935717916808,0.8303258149703052,0.4509804533435262,0.812048673576113,0.3198572614335118,0.124345012376545,0.0376519653347308,0.7087405839619015,0.5301656451093854,0.536140960100225,1.0,0.2593829261412693,0.8870882546189327,0.97249395254826,0.7348827192127673,0.4072920691147256,0.7488808834007079,0.4329574939116904,0.520758368451072,0.7807922698263944,0.2563399482132428,0.584407235220781,0.2922789917140518,0.2184608124062872,0.4305793479848529,0.6665719655666714,0.7631060676838742,0.2526086367514689,0.4949213065841927,0.1394625979581518,0.2587179598102804,0.8817121444458791,0.9905015764831716,0.3309971186098161,0.4478804611036112,1.0,0.7678306439356333,0.8600993406456258,0.1542873158369688,0.9408202875659624,0.4736726969238632,0.9695247390870456,0.194822222309766,0.0105914015673661,0.8783678221648753,0.8423845224861549,0.431246573657856,0.0158823365813964,0.663617397619382,0.0001,0.6526579612370316,0.0001,0.1253678952512401,0.2375139129514696,0.8260893889220686,0.0626391947457478,0.4490630410108871,0.0015508508106696,0.0109869723160707,0.7560646495638969,0.9038154324021996,0.984222715579466,0.1310613575624606,0.0600707819629372,0.7591984402389766,0.9211889388666868,0.7486905245638826,0.6961262510434116,0.032827832435994,0.1201987497751255,0.4699238351843882,0.2935044626220946,0.7191164990204989,0.0295294465504363,0.1233248294307712,0.7287270312656217,0.47,8038
0,0,-0.2429408352329221,0.2008486420201762,-0.2752225765349292,0.0946555228180836,0.9771144594206258,0.4847928702994897,0.7412169419044294,0.8491750977064698,0.4813100127746363,0.8230206827915816,-0.9502643714663914,-0.5987456856742244,0.1962011338498883,0.663092290116301,0.790288438450685,0.5722459227228536,0.5337252097193181,-0.031465804698737,0.2443476707967933,0.500318898726958,-0.4352570378336877,-0.0778786903089151,-0.5014184029238218,-0.2548412082069815,0.6157062619024118,-0.542808298814496,-0.2371500654597568,-0.7275424217626365,0.5227319708307125,0.7362805783978197,0.9919005127233044,0.5707915115155033,0.4663472580649483,-0.0093509182436777,-0.365279539834261,0.4696433044764692,-0.551593349964062,-0.1355768172235829,-0.9876396354543672,0.6641504857987062,-0.7939228710720099,0.9634946498099172,0.7391403442390929,-0.8936606788281696,0.930980475552067,0.2782073877972355,-0.5323857393823159,0.7412597052682703,-0.1553814754856695,0.2181552826697783,-0.6370793694048575,0.467510762703457,0.9013179415961085,0.7398209403636458,-0.6647357409201708,-0.2241747003259202,-0.3355047431798054,-0.5919145242286772,-0.0711125114872663,-0.4960318932649785,0.2109746625510653,0.7037716911926489,0.0537935717916808,0.8303258149703052,0.4509804533435262,0.812048673576113,0.3198572614335118,0.124345012376545,0.0376519653347308,0.7087405839619015,0.5301656451093854,0.536140960100225,1.0,0.2593829261412693,0.8870882546189327,0.97249395254826,0.7348827192127673,0.4072920691147256,0.7488808834007079,0.4329574939116904,0.520758368451072,0.7807922698263944,0.2563399482132428,0.584407235220781,0.2922789917140518,0.2184608124062872,0.4305793479848529,0.6665719655666714,0.7631060676838742,0.2526086367514689,0.4949213065841927,0.1394625979581518,0.2587179598102804,0.8817121444458791,0.9905015764831716,0.3309971186098161,0.4478804611036112,1.0,0.7678306439356333,0.8600993406456258,0.1542873158369688,0.9408202875659624,0.4736726969238632,0.9695247390870456,0.194822222309766,0.0105914015673661,0.8783678221648753,0.8423845224861549,0.431246573657856,0.0158823365813964,0.663617397619382,0.0001,0.6526579612370316,0.0001,0.1253678952512401,0.2375139129514696,0.8260893889220686,0.0626391947457478,0.4490630410108871,0.0015508508106696,0.0109869723160707,0.7560646495638969,0.9038154324021996,0.984222715579466,0.1310613575624606,0.0600707819629372,0.7591984402389766,0.9211889388666868,0.7486905245638826,0.6961262510434116,0.032827832435994,0.1201987497751255,0.4699238351843882,0.2935044626220946,0.7191164990204989,0.0295294465504363,0.1233248294307712,0.7287270312656217,0.47,8135
0,0,-0.2429408352329221,0.2008486420201762,-0.2752225765349292,0.0946555228180836,0.9771144594206258,0.4847928702994897,0.7412169419044294,0.8491750977064698,0.4813100127746363,0.8230206827915816,-0.9502643714663914,-0.5987456856742244,0.1962011338498883,0.663092290116301,0.790288438450685,0.5722459227228536,0.5337252097193181,-0.031465804698737,0.2443476707967933,0.500318898726958,-0.4352570378336877,-0.0778786903089151,-0.5014184029238218,-0.2548412082069815,0.6157062619024118,-0.542808298814496,-0.2371500654597568,-0.7275424217626365,0.5227319708307125,0.7362805783978197,0.9919005127233044,0.5707915115155033,0.4663472580649483,-0.0093509182436777,-0.365279539834261,0.4696433044764692,-0.551593349964062,-0.1355768172235829,-0.9876396354543672,0.6641504857987062,-0.7939228710720099,0.9634946498099172,0.7391403442390929,-0.8936606788281696,0.930980475552067,0.2782073877972355,-0.5323857393823159,0.7412597052682703,-0.1553814754856695,0.2181552826697783,-0.6370793694048575,0.467510762703457,0.9013179415961085,0.7398209403636458,-0.6647357409201708,-0.2241747003259202,-0.3355047431798054,-0.5919145242286772,-0.0711125114872663,-0.4960318932649785,0.2109746625510653,0.7037716911926489,0.0537935717916808,0.8303258149703052,0.4509804533435262,0.812048673576113,0.3198572614335118,0.124345012376545,0.0376519653347308,0.7087405839619015,0.5301656451093854,0.536140960100225,1.0,0.2593829261412693,0.8870882546189327,0.97249395254826,0.7348827192127673,0.4072920691147256,0.7488808834007079,0.4329574939116904,0.520758368451072,0.7807922698263944,0.2563399482132428,0.584407235220781,0.2922789917140518,0.2184608124062872,0.4305793479848529,0.6665719655666714,0.7631060676838742,0.2526086367514689,0.4949213065841927,0.1394625979581518,0.2587179598102804,0.8817121444458791,0.9905015764831716,0.3309971186098161,0.4478804611036112,1.0,0.7678306439356333,0.8600993406456258,0.1542873158369688,0.9408202875659624,0.4736726969238632,0.9695247390870456,0.194822222309766,0.0105914015673661,0.8783678221648753,0.8423845224861549,0.431246573657856,0.0158823365813964,0.663617397619382,0.0001,0.6526579612370316,0.0001,0.1253678952512401,0.2375139129514696,0.8260893889220686,0.0626391947457478,0.4490630410108871,0.0015508508106696,0.0109869723160707,0.7560646495638969,0.9038154324021996,0.984222715579466,0.1310613575624606,0.0600707819629372,0.7591984402389766,0.9211889388666868,0.7486905245638826,0.6961262510434116,0.032827832435994,0.1201987497751255,0.4699238351843882,0.2935044626220946,0.7191164990204989,0.0295294465504363,0.1233248294307712,0.7287270312656217,0.47,8229
0,0,-0.2429408352329221,0.2008486420201762,-0.2752225765349292,0.0946555228180836,0.9771144594206258,0.4847928702994897,0.7412169419044294,0.8491750977064698,0.4813100127746363,0.8230206827915816,-0.9502643714663914,-0.5987456856742244,0.1962011338498883,0.663092290116301,0.790288438450685,0.5722459227228536,0.5337252097193181,-0.031465804698737,0.2443476707967933,0.500318898726958,-0.4352570378336877,-0.0778786903089151,-0.5014184029238218,-0.2548412082069815,0.6157062619024118,-0.542808298814496,-0.2371500654597568,-0.7275424217626365,0.5227319708307125,0.7362805783978197,0.9919005127233044,0.5707915115155033,0.4663472580649483,-0.0093509182436777,-0.365279539834261,0.4696433044764692,-0.551593349964062,-0.1355768172235829,-0.9876396354543672,0.6641504857987062,-0.7939228710720099,0.9634946498099172,0.7391403442390929,-0.8936606788281696,0.930980475552067,0.2782073877972355,-0.5323857393823159,0.7412597052682703,-0.1553814754856695,0.2181552826697783,-0.6370793694048575,0.467510762703457,0.9013179415961085,0.7398209403636458,-0.6647357409201708,-0.2241747003259202,-0.3355047431798054,-0.5919145242286772,-0.0711125114872663,-0.4960318932649785,0.2109746625510653,0.7037716911926489,0.0537935717916808,0.8303258149703052,0.4509804533435262,0.812048673576113,0.3198572614335118,0.124345012376545,0.0376519653347308,0.7087405839619015,0.5301656451093854,0.536140960100225,1.0,0.2593829261412693,0.8870882546189327,0.97249395254826,0.7348827192127673,0.4072920691147256,0.7488808834007079,0.4329574939116904,0.520758368451072,0.7807922698263944,0.2563399482132428,0.584407235220781,0.2922789917140518,0.2184608124062872,0.4305793479848529,0.6665719655666714,0.7631060676838742,0.2526086367514689,0.4949213065841927,0.1394625979581518,0.2587179598102804,0.8817121444458791,0.9905015764831716,0.3309971186098161,0.4478804611036112,1.0,0.7678306439356333,0.8600993406456258,0.1542873158369688,0.9408202875659624,0.4736726969238632,0.9695247390870456,0.194822222309766,0.0105914015673661,0.8783678221648753,0.8423845224861549,0.431246573657856,0.0158823365813964,0.663617397619382,0.0001,0.6526579612370316,0.0001,0.1253678952512401,0.2375139129514696,0.8260893889220686,0.0626391947457478,0.4490630410108871,0.0015508508106696,0.0109869723160707,0.7560646495638969,0.9038154324021996,0.984222715579466,0.1310613575624606,0.0600707819629372,0.7591984402389766,0.9211889388666868,0.7486905245638826,0.6961262510434116,0.032827832435994,0.1201987497751255,0.4699238351843882,0.2935044626220946,0.7191164990204989,0.0295294465504363,0.1233248294307712,0.7287270312656217,0.47,8327
0,0,-0.2429408352329221,0.2008486420201762,-0.2752225765349292,0.0946555228180836,0.9771144594206258,0.4847928702994897,0.7412169419044294,0.8491750977064698,0.4813100127746363,0.8230206827915816,-0.9502643714663914,-0.5987456856742244,0.1962011338498883,0.663092290116301,0.790288438450685,0.5722459227228536,0.5337252097193181,-0.031465804698737,0.2443476707967933,0.500318898726958,-0.4352570378336877,-0.0778786903089151,-0.5014184029238218,-0.2548412082069815,0.6157062619024118,-0.542808298814496,-0.2371500654597568,-0.7275424217626365,0.5227319708307125,0.7362805783978197,0.9919005127233044,0.5707915115155033,0.4663472580649483,-0.0093509182436777,-0.365279539834261,0.4696433044764692,-0.551593349964062,-0.1355768172235829,-0.9876396354543672,0.6641504857987062,-0.7939228710720099,0.9634946498099172,0.7391403442390929,-0.8936606788281696,0.930980475552067,0.2782073877972355,-0.5323857393823159,0.7412597052682703,-0.1553814754856695,0.2181552826697783,-0.6370793694048575,0.467510762703457,0.9013179415961085,0.7398209403636458,-0.6647357409201708,-0.2241747003259202,-0.3355047431798054,-0.5919145242286772,-0.0711125114872663,-0.4960318932649785,0.2109746625510653,0.7037716911926489,0.0537935717916808,0.8303258149703052,0.4509804533435262,0.812048673576113,0.3198572614335118,0.124345012376545,0.0376519653347308,0.7087405839619015,0.5301656451093854,0.536140960100225,1.0,0.2593829261412693,0.8870882546189327,0.97249395254826,0.7348827192127673,0.4072920691147256,0.7488808834007079,0.4329574939116904,0.520758368451072,0.7807922698263944,0.2563399482132428,0.584407235220781,0.2922789917140518,0.2184608124062872,0.4305793479848529,0.6665719655666714,0.7631060676838742,0.2526086367514689,0.4949213065841927,0.1394625979581518,0.2587179598102804,0.8817121444458791,0.9905015764831716,0.3309971186098161,0.4478804611036112,1.0,0.7678306439356333,0.8600993406456258,0.1542873158369688,0.9408202875659624,0.4736726969238632,0.9695247390870456,0.194822222309766,0.0105914015673661,0.8783678221648753,0.8423845224861549,0.431246573657856,0.0158823365813964,0.663617397619382,0.0001,0.6526579612370316,0.0001,0.1253678952512401,0.2375139129514696,0.8260893889220686,0.0626391947457478,0.4490630410108871,0.0015508508106696,0.0109869723160707,0.7560646495638969,0.9038154324021996,0.984222715579466,0.1310613575624606,0.0600707819629372,0.7591984402389766,0.9211889388666868,0.7486905245638826,0.6961262510434116,0.032827832435994,0.1201987497751255,0.4699238351843882,0.2935044626220946,0.7191164990204989,0.0295294465504363,0.1233248294307712,0.7287270312656217,0.47,8423
0,0,-0.2429408352329221,0.2008486420201762,-0.2752225765349292,0.0946555228180836,0.9771144594206258,0.4847928702994897,0.7412169419044294,0.8491750977064698,0.4813100127746363,0.8230206827915816,-0.9502643714663914,-0.5987456856742244,0.1962011338498883,0.663092290116301,0.790288438450685,0.5722459227228536,0.5337252097193181,-0.031465804698737,0.2443476707967933,0.500318898726958,-0.4352570378336877,-0.0778786903089151,-0.5014184029238218,-0.2548412082069815,0.6157062619024118,-0.542808298814496,-0.2371500654597568,-0.7275424217626365,0.5227319708307125,0.7362805783978197,0.9919005127233044,0.5707915115155033,0.4663472580649483,-0.0093509182436777,-0.365279539834261,0.4696433044764692,-0.551593349964062,-0.1355768172235829,-0.9876396354543672,0.6641504857987062,-0.7939228710720099,0.9634946498099172,0.7391403442390929,-0.8936606788281696,0.930980475552067,0.2782073877972355,-0.5323857393823159,0.7412597052682703,-0.1553814754856695,0.2181552826697783,-0.6370793694048575,0.467510762703457,0.9013179415961085,0.7398209403636458,-0.6647357409201708,-0.2241747003259202,-0.3355047431798054,-0.5919145242286772,-0.0711125114872663,-0.4960318932649785,0.2109746625510653,0.7037716911926489,0.0537935717916808,0.8303258149703052,0.4509804533435262,0.812048673576113,0.3198572614335118,0.124345012376545,0.0376519653347308,0.7087405839619015,0.5301656451093854,0.536140960100225,1.0,0.2593829261412693,0.8870882546189327,0.97249395254826,0.7348827192127673,0.4072920691147256,0.7488808834007079,0.4329574939116904,0.520758368451072,0.7807922698263944,0.2563399482132428,0.584407235220781,0.2922789917140518,0.2184608124062872,0.4305793479848529,0.6665719655666714,0.7631060676838742,0.2526086367514689,0.4949213065841927,0.1394625979581518,0.2587179598102804,0.8817121444458791,0.9905015764831716,0.3309971186098161,0.4478804611036112,1.0,0.7678306439356333,0.8600993406456258,0.1542873158369688,0.9408202875659624,0.4736726969238632,0.9695247390870456,0.194822222309766,0.0105914015673661,0.8783678221648753,0.8423845224861549,0.431246573657856,0.0158823365813964,0.663617397619382,0.0001,0.6526579612370316,0.0001,0.1253678952512401,0.2375139129514696,0.8260893889220686,0.0626391947457478,0.4490630410108871,0.0015508508106696,0.0109869723160707,0.7560646495638969,0.9038154324021996,0.984222715579466,0.1310613575624606,0.0600707819629372,0.7591984402389766,0.9211889388666868,0.7486905245638826,0.6961262510434116,0.032827832435994,0.1201987497751255,0.4699238351843882,0.2935044626220946,0.7191164990204989,0.0295294465504363,0.1233248294307712,0.7287270312656217,0.47,8519
0,0,-0.2429408352329221,0.2008486420201762,-0.2752225765349292,0.0946555228180836,0.9771144594206258,0.4847928702994897,0.7412169419044294,0.8491750977064698,0.4813100127746363,0.8230206827915816,-0.9502643714663914,-0.5987456856742244,0.1962011338498883,0.663092290116301,0.790288438450685,0.5722459227228536,0.5337252097193181,-0.031465804698737,0.2443476707967933,0.500318898726958,-0.4352570378336877,-0.0778786903089151,-0.5014184029238218,-0.2548412082069815,0.6157062619024118,-0.542808298814496,-0.2371500654597568,-0.7275424217626365,0.5227319708307125,0.7362805783978197,0.9919005127233044,0.5707915115155033,0.4663472580649483,-0.0093509182436777,-0.365279539834261,0.4696433044764692,-0.551593349964062,-0.1355768172235829,-0.9876396354543672,0.6641504857987062,-0.7939228710720099,0.9634946498099172,0.7391403442390929,-0.8936606788281696,0.930980475552067,0.2782073877972355,-0.5323857393823159,0.7412597052682703,-0.1553814754856695,0.2181552826697783,-0.6370793694048575,0.467510762703457,0.9013179415961085,0.7398209403636458,-0.6647357409201708,-0.2241747003259202,-0.3355047431798054,-0.5919145242286772,-0.0711125114872663,-0.4960318932649785,0.2109746625510653,0.7037716911926489,0.0537935717916808,0.8303258149703052,0.4509804533435262,0.812048673576113,0.3198572614335118,0.124345012376545,0.0376519653347308,0.7087405839619015,0.5301656451093854,0.536140960100225,1.0,0.2593829261412693,0.8870882546189327,0.97249395254826,0.7348827192127673,0.4072920691147256,0.7488808834007079,0.4329574939116904,0.520758368451072,0.7807922698263944,0.2563399482132428,0.584407235220781,0.2922789917140518,0.2184608124062872,0.4305793479848529,0.6665719655666714,0.7631060676838742,0.2526086367514689,0.4949213065841927,0.1394625979581518,0.2587179598102804,0.8817121444458791,0.9905015764831716,0.3309971186098161,0.4478804611036112,1.0,0.7678306439356333,0.8600993406456258,0.1542873158369688,0.9408202875659624,0.4736726969238632,0.9695247390870456,0.194822222309766,0.0105914015673661,0.8783678221648753,0.8423845224861549,0.431246573657856,0.0158823365813964,0.663617397619382,0.0001,0.6526579612370316,0.0001,0.1253678952512401,0.2375139129514696,0.8260893889220686,0.0626391947457478,0.4490630410108871,0.0015508508106696,0.0109869723160707,0.7560646495638969,0.9038154324021996,0.984222715579466,0.1310613575624606,0.0600707819629372,0.7591984402389766,0.9211889388666868,0.7486905245638826,0.6961262510434116,0.032827832435994,0.1201987497751255,0.4699238351843882,0.2935044626220946,0.7191164990204989,0.0295294465504363,0.1233248294307712,0.7287270312656217,0.47,8613
0,0,-0.2429408352329221,0.2008486420201762,-0.2752225765349292,0.0946555228180836,0.9771144594206258,0.4847928702994897,0.7412169419044294,0.8491750977064698,0.4813100127746363,0.8230206827915816,-0.9502643714663914,-0.5987456856742244,0.1962011338498883,0.663092290116301,0.790288438450685,0.5722459227228536,0.5337252097193181,-0.031465804698737,0.2443476707967933,0.500318898726958,-0.4352570378336877,-0.0778786903089151,-0.5014184029238218,-0.2548412082069815,0.6157062619024118,-0.542808298814496,-0.2371500654597568,-0.7275424217626365,0.5227319708307125,0.7362805783978197,0.9919005127233044,0.5707915115155033,0.4663472580649483,-0.0093509182436777,-0.365279539834261,0.4696433044764692,-0.551593349964062,-0.1355768172235829,-0.9876396354543672,0.6641504857987062,-0.7939228710720099,0.9634946498099172,0.7391403442390929,-0.8936606788281696,0.930980475552067,0.2782073877972355,-0.5323857393823159,0.7412597052682703,-0.1553814754856695,0.2181552826697783,-0.6370793694048575,0.467510762703457,0.9013179415961085,0.7398209403636458,-0.6647357409201708,-0.2241747003259202,-0.3355047431798054,-0.5919145242286772,-0.0711125114872663,-0.4960318932649785,0.2109746625510653,0.7037716911926489,0.0537935717916808,0.8303258149703052,0.4509804533435262,0.812048673576113,0.3198572614335118,0.124345012376545,0.0376519653347308,0.7087405839619015,0.5301656451093854,0.536140960100225,1.0,0.2593829261412693,0.8870882546189327,0.97249395254826,0.7348827192127673,0.4072920691147256,0.7488808834007079,0.4329574939116904,0.520758368451072,0.7807922698263944,0.2563399482132428,0.584407235220781,0.2922789917140518,0.2184608124062872,0.4305793479848529,0.6665719655666714,0.7631060676838742,0.2526086367514689,0.4949213065841927,0.1394625979581518,0.2587179598102804,0.8817121444458791,0.9905015764831716,0.3309971186098161,0.4478804611036112,1.0,0.7678306439356333,0.8600993406456258,0.1542873158369688,0.9408202875659624,0.4736726969238632,0.9695247390870456,0.194822222309766,0.0105914015673661,0.8783678221648753,0.8423845224861549,0.431246573657856,0.0158823365813964,0.663617397619382,0.0001,0.6526579612370316,0.0001,0.1253678952512401,0.2375139129514696,0.8260893889220686,0.0626391947457478,0.4490630410108871,0.0015508508106696,0.0109869723160707,0.7560646495638969,0.9038154324021996,0.984222715579466,0.1310613575624606,0.0600707819629372,0.7591984402389766,0.9211889388666868,0.7486905245638826,0.6961262510434116,0.032827832435994,0.1201987497751255,0.4699238351843882,0.2935044626220946,0.7191164990204989,0.0295294465504363,0.1233248294307712,0.7287270312656217,0.47,8712
0,0,-0.2429408352329221,0.2008486420201762,-0.2752225765349292,0.0946555228180836,0.9771144594206258,0.4847928702994897,0.7412169419044294,0.8491750977064698,0.4813100127746363,0.8230206827915816,-0.9502643714663914,-0.5987456856742244,0.1962011338498883,0.663092290116301,0.790288438450685,0.5722459227228536,0.5337252097193181,-0.031465804698737,0.2443476707967933,0.500318898726958,-0.4352570378336877,-0.0778786903089151,-0.5014184029238218,-0.2548412082069815,0.6157062619024118,-0.542808298814496,-0.2371500654597568,-0.7275424217626365,0.5227319708307125,0.7362805783978197,0.9919005127233044,0.5707915115155033,0.4663472580649483,-0.0093509182436777,-0.365279539834261,0.4696433044764692,-0.551593349964062,-0.1355768172235829,-0.9876396354543672,0.6641504857987062,-0.7939228710720099,0.9634946498099172,0.7391403442390929,-0.8936606788281696,0.930980475552067,0.2782073877972355,-0.5323857393823159,0.7412597052682703,-0.1553814754856695,0.2181552826697783,-0.6370793694048575,0.467510762703457,0.9013179415961085,0.7398209403636458,-0.6647357409201708,-0.2241747003259202,-0.3355047431798054,-0.5919145242286772,-0.0711125114872663,-0.4960318932649785,0.2109746625510653,0.7037716911926489,0.0537935717916808,0.8303258149703052,0.4509804533435262,0.812048673576113,0.3198572614335118,0.124345012376545,0.0376519653347308,0.7087405839619015,0.5301656451093854,0.536140960100225,1.0,0.2593829261412693,0.8870882546189327,0.97249395254826,0.7348827192127673,0.4072920691147256,0.7488808834007079,0.4329574939116904,0.520758368451072,0.7807922698263944,0.2563399482132428,0.584407235220781,0.2922789917140518,0.2184608124062872,0.4305793479848529,0.6665719655666714,0.7631060676838742,0.2526086367514689,0.4949213065841927,0.1394625979581518,0.2587179598102804,0.8817121444458791,0.9905015764831716,0.3309971186098161,0.4478804611036112,1.0,0.7678306439356333,0.8600993406456258,0.1542873158369688,0.9408202875659624,0.4736726969238632,0.9695247390870456,0.194822222309766,0.0105914015673661,0.8783678221648753,0.8423845224861549,0.431246573657856,0.0158823365813964,0.663617397619382,0.0001,0.6526579612370316,0.0001,0.1253678952512401,0.2375139129514696,0.8260893889220686,0.0626391947457478,0.4490630410108871,0.0015508508106696,0.0109869723160707,0.7560646495638969,0.9038154324021996,0.984222715579466,0.1310613575624606,0.0600707819629372,0.7591984402389766,0.9211889388666868,0.7486905245638826,0.6961262510434116,0.032827832435994,0.1201987497751255,0.4699238351843882,0.2935044626220946,0.7191164990204989,0.0295294465504363,0.1233248294307712,0.7287270312656217,0.47,8810
0,0,-0.2429408352329221,0.2008486420201762,-0.2752225765349292,0.0946555228180836,0.9771144594206258,0.4847928702994897,0.7412169419044294,0.8491750977064698,0.4813100127746363,0.8230206827915816,-0.9502643714663914,-0.5987456856742244,0.1962011338498883,0.663092290116301,0.790288438450685,0.5722459227228536,0.5337252097193181,-0.031465804698737,0.2443476707967933,0.500318898726958,-0.4352570378336877,-0.0778786903089151,-0.5014184029238218,-0.2548412082069815,0.6157062619024118,-0.542808298814496,-0.2371500654597568,-0.7275424217626365,0.5227319708307125,0.7362805783978197,0.9919005127233044,0.5707915115155033,0.4663472580649483,-0.0093509182436777,-0.365279539834261,0.4696433044764692,-0.551593349964062,-0.1355768172235829,-0.9876396354543672,0.6641504857987062,-0.7939228710720099,0.9634946498099172,0.7391403442390929,-0.8936606788281696,0.930980475552067,0.2782073877972355,-0.5323857393823159,0.7412597052682703,-0.1553814754856695,0.2181552826697783,-0.6370793694048575,0.467510762703457,0.9013179415961085,0.7398209403636458,-0.6647357409201708,-0.2241747003259202,-0.3355047431798054,-0.5919145242286772,-0.0711125114872663,-0.4960318932649785,0.2109746625510653,0.7037716911926489,0.0537935717916808,0.8303258149703052,0.4509804533435262,0.812048673576113,0.3198572614335118,0.124345012376545,0.0376519653347308,0.7087405839619015,0.5301656451093854,0.536140960100225,1.0,0.2593829261412693,0.8870882546189327,0.97249395254826,0.7348827192127673,0.4072920691147256,0.7488808834007079,0.4329574939116904,0.520758368451072,0.7807922698263944,0.2563399482132428,0.584407235220781,0.2922789917140518,0.2184608124062872,0.4305793479848529,0.6665719655666714,0.7631060676838742,0.2526086367514689,0.4949213065841927,0.1394625979581518,0.2587179598102804,0.8817121444458791,0.9905015764831716,0.3309971186098161,0.4478804611036112,1.0,0.7678306439356333,0.8600993406456258,0.1542873158369688,0.9408202875659624,0.4736726969238632,0.9695247390870456,0.194822222309766,0.0105914015673661,0.8783678221648753,0.8423845224861549,0.431246573657856,0.0158823365813964,0.663617397619382,0.0001,0.6526579612370316,0.0001,0.1253678952512401,0.2375139129514696,0.8260893889220686,0.0626391947457478,0.4490630410108871,0.0015508508106696,0.0109869723160707,0.7560646495638969,0.9038154324021996,0.984222715579466,0.1310613575624606,0.0600707819629372,0.7591984402389766,0.9211889388666868,0.7486905245638826,0.6961262510434116,0.032827832435994,0.1201987497751255,0.4699238351843882,0.2935044626220946,0.7191164990204989,0.0295294465504363,0.1233248294307712,0.7287270312656217,0.47,889
0,0,-0.2429408352329221,0.2008486420201762,-0.2752225765349292,0.0946555228180836,0.9771144594206258,0.4847928702994897,0.7412169419044294,0.8491750977064698,0.4813100127746363,0.8230206827915816,-0.9502643714663914,-0.5987456856742244,0.1962011338498883,0.663092290116301,0.790288438450685,0.5722459227228536,0.5337252097193181,-0.031465804698737,0.2443476707967933,0.500318898726958,-0.4352570378336877,-0.0778786903089151,-0.5014184029238218,-0.2548412082069815,0.6157062619024118,-0.542808298814496,-0.2371500654597568,-0.7275424217626365,0.5227319708307125,0.7362805783978197,0.9919005127233044,0.5707915115155033,0.4663472580649483,-0.0093509182436777,-0.365279539834261,0.4696433044764692,-0.551593349964062,-0.1355768172235829,-0.9876396354543672,0.6641504857987062,-0.7939228710720099,0.9634946498099172,0.7391403442390929,-0.8936606788281696,0.930980475552067,0.2782073877972355,-0.5323857393823159,0.7412597052682703,-0.1553814754856695,0.2181552826697783,-0.6370793694048575,0.467510762703457,0.9013179415961085,0.7398209403636458,-0.6647357409201708,-0.2241747003259202,-0.3355047431798054,-0.5919145242286772,-0.0711125114872663,-0.4960318932649785,0.2109746625510653,0.7037716911926489,0.0537935717916808,0.8303258149703052,0.4509804533435262,0.812048673576113,0.3198572614335118,0.124345012376545,0.0376519653347308,0.7087405839619015,0.5301656451093854,0.536140960100225,1.0,0.2593829261412693,0.8870882546189327,0.97249395254826,0.7348827192127673,0.4072920691147256,0.7488808834007079,0.4329574939116904,0.520758368451072,0.7807922698263944,0.2563399482132428,0.584407235220781,0.2922789917140518,0.2184608124062872,0.4305793479848529,0.6665719655666714,0.7631060676838742,0.2526086367514689,0.4949213065841927,0.1394625979581518,0.2587179598102804,0.8817121444458791,0.9905015764831716,0.3309971186098161,0.4478804611036112,1.0,0.7678306439356333,0.8600993406456258,0.1542873158369688,0.9408202875659624,0.4736726969238632,0.9695247390870456,0.194822222309766,0.0105914015673661,0.8783678221648753,0.8423845224861549,0.431246573657856,0.0158823365813964,0.663617397619382,0.0001,0.6526579612370316,0.0001,0.1253678952512401,0.2375139129514696,0.8260893889220686,0.0626391947457478,0.4490630410108871,0.0015508508106696,0.0109869723160707,0.7560646495638969,0.9038154324021996,0.984222715579466,0.1310613575624606,0.0600707819629372,0.7591984402389766,0.9211889388666868,0.7486905245638826,0.6961262510434116,0.032827832435994,0.1201987497751255,0.4699238351843882,0.2935044626220946,0.7191164990204989,0.0295294465504363,0.1233248294307712,0.7287270312656217,0.47,8908
0,0,-0.2429408352329221,0.2008486420201762,-0.2752225765349292,0.0946555228180836,0.9771144594206258,0.4847928702994897,0.7412169419044294,0.8491750977064698,0.4813100127746363,0.8230206827915816,-0.9502643714663914,-0.5987456856742244,0.1962011338498883,0.663092290116301,0.790288438450685,0.5722459227228536,0.5337252097193181,-0.031465804698737,0.2443476707967933,0.500318898726958,-0.4352570378336877,-0.0778786903089151,-0.5014184029238218,-0.2548412082069815,0.6157062619024118,-0.542808298814496,-0.2371500654597568,-0.7275424217626365,0.5227319708307125,0.7362805783978197,0.9919005127233044,0.5707915115155033,0.4663472580649483,-0.0093509182436777,-0.365279539834261,0.4696433044764692,-0.551593349964062,-0.1355768172235829,-0.9876396354543672,0.6641504857987062,-0.7939228710720099,0.9634946498099172,0.7391403442390929,-0.8936606788281696,0.930980475552067,0.2782073877972355,-0.5323857393823159,0.7412597052682703,-0.1553814754856695,0.2181552826697783,-0.6370793694048575,0.467510762703457,0.9013179415961085,0.7398209403636458,-0.6647357409201708,-0.2241747003259202,-0.3355047431798054,-0.5919145242286772,-0.0711125114872663,-0.4960318932649785,0.2109746625510653,0.7037716911926489,0.0537935717916808,0.8303258149703052,0.4509804533435262,0.812048673576113,0.3198572614335118,0.124345012376545,0.0376519653347308,0.7087405839619015,0.5301656451093854,0.536140960100225,1.0,0.2593829261412693,0.8870882546189327,0.97249395254826,0.7348827192127673,0.4072920691147256,0.7488808834007079,0.4329574939116904,0.520758368451072,0.7807922698263944,0.2563399482132428,0.584407235220781,0.2922789917140518,0.2184608124062872,0.4305793479848529,0.6665719655666714,0.7631060676838742,0.2526086367514689,0.4949213065841927,0.1394625979581518,0.2587179598102804,0.8817121444458791,0.9905015764831716,0.3309971186098161,0.4478804611036112,1.0,0.7678306439356333,0.8600993406456258,0.1542873158369688,0.9408202875659624,0.4736726969238632,0.9695247390870456,0.194822222309766,0.0105914015673661,0.8783678221648753,0.8423845224861549,0.431246573657856,0.0158823365813964,0.663617397619382,0.0001,0.6526579612370316,0.0001,0.1253678952512401,0.2375139129514696,0.8260893889220686,0.0626391947457478,0.4490630410108871,0.0015508508106696,0.0109869723160707,0.7560646495638969,0.9038154324021996,0.984222715579466,0.1310613575624606,0.0600707819629372,0.7591984402389766,0.9211889388666868,0.7486905245638826,0.6961262510434116,0.032827832435994,0.1201987497751255,0.4699238351843882,0.2935044626220946,0.7191164990204989,0.0295294465504363,0.1233248294307712,0.7287270312656217,0.47,9007
0,0,-0.1861418230515134,0.1871500866779602,-0.2403884965284467,0.1383656376361542,0.9202140392286482,0.5052642808131435,0.6850883096701473,-0.271296729833232,0.3855839336195978,0.83514103592887,-0.6912740825370469,-0.6681342833457455,0.1904743070413645,0.6398061940555221,0.7146881871806355,0.5662889429956637,0.5236474681801919,-0.0053432805895542,0.2289395138369506,0.4578027011042599,-0.3106047194023461,-0.0207474514516748,-0.5133182769983275,-0.2465016389438213,0.5956094318976995,-0.5798097434270105,-0.2530379922901624,-0.7086360392973278,0.4718974818222514,0.6997223544338674,0.879633081417968,0.5924905421858206,0.4144616499685639,-0.0473433175361129,-0.3279087226121863,0.4387092203046014,-0.3847523247953381,-0.1433459149624305,-0.9195723590669002,0.6703798622530122,-0.7323373430078307,0.9252388181527113,0.5987226877595068,-0.6634560812365957,0.9006245510254722,0.2762822541059859,-0.4930740858458218,0.7532425142146418,-0.0550653273140963,0.1544170314404737,-0.2489806259853136,0.3931652410951964,0.7453107055283501,0.7143908194368563,-0.5881231228155542,-0.1309289600315749,-0.3149211165869894,-0.5253368421804864,-0.0399256848964826,-0.4326879709779569,0.220061914223285,0.7065326573941703,0.0551755250422218,0.8318296255011555,0.4470265310130546,0.8093203979852709,0.34076266052278,0.12284453558694,0.0312989646746312,0.7114421740729214,0.5378380643574638,0.5459576158467319,0.954786011570426,0.2653775721727342,0.887672999786526,0.9175355957929796,0.2467411975654292,0.4200124393846363,0.7451450724959646,0.4428203799894987,0.516073610952502,0.7613909202589145,0.3103020680645352,0.5637697331186978,0.2707271629475714,0.2553370314313486,0.4063836035871389,0.6842494626688489,0.757385175412484,0.2554278749746348,0.4737991287193071,0.2472262361235216,0.2470204612562363,0.8668414176821118,0.963151375170997,0.6075967824806924,0.4875712806174552,0.8416509931723449,0.7668172127798569,0.8323579357962344,0.161918673060149,0.9848367741524868,0.4462208143865929,0.906590173685826,0.2699219896829632,0.1114851409609532,0.8587325987022125,0.7973633794796008,0.4165555167328629,0.0464959829799627,0.6701071471352632,0.07080309676697,0.6938662612207241,0.0431753469501738,0.1677010064177183,0.2235233699197583,0.7775915355635297,0.1071947000136074,0.4321334702792727,0.0966827964022727,0.011015368764822,0.7555523286115248,0.1148607723508549,0.911199690897951,0.1475341455212083,0.1201587515266732,0.7381256260050217,0.7530350219160588,0.7389538113883135,0.6915618187882367,0.0697008612680864,0.1210100156025004,0.5094366109040468,0.3249986142969659,0.7118277883500154,0.3840212942771715,0.2214174839153744,0.7126502500338389,0.43,9103
0,0,-0.1861418230515134,0.1871500866779602,-0.2403884965284467,0.1383656376361542,0.9202140392286482,0.5052642808131435,0.6850883096701473,-0.271296729833232,0.3855839336195978,0.83514103592887,-0.6912740825370469,-0.6681342833457455,0.1904743070413645,0.6398061940555221,0.7146881871806355,0.5662889429956637,0.5236474681801919,-0.0053432805895542,0.2289395138369506,0.4578027011042599,-0.3106047194023461,-0.0207474514516748,-0.5133182769983275,-0.2465016389438213,0.5956094318976995,-0.5798097434270105,-0.2530379922901624,-0.7086360392973278,0.4718974818222514,0.6997223544338674,0.879633081417968,0.5924905421858206,0.4144616499685639,-0.0473433175361129,-0.3279087226121863,0.4387092203046014,-0.3847523247953381,-0.1433459149624305,-0.9195723590669002,0.6703798622530122,-0.7323373430078307,0.9252388181527113,0.5987226877595068,-0.6634560812365957,0.9006245510254722,0.2762822541059859,-0.4930740858458218,0.7532425142146418,-0.0550653273140963,0.1544170314404737,-0.2489806259853136,0.3931652410951964,0.7453107055283501,0.7143908194368563,-0.5881231228155542,-0.1309289600315749,-0.3149211165869894,-0.5253368421804864,-0.0399256848964826,-0.4326879709779569,0.220061914223285,0.7065326573941703,0.0551755250422218,0.8318296255011555,0.4470265310130546,0.8093203979852709,0.34076266052278,0.12284453558694,0.0312989646746312,0.7114421740729214,0.5378380643574638,0.5459576158467319,0.954786011570426,0.2653775721727342,0.887672999786526,0.9175355957929796,0.2467411975654292,0.4200124393846363,0.7451450724959646,0.4428203799894987,0.516073610952502,0.7613909202589145,0.3103020680645352,0.5637697331186978,0.2707271629475714,0.2553370314313486,0.4063836035871389,0.6842494626688489,0.757385175412484,0.2554278749746348,0.4737991287193071,0.2472262361235216,0.2470204612562363,0.8668414176821118,0.963151375170997,0.6075967824806924,0.4875712806174552,0.8416509931723449,0.7668172127798569,0.8323579357962344,0.161918673060149,0.9848367741524868,0.4462208143865929,0.906590173685826,0.2699219896829632,0.1114851409609532,0.8587325987022125,0.7973633794796008,0.4165555167328629,0.0464959829799627,0.6701071471352632,0.07080309676697,0.6938662612207241,0.0431753469501738,0.1677010064177183,0.2235233699197583,0.7775915355635297,0.1071947000136074,0.4321334702792727,0.0966827964022727,0.011015368764822,0.7555523286115248,0.1148607723508549,0.911199690897951,0.1475341455212083,0.1201587515266732,0.7381256260050217,0.7530350219160588,0.7389538113883135,0.6915618187882367,0.0697008612680864,0.1210100156025004,0.5094366109040468,0.3249986142969659,0.7118277883500154,0.3840212942771715,0.2214174839153744,0.7126502500338389,0.43,9200
0,0,-0.1861418230515134,0.1871500866779602,-0.2403884965284467,0.1383656376361542,0.9202140392286482,0.5052642808131435,0.6850883096701473,-0.271296729833232,0.3855839336195978,0.83514103592887,-0.6912740825370469,-0.6681342833457455,0.1904743070413645,0.6398061940555221,0.7146881871806355,0.5662889429956637,0.5236474681801919,-0.0053432805895542,0.2289395138369506,0.4578027011042599,-0.3106047194023461,-0.0207474514516748,-0.5133182769983275,-0.2465016389438213,0.5956094318976995,-0.5798097434270105,-0.2530379922901624,-0.7086360392973278,0.4718974818222514,0.6997223544338674,0.879633081417968,0.5924905421858206,0.4144616499685639,-0.0473433175361129,-0.3279087226121863,0.4387092203046014,-0.3847523247953381,-0.1433459149624305,-0.9195723590669002,0.6703798622530122,-0.7323373430078307,0.9252388181527113,0.5987226877595068,-0.6634560812365957,0.9006245510254722,0.2762822541059859,-0.4930740858458218,0.7532425142146418,-0.0550653273140963,0.1544170314404737,-0.2489806259853136,0.3931652410951964,0.7453107055283501,0.7143908194368563,-0.5881231228155542,-0.1309289600315749,-0.3149211165869894,-0.5253368421804864,-0.0399256848964826,-0.4326879709779569,0.220061914223285,0.7065326573941703,0.0551755250422218,0.8318296255011555,0.4470265310130546,0.8093203979852709,0.34076266052278,0.12284453558694,0.0312989646746312,0.7114421740729214,0.5378380643574638,0.5459576158467319,0.954786011570426,0.2653775721727342,0.887672999786526,0.9175355957929796,0.2467411975654292,0.4200124393846363,0.7451450724959646,0.4428203799894987,0.516073610952502,0.7613909202589145,0.3103020680645352,0.5637697331186978,0.2707271629475714,0.2553370314313486,0.4063836035871389,0.6842494626688489,0.757385175412484,0.2554278749746348,0.4737991287193071,0.2472262361235216,0.2470204612562363,0.8668414176821118,0.963151375170997,0.6075967824806924,0.4875712806174552,0.8416509931723449,0.7668172127798569,0.8323579357962344,0.161918673060149,0.9848367741524868,0.4462208143865929,0.906590173685826,0.2699219896829632,0.1114851409609532,0.8587325987022125,0.7973633794796008,0.4165555167328629,0.0464959829799627,0.6701071471352632,0.07080309676697,0.6938662612207241,0.0431753469501738,0.1677010064177183,0.2235233699197583,0.7775915355635297,0.1071947000136074,0.4321334702792727,0.0966827964022727,0.011015368764822,0.7555523286115248,0.1148607723508549,0.911199690897951,0.1475341455212083,0.1201587515266732,0.7381256260050217,0.7530350219160588,0.7389538113883135,0.6915618187882367,0.0697008612680864,0.1210100156025004,0.5094366109040468,0.3249986142969659,0.7118277883500154,0.3840212942771715,0.2214174839153744,0.7126502500338389,0.43,9292
0,0,-0.1861418230515134,0.1871500866779602,-0.2403884965284467,0.1383656376361542,0.9202140392286482,0.5052642808131435,0.6850883096701473,-0.271296729833232,0.3855839336195978,0.83514103592887,-0.6912740825370469,-0.6681342833457455,0.1904743070413645,0.6398061940555221,0.7146881871806355,0.5662889429956637,0.5236474681801919,-0.0053432805895542,0.2289395138369506,0.4578027011042599,-0.3106047194023461,-0.0207474514516748,-0.5133182769983275,-0.2465016389438213,0.5956094318976995,-0.5798097434270105,-0.2530379922901624,-0.7086360392973278,0.4718974818222514,0.6997223544338674,0.879633081417968,0.5924905421858206,0.4144616499685639,-0.0473433175361129,-0.3279087226121863,0.4387092203046014,-0.3847523247953381,-0.1433459149624305,-0.9195723590669002,0.6703798622530122,-0.7323373430078307,0.9252388181527113,0.5987226877595068,-0.6634560812365957,0.9006245510254722,0.2762822541059859,-0.4930740858458218,0.7532425142146418,-0.0550653273140963,0.1544170314404737,-0.2489806259853136,0.3931652410951964,0.7453107055283501,0.7143908194368563,-0.5881231228155542,-0.1309289600315749,-0.3149211165869894,-0.5253368421804864,-0.0399256848964826,-0.4326879709779569,0.220061914223285,0.7065326573941703,0.0551755250422218,0.8318296255011555,0.4470265310130546,0.8093203979852709,0.34076266052278,0.12284453558694,0.0312989646746312,0.7114421740729214,0.5378380643574638,0.5459576158467319,0.954786011570426,0.2653775721727342,0.887672999786526,0.9175355957929796,0.2467411975654292,0.4200124393846363,0.7451450724959646,0.4428203799894987,0.516073610952502,0.7613909202589145,0.3103020680645352,0.5637697331186978,0.2707271629475714,0.2553370314313486,0.4063836035871389,0.6842494626688489,0.757385175412484,0.2554278749746348,0.4737991287193071,0.2472262361235216,0.2470204612562363,0.8668414176821118,0.963151375170997,0.6075967824806924,0.4875712806174552,0.8416509931723449,0.7668172127798569,0.8323579357962344,0.161918673060149,0.9848367741524868,0.4462208143865929,0.906590173685826,0.2699219896829632,0.1114851409609532,0.8587325987022125,0.7973633794796008,0.4165555167328629,0.0464959829799627,0.6701071471352632,0.07080309676697,0.6938662612207241,0.0431753469501738,0.1677010064177183,0.2235233699197583,0.7775915355635297,0.1071947000136074,0.4321334702792727,0.0966827964022727,0.011015368764822,0.7555523286115248,0.1148607723508549,0.911199690897951,0.1475341455212083,0.1201587515266732,0.7381256260050217,0.7530350219160588,0.7389538113883135,0.6915618187882367,0.0697008612680864,0.1210100156025004,0.5094366109040468,0.3249986142969659,0.7118277883500154,0.3840212942771715,0.2214174839153744,0.7126502500338389,0.43,9385
0,0,-0.1861418230515134,0.1871500866779602,-0.2403884965284467,0.1383656376361542,0.9202140392286482,0.5052642808131435,0.6850883096701473,-0.271296729833232,0.3855839336195978,0.83514103592887,-0.6912740825370469,-0.6681342833457455,0.1904743070413645,0.6398061940555221,0.7146881871806355,0.5662889429956637,0.5236474681801919,-0.0053432805895542,0.2289395138369506,0.4578027011042599,-0.3106047194023461,-0.0207474514516748,-0.5133182769983275,-0.2465016389438213,0.5956094318976995,-0.5798097434270105,-0.2530379922901624,-0.7086360392973278,0.4718974818222514,0.6997223544338674,0.879633081417968,0.5924905421858206,0.4144616499685639,-0.0473433175361129,-0.3279087226121863,0.4387092203046014,-0.3847523247953381,-0.1433459149624305,-0.9195723590669002,0.6703798622530122,-0.7323373430078307,0.9252388181527113,0.5987226877595068,-0.6634560812365957,0.9006245510254722,0.2762822541059859,-0.4930740858458218,0.7532425142146418,-0.0550653273140963,0.1544170314404737,-0.2489806259853136,0.3931652410951964,0.7453107055283501,0.7143908194368563,-0.5881231228155542,-0.1309289600315749,-0.3149211165869894,-0.5253368421804864,-0.0399256848964826,-0.4326879709779569,0.220061914223285,0.7065326573941703,0.0551755250422218,0.8318296255011555,0.4470265310130546,0.8093203979852709,0.34076266052278,0.12284453558694,0.0312989646746312,0.7114421740729214,0.5378380643574638,0.5459576158467319,0.954786011570426,0.2653775721727342,0.887672999786526,0.9175355957929796,0.2467411975654292,0.4200124393846363,0.7451450724959646,0.4428203799894987,0.516073610952502,0.7613909202589145,0.3103020680645352,0.5637697331186978,0.2707271629475714,0.2553370314313486,0.4063836035871389,0.6842494626688489,0.757385175412484,0.2554278749746348,0.4737991287193071,0.2472262361235216,0.2470204612562363,0.8668414176821118,0.963151375170997,0.6075967824806924,0.4875712806174552,0.8416509931723449,0.7668172127798569,0.8323579357962344,0.161918673060149,0.9848367741524868,0.4462208143865929,0.906590173685826,0.2699219896829632,0.1114851409609532,0.8587325987022125,0.7973633794796008,0.4165555167328629,0.0464959829799627,0.6701071471352632,0.07080309676697,0.6938662612207241,0.0431753469501738,0.1677010064177183,0.2235233699197583,0.7775915355635297,0.1071947000136074,0.4321334702792727,0.0966827964022727,0.011015368764822,0.7555523286115248,0.1148607723508549,0.911199690897951,0.1475341455212083,0.1201587515266732,0.7381256260050217,0.7530350219160588,0.7389538113883135,0.6915618187882367,0.0697008612680864,0.1210100156025004,0.5094366109040468,0.3249986142969659,0.7118277883500154,0.3840212942771715,0.2214174839153744,0.7126502500338389,0.43,9480
0,0,-0.1861418230515134,0.1871500866779602,-0.2403884965284467,0.1383656376361542,0.9202140392286482,0.5052642808131435,0.6850883096701473,-0.271296729833232,0.3855839336195978,0.83514103592887,-0.6912740825370469,-0.6681342833457455,0.1904743070413645,0.6398061940555221,0.7146881871806355,0.5662889429956637,0.5236474681801919,-0.0053432805895542,0.2289395138369506,0.4578027011042599,-0.3106047194023461,-0.0207474514516748,-0.5133182769983275,-0.2465016389438213,0.5956094318976995,-0.5798097434270105,-0.2530379922901624,-0.7086360392973278,0.4718974818222514,0.6997223544338674,0.879633081417968,0.5924905421858206,0.4144616499685639,-0.0473433175361129,-0.3279087226121863,0.4387092203046014,-0.3847523247953381,-0.1433459149624305,-0.9195723590669002,0.6703798622530122,-0.7323373430078307,0.9252388181527113,0.5987226877595068,-0.6634560812365957,0.9006245510254722,0.2762822541059859,-0.4930740858458218,0.7532425142146418,-0.0550653273140963,0.1544170314404737,-0.2489806259853136,0.3931652410951964,0.7453107055283501,0.7143908194368563,-0.5881231228155542,-0.1309289600315749,-0.3149211165869894,-0.5253368421804864,-0.0399256848964826,-0.4326879709779569,0.220061914223285,0.7065326573941703,0.0551755250422218,0.8318296255011555,0.4470265310130546,0.8093203979852709,0.34076266052278,0.12284453558694,0.0312989646746312,0.7114421740729214,0.5378380643574638,0.5459576158467319,0.954786011570426,0.2653775721727342,0.887672999786526,0.9175355957929796,0.2467411975654292,0.4200124393846363,0.7451450724959646,0.4428203799894987,0.516073610952502,0.7613909202589145,0.3103020680645352,0.5637697331186978,0.2707271629475714,0.2553370314313486,0.4063836035871389,0.6842494626688489,0.757385175412484,0.2554278749746348,0.4737991287193071,0.2472262361235216,0.2470204612562363,0.8668414176821118,0.963151375170997,0.6075967824806924,0.4875712806174552,0.8416509931723449,0.7668172127798569,0.8323579357962344,0.161918673060149,0.9848367741524868,0.4462208143865929,0.906590173685826,0.2699219896829632,0.1114851409609532,0.8587325987022125,0.7973633794796008,0.4165555167328629,0.0464959829799627,0.6701071471352632,0.07080309676697,0.6938662612207241,0.0431753469501738,0.1677010064177183,0.2235233699197583,0.7775915355635297,0.1071947000136074,0.4321334702792727,0.0966827964022727,0.011015368764822,0.7555523286115248,0.1148607723508549,0.911199690897951,0.1475341455212083,0.1201587515266732,0.7381256260050217,0.7530350219160588,0.7389538113883135,0.6915618187882367,0.0697008612680864,0.1210100156025004,0.5094366109040468,0.3249986142969659,0.7118277883500154,0.3840212942771715,0.2214174839153744,0.7126502500338389,0.43,9576
0,0,-0.1861418230515134,0.1871500866779602,-0.2403884965284467,0.1383656376361542,0.9202140392286482,0.5052642808131435,0.6850883096701473,-0.271296729833232,0.3855839336195978,0.83514103592887,-0.6912740825370469,-0.6681342833457455,0.1904743070413645,0.6398061940555221,0.7146881871806355,0.5662889429956637,0.5236474681801919,-0.0053432805895542,0.2289395138369506,0.4578027011042599,-0.3106047194023461,-0.0207474514516748,-0.5133182769983275,-0.2465016389438213,0.5956094318976995,-0.5798097434270105,-0.2530379922901624,-0.7086360392973278,0.4718974818222514,0.6997223544338674,0.879633081417968,0.5924905421858206,0.4144616499685639,-0.0473433175361129,-0.3279087226121863,0.4387092203046014,-0.3847523247953381,-0.1433459149624305,-0.9195723590669002,0.6703798622530122,-0.7323373430078307,0.9252388181527113,0.5987226877595068,-0.6634560812365957,0.9006245510254722,0.2762822541059859,-0.4930740858458218,0.7532425142146418,-0.0550653273140963,0.1544170314404737,-0.2489806259853136,0.3931652410951964,0.7453107055283501,0.7143908194368563,-0.5881231228155542,-0.1309289600315749,-0.3149211165869894,-0.5253368421804864,-0.0399256848964826,-0.4326879709779569,0.220061914223285,0.7065326573941703,0.0551755250422218,0.8318296255011555,0.4470265310130546,0.8093203979852709,0.34076266052278,0.12284453558694,0.0312989646746312,0.7114421740729214,0.5378380643574638,0.5459576158467319,0.954786011570426,0.2653775721727342,0.887672999786526,0.9175355957929796,0.2467411975654292,0.4200124393846363,0.7451450724959646,0.4428203799894987,0.516073610952502,0.7613909202589145,0.3103020680645352,0.5637697331186978,0.2707271629475714,0.2553370314313486,0.4063836035871389,0.6842494626688489,0.757385175412484,0.2554278749746348,0.4737991287193071,0.2472262361235216,0.2470204612562363,0.8668414176821118,0.963151375170997,0.6075967824806924,0.4875712806174552,0.8416509931723449,0.7668172127798569,0.8323579357962344,0.161918673060149,0.9848367741524868,0.4462208143865929,0.906590173685826,0.2699219896829632,0.1114851409609532,0.8587325987022125,0.7973633794796008,0.4165555167328629,0.0464959829799627,0.6701071471352632,0.07080309676697,0.6938662612207241,0.0431753469501738,0.1677010064177183,0.2235233699197583,0.7775915355635297,0.1071947000136074,0.4321334702792727,0.0966827964022727,0.011015368764822,0.7555523286115248,0.1148607723508549,0.911199690897951,0.1475341455212083,0.1201587515266732,0.7381256260050217,0.7530350219160588,0.7389538113883135,0.6915618187882367,0.0697008612680864,0.1210100156025004,0.5094366109040468,0.3249986142969659,0.7118277883500154,0.3840212942771715,0.2214174839153744,0.7126502500338389,0.43,9669
0,0,-0.1861418230515134,0.1871500866779602,-0.2403884965284467,0.1383656376361542,0.9202140392286482,0.5052642808131435,0.6850883096701473,-0.271296729833232,0.3855839336195978,0.83514103592887,-0.6912740825370469,-0.6681342833457455,0.1904743070413645,0.6398061940555221,0.7146881871806355,0.5662889429956637,0.5236474681801919,-0.0053432805895542,0.2289395138369506,0.4578027011042599,-0.3106047194023461,-0.0207474514516748,-0.5133182769983275,-0.2465016389438213,0.5956094318976995,-0.5798097434270105,-0.2530379922901624,-0.7086360392973278,0.4718974818222514,0.6997223544338674,0.879633081417968,0.5924905421858206,0.4144616499685639,-0.0473433175361129,-0.3279087226121863,0.4387092203046014,-0.3847523247953381,-0.1433459149624305,-0.9195723590669002,0.6703798622530122,-0.7323373430078307,0.9252388181527113,0.5987226877595068,-0.6634560812365957,0.9006245510254722,0.2762822541059859,-0.4930740858458218,0.7532425142146418,-0.0550653273140963,0.1544170314404737,-0.2489806259853136,0.3931652410951964,0.7453107055283501,0.7143908194368563,-0.5881231228155542,-0.1309289600315749,-0.3149211165869894,-0.5253368421804864,-0.0399256848964826,-0.4326879709779569,0.220061914223285,0.7065326573941703,0.0551755250422218,0.8318296255011555,0.4470265310130546,0.8093203979852709,0.34076266052278,0.12284453558694,0.0312989646746312,0.7114421740729214,0.5378380643574638,0.5459576158467319,0.954786011570426,0.2653775721727342,0.887672999786526,0.9175355957929796,0.2467411975654292,0.4200124393846363,0.7451450724959646,0.4428203799894987,0.516073610952502,0.7613909202589145,0.3103020680645352,0.5637697331186978,0.2707271629475714,0.2553370314313486,0.4063836035871389,0.6842494626688489,0.757385175412484,0.2554278749746348,0.4737991287193071,0.2472262361235216,0.2470204612562363,0.8668414176821118,0.963151375170997,0.6075967824806924,0.4875712806174552,0.8416509931723449,0.7668172127798569,0.8323579357962344,0.161918673060149,0.9848367741524868,0.4462208143865929,0.906590173685826,0.2699219896829632,0.1114851409609532,0.8587325987022125,0.7973633794796008,0.4165555167328629,0.0464959829799627,0.6701071471352632,0.07080309676697,0.6938662612207241,0.0431753469501738,0.1677010064177183,0.2235233699197583,0.7775915355635297,0.1071947000136074,0.4321334702792727,0.0966827964022727,0.011015368764822,0.7555523286115248,0.1148607723508549,0.911199690897951,0.1475341455212083,0.1201587515266732,0.7381256260050217,0.7530350219160588,0.7389538113883135,0.6915618187882367,0.0697008612680864,0.1210100156025004,0.5094366109040468,0.3249986142969659,0.7118277883500154,0.3840212942771715,0.2214174839153744,0.7126502500338389,0.43,9768
0,0,-0.2429408352329221,0.2008486420201762,-0.2752225765349292,0.0946555228180836,0.9771144594206258,0.4847928702994897,0.7412169419044294,0.8491750977064698,0.4813100127746363,0.8230206827915816,-0.9502643714663914,-0.5987456856742244,0.1962011338498883,0.663092290116301,0.790288438450685,0.5722459227228536,0.5337252097193181,-0.031465804698737,0.2443476707967933,0.500318898726958,-0.4352570378336877,-0.0778786903089151,-0.5014184029238218,-0.2548412082069815,0.6157062619024118,-0.542808298814496,-0.2371500654597568,-0.7275424217626365,0.5227319708307125,0.7362805783978197,0.9919005127233044,0.5707915115155033,0.4663472580649483,-0.0093509182436777,-0.365279539834261,0.4696433044764692,-0.551593349964062,-0.1355768172235829,-0.9876396354543672,0.6641504857987062,-0.7939228710720099,0.9634946498099172,0.7391403442390929,-0.8936606788281696,0.930980475552067,0.2782073877972355,-0.5323857393823159,0.7412597052682703,-0.1553814754856695,0.2181552826697783,-0.6370793694048575,0.467510762703457,0.9013179415961085,0.7398209403636458,-0.6647357409201708,-0.2241747003259202,-0.3355047431798054,-0.5919145242286772,-0.0711125114872663,-0.4960318932649785,0.2109746625510653,0.7037716911926489,0.0537935717916808,0.8303258149703052,0.4509804533435262,0.812048673576113,0.3198572614335118,0.124345012376545,0.0376519653347308,0.7087405839619015,0.5301656451093854,0.536140960100225,1.0,0.2593829261412693,0.8870882546189327,0.97249395254826,0.7348827192127673,0.4072920691147256,0.7488808834007079,0.4329574939116904,0.520758368451072,0.7807922698263944,0.2563399482132428,0.584407235220781,0.2922789917140518,0.2184608124062872,0.4305793479848529,0.6665719655666714,0.7631060676838742,0.2526086367514689,0.4949213065841927,0.1394625979581518,0.2587179598102804,0.8817121444458791,0.9905015764831716,0.3309971186098161,0.4478804611036112,1.0,0.7678306439356333,0.8600993406456258,0.1542873158369688,0.9408202875659624,0.4736726969238632,0.9695247390870456,0.194822222309766,0.0105914015673661,0.8783678221648753,0.8423845224861549,0.431246573657856,0.0158823365813964,0.663617397619382,0.0001,0.6526579612370316,0.0001,0.1253678952512401,0.2375139129514696,0.8260893889220686,0.0626391947457478,0.4490630410108871,0.0015508508106696,0.0109869723160707,0.7560646495638969,0.9038154324021996,0.984222715579466,0.1310613575624606,0.0600707819629372,0.7591984402389766,0.9211889388666868,0.7486905245638826,0.6961262510434116,0.032827832435994,0.1201987497751255,0.4699238351843882,0.2935044626220946,0.7191164990204989,0.0295294465504363,0.1233248294307712,0.7287270312656217,0.47,983
0,0,-0.1861418230515134,0.1871500866779602,-0.2403884965284467,0.1383656376361542,0.9202140392286482,0.5052642808131435,0.6850883096701473,-0.271296729833232,0.3855839336195978,0.83514103592887,-0.6912740825370469,-0.6681342833457455,0.1904743070413645,0.6398061940555221,0.7146881871806355,0.5662889429956637,0.5236474681801919,-0.0053432805895542,0.2289395138369506,0.4578027011042599,-0.3106047194023461,-0.0207474514516748,-0.5133182769983275,-0.2465016389438213,0.5956094318976995,-0.5798097434270105,-0.2530379922901624,-0.7086360392973278,0.4718974818222514,0.6997223544338674,0.879633081417968,0.5924905421858206,0.4144616499685639,-0.0473433175361129,-0.3279087226121863,0.4387092203046014,-0.3847523247953381,-0.1433459149624305,-0.9195723590669002,0.6703798622530122,-0.7323373430078307,0.9252388181527113,0.5987226877595068,-0.6634560812365957,0.9006245510254722,0.2762822541059859,-0.4930740858458218,0.7532425142146418,-0.0550653273140963,0.1544170314404737,-0.2489806259853136,0.3931652410951964,0.7453107055283501,0.7143908194368563,-0.5881231228155542,-0.1309289600315749,-0.3149211165869894,-0.5253368421804864,-0.0399256848964826,-0.4326879709779569,0.220061914223285,0.7065326573941703,0.0551755250422218,0.8318296255011555,0.4470265310130546,0.8093203979852709,0.34076266052278,0.12284453558694,0.0312989646746312,0.7114421740729214,0.5378380643574638,0.5459576158467319,0.954786011570426,0.2653775721727342,0.887672999786526,0.9175355957929796,0.2467411975654292,0.4200124393846363,0.7451450724959646,0.4428203799894987,0.516073610952502,0.7613909202589145,0.3103020680645352,0.5637697331186978,0.2707271629475714,0.2553370314313486,0.4063836035871389,0.6842494626688489,0.757385175412484,0.2554278749746348,0.4737991287193071,0.2472262361235216,0.2470204612562363,0.8668414176821118,0.963151375170997,0.6075967824806924,0.4875712806174552,0.8416509931723449,0.7668172127798569,0.8323579357962344,0.161918673060149,0.9848367741524868,0.4462208143865929,0.906590173685826,0.2699219896829632,0.1114851409609532,0.8587325987022125,0.7973633794796008,0.4165555167328629,0.0464959829799627,0.6701071471352632,0.07080309676697,0.6938662612207241,0.0431753469501738,0.1677010064177183,0.2235233699197583,0.7775915355635297,0.1071947000136074,0.4321334702792727,0.0966827964022727,0.011015368764822,0.7555523286115248,0.1148607723508549,0.911199690897951,0.1475341455212083,0.1201587515266732,0.7381256260050217,0.7530350219160588,0.7389538113883135,0.6915618187882367,0.0697008612680864,0.1210100156025004,0.5094366109040468,0.3249986142969659,0.7118277883500154,0.3840212942771715,0.2214174839153744,0.7126502500338389,0.43,9862
0,0,-0.1861418230515134,0.1871500866779602,-0.2403884965284467,0.1383656376361542,0.9202140392286482,0.5052642808131435,0.6850883096701473,-0.271296729833232,0.3855839336195978,0.83514103592887,-0.6912740825370469,-0.6681342833457455,0.1904743070413645,0.6398061940555221,0.7146881871806355,0.5662889429956637,0.5236474681801919,-0.0053432805895542,0.2289395138369506,0.4578027011042599,-0.3106047194023461,-0.0207474514516748,-0.5133182769983275,-0.2465016389438213,0.5956094318976995,-0.5798097434270105,-0.2530379922901624,-0.7086360392973278,0.4718974818222514,0.6997223544338674,0.879633081417968,0.5924905421858206,0.4144616499685639,-0.0473433175361129,-0.3279087226121863,0.4387092203046014,-0.3847523247953381,-0.1433459149624305,-0.9195723590669002,0.6703798622530122,-0.7323373430078307,0.9252388181527113,0.5987226877595068,-0.6634560812365957,0.9006245510254722,0.2762822541059859,-0.4930740858458218,0.7532425142146418,-0.0550653273140963,0.1544170314404737,-0.2489806259853136,0.3931652410951964,0.7453107055283501,0.7143908194368563,-0.5881231228155542,-0.1309289600315749,-0.3149211165869894,-0.5253368421804864,-0.0399256848964826,-0.4326879709779569,0.220061914223285,0.7065326573941703,0.0551755250422218,0.8318296255011555,0.4470265310130546,0.8093203979852709,0.34076266052278,0.12284453558694,0.0312989646746312,0.7114421740729214,0.5378380643574638,0.5459576158467319,0.954786011570426,0.2653775721727342,0.887672999786526,0.9175355957929796,0.2467411975654292,0.4200124393846363,0.7451450724959646,0.4428203799894987,0.516073610952502,0.7613909202589145,0.3103020680645352,0.5637697331186978,0.2707271629475714,0.2553370314313486,0.4063836035871389,0.6842494626688489,0.757385175412484,0.2554278749746348,0.4737991287193071,0.2472262361235216,0.2470204612562363,0.8668414176821118,0.963151375170997,0.6075967824806924,0.4875712806174552,0.8416509931723449,0.7668172127798569,0.8323579357962344,0.161918673060149,0.9848367741524868,0.4462208143865929,0.906590173685826,0.2699219896829632,0.1114851409609532,0.8587325987022125,0.7973633794796008,0.4165555167328629,0.0464959829799627,0.6701071471352632,0.07080309676697,0.6938662612207241,0.0431753469501738,0.1677010064177183,0.2235233699197583,0.7775915355635297,0.1071947000136074,0.4321334702792727,0.0966827964022727,0.011015368764822,0.7555523286115248,0.1148607723508549,0.911199690897951,0.1475341455212083,0.1201587515266732,0.7381256260050217,0.7530350219160588,0.7389538113883135,0.6915618187882367,0.0697008612680864,0.1210100156025004,0.5094366109040468,0.3249986142969659,0.7118277883500154,0.3840212942771715,0.2214174839153744,0.7126502500338389,0.43,9956
